name,span_kind,parent_id,start_time,end_time,status_code,status_message,events,context.span_id,context.trace_id,attributes.user.id,attributes.input.mime_type,attributes.openinference.span.kind,attributes.output.mime_type,attributes.llm.input_messages,attributes.gcp,attributes.llm.invocation_parameters,attributes.llm.token_count.total,attributes.llm.token_count.completion,attributes.gen_ai,attributes.input.value,attributes.llm.token_count.prompt,attributes.output.value,attributes.llm.prompt_template.variables,attributes.llm.provider,attributes.llm.model_name,attributes.session.id,attributes.llm.output_messages,attributes.llm.prompt_template.version,attributes.llm.prompt_template.template
call_llm,LLM,e5083396278ad70f,2025-08-15 06:42:43.053744+00:00,2025-08-15 06:42:46.494652+00:00,OK,,[],63b4b524a67837bd,2ab7a012125b6b8e45cdb3487db496b2,u,application/json,LLM,application/json,"[{'message.role': 'system', 'message.content': 'You are a strict RAG agent. Use only the provided context. If the context does not contain the answer, reply that you don\'t know. Cite supporting chunk ids in square brackets, e.g., [row::12__chunk::0]. Be concise.\n\nYou are an agent. Your internal name is ""adk_rag_minimal_agent"".\n\n The description about you is ""Minimal RAG over CSV corpus""'}, {'message.role': 'user', 'message.contents': [{'message_content.type': 'text', 'message_content.text': 'Query: How do I set up my company email on my mobile device?\n\nContext:\n[row::0__chunk::0] **Setting Up a Mobile Device for Company Email**\n\n**Prerequisites:**\n\n* Mobile device with a supported operating system (iOS, Android, or Windows)\n* Company email account credentials\n* Mobile device management (MDM) profile installed (if required by company policy)\n\n**Step 1: Ensure Mobile Device Management (MDM) Profile is Installed (if required)**\n\nIf your company requires MDM for mobile devices, ensure that the profile is installed on your device. This profile will allow your device to connect to the company network and access company email. If you are unsure whether MDM is required, contact your IT department for assistance.\n\n**Step 2: Set Up Email Account on Mobile Device**\n\n1. Go to the Settings app on your mobile device.\n2. Select ""Mail"" or ""Email"" (depending on your device\'s operating system).\n3. Tap ""Add Account"" or ""Create a new account"".\n4. Select ""Exchange"" or ""Corporate"" as the account type.\n5. Enter your company email address and password.\n6. If prompted, enter the company\'s email server address (e.g., mail.company.com).\n7. Select the desired synchronization options (e.g., sync email, contacts, calendar).\n\n**Step 3: Configure Email Settings**\n\n1. In the email account \n\n[row::0__chunk::2] unt settings.\n\n**Additional Information:**\n\n* For security reasons, it is recommended to set up a password or PIN lock on your mobile device.\n* Company email policies may require additional security measures, such as encryption or two-factor authentication. Contact your IT department for more information.\n* If you need further assistance or have questions about company email policies, contact your IT department or refer to the company\'s email policy documentation.\n\n[row::0__chunk::1] \n7. Select the desired synchronization options (e.g., sync email, contacts, calendar).\n\n**Step 3: Configure Email Settings**\n\n1. In the email account settings, select the ""Advanced"" or ""Security"" option.\n2. Ensure that the ""Use SSL/TLS"" or ""Use secure connection"" option is enabled.\n3. Set the authentication method to ""Username and Password"" or ""Domain\\Username"".\n4. If prompted, enter your company\'s email domain (e.g., company.com).\n\n**Step 4: Verify Email Account**\n\n1. Wait for the email account to synchronize with the company email server.\n2. Send a test email to yourself or a colleague to verify that email is sending and receiving correctly.\n\n**Troubleshooting Tips:**\n\n* If you encounter issues setting up your email account, ensure that your device has a stable internet connection and that your email credentials are correct.\n* If you are unable to connect to the company email server, contact your IT department for assistance.\n* If you experience issues with email synchronization, try restarting your device or checking the email account settings.\n\n**Additional Information:**\n\n* For security reasons, it is recommended to set up a password or PIN lock on your mobile device.\n* Compan\n\n[row::9__chunk::0] **Configuring Email on an Android Device**\n\nThis article provides step-by-step instructions on how to configure email on an Android device. Please follow the steps below to set up your email account on your Android device.\n\n**Prerequisites:**\n\n* An Android device with a valid internet connection\n* A valid email account (company email or personal email)\n* Email account credentials (username and password)\n\n**Step 1: Go to the Email App**\n\n* Locate the Email app on your Android device. It may be on the home screen or in the app drawer.\n* Tap on the Email app to open it.\n\n**Step 2: Add a New Account**\n\n* Tap on the ""Add account"" or ""Add email account"" button.\n* Select ""Email"" or ""Corporate"" as the account type, depending on your email provider.\n* Enter your email address and password in the required fields.\n* Tap ""Next"" to proceed.\n\n**Step 3: Configure Server Settings**\n\n* The device will attempt to automatically configure the server settings. If it fails, you will need to enter the settings manually.\n* Tap on ""Manual setup"" or ""Advanced setup"" to enter the server settings manually.\n* Enter the following information:\n\t+ Incoming server: [company email server or personal email server]\n\t\n\nAnswer:'}]}]","{'vertex': {'agent': {'llm_response': '{""content"":{""parts"":[{""text"":""To set up your company email on your mobile device:\\n1. Ensure your device meets the prerequisites, including having a supported OS and your company email credentials [row::0__chunk::0]. If required, ensure the Mobile Device Management (MDM) profile is installed [row::0__chunk::0].\\n2. Go to your device\'s Settings, select \\""Mail\\"" or \\""Email,\\"" and tap \\""Add Account\\"" [row::0__chunk::0].\\n3. Select \\""Exchange\\"" or \\""Corporate\\"" as the account type, and enter your email address and password [row::0__chunk::0].\\n4. Enter the company\'s email server address if prompted [row::0__chunk::0].\\n5. Select your desired synchronization options [row::0__chunk::0].\\n6. Configure advanced settings such as SSL/TLS and authentication method [row::0__chunk::1].\\n7. Verify the email account by sending a test email [row::0__chunk::1].""}],""role"":""model""},""usage_metadata"":{""candidates_token_count"":213,""candidates_tokens_details"":[{""modality"":""TEXT"",""token_count"":213}],""prompt_token_count"":1066,""prompt_tokens_details"":[{""modality"":""TEXT"",""token_count"":1066}],""total_token_count"":1279,""traffic_type"":""ON_DEMAND""}}', 'llm_request': '{""model"": ""gemini-2.0-flash"", ""config"": {""system_instruction"": ""You are a strict RAG agent. Use only the provided context. If the context does not contain the answer, reply that you don\'t know. Cite supporting chunk ids in square brackets, e.g., [row::12__chunk::0]. Be concise.\\n\\nYou are an agent. Your internal name is \\""adk_rag_minimal_agent\\"".\\n\\n The description about you is \\""Minimal RAG over CSV corpus\\"""", ""temperature"": 0.0, ""labels"": {""adk_agent_name"": ""adk_rag_minimal_agent""}}, ""contents"": [{""parts"": [{""text"": ""Query: How do I set up my company email on my mobile device?\\n\\nContext:\\n[row::0__chunk::0] **Setting Up a Mobile Device for Company Email**\\n\\n**Prerequisites:**\\n\\n* Mobile device with a supported operating system (iOS, Android, or Windows)\\n* Company email account credentials\\n* Mobile device management (MDM) profile installed (if required by company policy)\\n\\n**Step 1: Ensure Mobile Device Management (MDM) Profile is Installed (if required)**\\n\\nIf your company requires MDM for mobile devices, ensure that the profile is installed on your device. This profile will allow your device to connect to the company network and access company email. If you are unsure whether MDM is required, contact your IT department for assistance.\\n\\n**Step 2: Set Up Email Account on Mobile Device**\\n\\n1. Go to the Settings app on your mobile device.\\n2. Select \\""Mail\\"" or \\""Email\\"" (depending on your device\'s operating system).\\n3. Tap \\""Add Account\\"" or \\""Create a new account\\"".\\n4. Select \\""Exchange\\"" or \\""Corporate\\"" as the account type.\\n5. Enter your company email address and password.\\n6. If prompted, enter the company\'s email server address (e.g., mail.company.com).\\n7. Select the desired synchronization options (e.g., sync email, contacts, calendar).\\n\\n**Step 3: Configure Email Settings**\\n\\n1. In the email account \\n\\n[row::0__chunk::2] unt settings.\\n\\n**Additional Information:**\\n\\n* For security reasons, it is recommended to set up a password or PIN lock on your mobile device.\\n* Company email policies may require additional security measures, such as encryption or two-factor authentication. Contact your IT department for more information.\\n* If you need further assistance or have questions about company email policies, contact your IT department or refer to the company\'s email policy documentation.\\n\\n[row::0__chunk::1] \\n7. Select the desired synchronization options (e.g., sync email, contacts, calendar).\\n\\n**Step 3: Configure Email Settings**\\n\\n1. In the email account settings, select the \\""Advanced\\"" or \\""Security\\"" option.\\n2. Ensure that the \\""Use SSL/TLS\\"" or \\""Use secure connection\\"" option is enabled.\\n3. Set the authentication method to \\""Username and Password\\"" or \\""Domain\\\\Username\\"".\\n4. If prompted, enter your company\'s email domain (e.g., company.com).\\n\\n**Step 4: Verify Email Account**\\n\\n1. Wait for the email account to synchronize with the company email server.\\n2. Send a test email to yourself or a colleague to verify that email is sending and receiving correctly.\\n\\n**Troubleshooting Tips:**\\n\\n* If you encounter issues setting up your email account, ensure that your device has a stable internet connection and that your email credentials are correct.\\n* If you are unable to connect to the company email server, contact your IT department for assistance.\\n* If you experience issues with email synchronization, try restarting your device or checking the email account settings.\\n\\n**Additional Information:**\\n\\n* For security reasons, it is recommended to set up a password or PIN lock on your mobile device.\\n* Compan\\n\\n[row::9__chunk::0] **Configuring Email on an Android Device**\\n\\nThis article provides step-by-step instructions on how to configure email on an Android device. Please follow the steps below to set up your email account on your Android device.\\n\\n**Prerequisites:**\\n\\n* An Android device with a valid internet connection\\n* A valid email account (company email or personal email)\\n* Email account credentials (username and password)\\n\\n**Step 1: Go to the Email App**\\n\\n* Locate the Email app on your Android device. It may be on the home screen or in the app drawer.\\n* Tap on the Email app to open it.\\n\\n**Step 2: Add a New Account**\\n\\n* Tap on the \\""Add account\\"" or \\""Add email account\\"" button.\\n* Select \\""Email\\"" or \\""Corporate\\"" as the account type, depending on your email provider.\\n* Enter your email address and password in the required fields.\\n* Tap \\""Next\\"" to proceed.\\n\\n**Step 3: Configure Server Settings**\\n\\n* The device will attempt to automatically configure the server settings. If it fails, you will need to enter the settings manually.\\n* Tap on \\""Manual setup\\"" or \\""Advanced setup\\"" to enter the server settings manually.\\n* Enter the following information:\\n\\t+ Incoming server: [company email server or personal email server]\\n\\t\\n\\nAnswer:""}], ""role"": ""user""}]}', 'session_id': 's-1129c8583565', 'invocation_id': 'e-fb85b47b-0b54-4b5c-9004-4794c7311456', 'event_id': 'dhgkiV3j'}}}","{""system_instruction"":""You are a strict RAG agent. Use only the provided context. If the context does not contain the answer, reply that you don't know. Cite supporting chunk ids in square brackets, e.g., [row::12__chunk::0]. Be concise.\n\nYou are an agent. Your internal name is \""adk_rag_minimal_agent\"".\n\n The description about you is \""Minimal RAG over CSV corpus\"""",""temperature"":0.0,""labels"":{""adk_agent_name"":""adk_rag_minimal_agent""}}",1279.0,213.0,"{'system': 'gcp.vertex.agent', 'request': {'model': 'gemini-2.0-flash'}}","{""model"": ""gemini-2.0-flash"", ""config"": {""system_instruction"": ""You are a strict RAG agent. Use only the provided context. If the context does not contain the answer, reply that you don't know. Cite supporting chunk ids in square brackets, e.g., [row::12__chunk::0]. Be concise.\n\nYou are an agent. Your internal name is \""adk_rag_minimal_agent\"".\n\n The description about you is \""Minimal RAG over CSV corpus\"""", ""temperature"": 0.0, ""labels"": {""adk_agent_name"": ""adk_rag_minimal_agent""}}, ""contents"": [{""parts"": [{""text"": ""Query: How do I set up my company email on my mobile device?\n\nContext:\n[row::0__chunk::0] **Setting Up a Mobile Device for Company Email**\n\n**Prerequisites:**\n\n* Mobile device with a supported operating system (iOS, Android, or Windows)\n* Company email account credentials\n* Mobile device management (MDM) profile installed (if required by company policy)\n\n**Step 1: Ensure Mobile Device Management (MDM) Profile is Installed (if required)**\n\nIf your company requires MDM for mobile devices, ensure that the profile is installed on your device. This profile will allow your device to connect to the company network and access company email. If you are unsure whether MDM is required, contact your IT department for assistance.\n\n**Step 2: Set Up Email Account on Mobile Device**\n\n1. Go to the Settings app on your mobile device.\n2. Select \""Mail\"" or \""Email\"" (depending on your device's operating system).\n3. Tap \""Add Account\"" or \""Create a new account\"".\n4. Select \""Exchange\"" or \""Corporate\"" as the account type.\n5. Enter your company email address and password.\n6. If prompted, enter the company's email server address (e.g., mail.company.com).\n7. Select the desired synchronization options (e.g., sync email, contacts, calendar).\n\n**Step 3: Configure Email Settings**\n\n1. In the email account \n\n[row::0__chunk::2] unt settings.\n\n**Additional Information:**\n\n* For security reasons, it is recommended to set up a password or PIN lock on your mobile device.\n* Company email policies may require additional security measures, such as encryption or two-factor authentication. Contact your IT department for more information.\n* If you need further assistance or have questions about company email policies, contact your IT department or refer to the company's email policy documentation.\n\n[row::0__chunk::1] \n7. Select the desired synchronization options (e.g., sync email, contacts, calendar).\n\n**Step 3: Configure Email Settings**\n\n1. In the email account settings, select the \""Advanced\"" or \""Security\"" option.\n2. Ensure that the \""Use SSL/TLS\"" or \""Use secure connection\"" option is enabled.\n3. Set the authentication method to \""Username and Password\"" or \""Domain\\Username\"".\n4. If prompted, enter your company's email domain (e.g., company.com).\n\n**Step 4: Verify Email Account**\n\n1. Wait for the email account to synchronize with the company email server.\n2. Send a test email to yourself or a colleague to verify that email is sending and receiving correctly.\n\n**Troubleshooting Tips:**\n\n* If you encounter issues setting up your email account, ensure that your device has a stable internet connection and that your email credentials are correct.\n* If you are unable to connect to the company email server, contact your IT department for assistance.\n* If you experience issues with email synchronization, try restarting your device or checking the email account settings.\n\n**Additional Information:**\n\n* For security reasons, it is recommended to set up a password or PIN lock on your mobile device.\n* Compan\n\n[row::9__chunk::0] **Configuring Email on an Android Device**\n\nThis article provides step-by-step instructions on how to configure email on an Android device. Please follow the steps below to set up your email account on your Android device.\n\n**Prerequisites:**\n\n* An Android device with a valid internet connection\n* A valid email account (company email or personal email)\n* Email account credentials (username and password)\n\n**Step 1: Go to the Email App**\n\n* Locate the Email app on your Android device. It may be on the home screen or in the app drawer.\n* Tap on the Email app to open it.\n\n**Step 2: Add a New Account**\n\n* Tap on the \""Add account\"" or \""Add email account\"" button.\n* Select \""Email\"" or \""Corporate\"" as the account type, depending on your email provider.\n* Enter your email address and password in the required fields.\n* Tap \""Next\"" to proceed.\n\n**Step 3: Configure Server Settings**\n\n* The device will attempt to automatically configure the server settings. If it fails, you will need to enter the settings manually.\n* Tap on \""Manual setup\"" or \""Advanced setup\"" to enter the server settings manually.\n* Enter the following information:\n\t+ Incoming server: [company email server or personal email server]\n\t\n\nAnswer:""}], ""role"": ""user""}]}",1066.0,"{""content"":{""parts"":[{""text"":""To set up your company email on your mobile device:\n1. Ensure your device meets the prerequisites, including having a supported OS and your company email credentials [row::0__chunk::0]. If required, ensure the Mobile Device Management (MDM) profile is installed [row::0__chunk::0].\n2. Go to your device's Settings, select \""Mail\"" or \""Email,\"" and tap \""Add Account\"" [row::0__chunk::0].\n3. Select \""Exchange\"" or \""Corporate\"" as the account type, and enter your email address and password [row::0__chunk::0].\n4. Enter the company's email server address if prompted [row::0__chunk::0].\n5. Select your desired synchronization options [row::0__chunk::0].\n6. Configure advanced settings such as SSL/TLS and authentication method [row::0__chunk::1].\n7. Verify the email account by sending a test email [row::0__chunk::1].""}],""role"":""model""},""usage_metadata"":{""candidates_token_count"":213,""candidates_tokens_details"":[{""modality"":""TEXT"",""token_count"":213}],""prompt_token_count"":1066,""prompt_tokens_details"":[{""modality"":""TEXT"",""token_count"":1066}],""total_token_count"":1279,""traffic_type"":""ON_DEMAND""}}","{'query': 'How do I set up my company email on my mobile device?', 'context': '[row::0__chunk::0] **Setting Up a Mobile Device for Company Email**\n\n**Prerequisites:**\n\n* Mobile device with a supported operating system (iOS, Android, or Windows)\n* Company email account credentials\n* Mobile device management (MDM) profile installed (if required by company policy)\n\n**Step 1: Ensure Mobile Device Management (MDM) Profile is Installed (if required)**\n\nIf your company requires MDM for mobile devices, ensure that the profile is installed on your device. This profile will allow your device to connect to the company network and access company email. If you are unsure whether MDM is required, contact your IT department for assistance.\n\n**Step 2: Set Up Email Account on Mobile Device**\n\n1. Go to the Settings app on your mobile device.\n2. Select ""Mail"" or ""Email"" (depending on your device\'s operating system).\n3. Tap ""Add Account"" or ""Create a new account"".\n4. Select ""Exchange"" or ""Corporate"" as the account type.\n5. Enter your company email address and password.\n6. If prompted, enter the company\'s email server address (e.g., mail.company.com).\n7. Select the desired synchronization options (e.g., sync email, contacts, calendar).\n\n**Step 3: Configure Email Settings**\n\n1. In the email account \n\n[row::0__chunk::2] unt settings.\n\n**Additional Information:**\n\n* For security reasons, it is recommended to set up a password or PIN lock on your mobile device.\n* Company email policies may require additional security measures, such as encryption or two-factor authentication. Contact your IT department for more information.\n* If you need further assistance or have questions about company email policies, contact your IT department or refer to the company\'s email policy documentation.\n\n[row::0__chunk::1] \n7. Select the desired synchronization options (e.g., sync email, contacts, calendar).\n\n**Step 3: Configure Email Settings**\n\n1. In the email account settings, select the ""Advanced"" or ""Security"" option.\n2. Ensure that the ""Use SSL/TLS"" or ""Use secure connection"" option is enabled.\n3. Set the authentication method to ""Username and Password"" or ""Domain\\Username"".\n4. If prompted, enter your company\'s email domain (e.g., company.com).\n\n**Step 4: Verify Email Account**\n\n1. Wait for the email account to synchronize with the company email server.\n2. Send a test email to yourself or a colleague to verify that email is sending and receiving correctly.\n\n**Troubleshooting Tips:**\n\n* If you encounter issues setting up your email account, ensure that your device has a stable internet connection and that your email credentials are correct.\n* If you are unable to connect to the company email server, contact your IT department for assistance.\n* If you experience issues with email synchronization, try restarting your device or checking the email account settings.\n\n**Additional Information:**\n\n* For security reasons, it is recommended to set up a password or PIN lock on your mobile device.\n* Compan\n\n[row::9__chunk::0] **Configuring Email on an Android Device**\n\nThis article provides step-by-step instructions on how to configure email on an Android device. Please follow the steps below to set up your email account on your Android device.\n\n**Prerequisites:**\n\n* An Android device with a valid internet connection\n* A valid email account (company email or personal email)\n* Email account credentials (username and password)\n\n**Step 1: Go to the Email App**\n\n* Locate the Email app on your Android device. It may be on the home screen or in the app drawer.\n* Tap on the Email app to open it.\n\n**Step 2: Add a New Account**\n\n* Tap on the ""Add account"" or ""Add email account"" button.\n* Select ""Email"" or ""Corporate"" as the account type, depending on your email provider.\n* Enter your email address and password in the required fields.\n* Tap ""Next"" to proceed.\n\n**Step 3: Configure Server Settings**\n\n* The device will attempt to automatically configure the server settings. If it fails, you will need to enter the settings manually.\n* Tap on ""Manual setup"" or ""Advanced setup"" to enter the server settings manually.\n* Enter the following information:\n\t+ Incoming server: [company email server or personal email server]\n\t'}",google,gemini-2.0-flash,s-1129c8583565,"[{'message.role': 'model', 'message.contents': [{'message_content.type': 'text', 'message_content.text': 'To set up your company email on your mobile device:\n1. Ensure your device meets the prerequisites, including having a supported OS and your company email credentials [row::0__chunk::0]. If required, ensure the Mobile Device Management (MDM) profile is installed [row::0__chunk::0].\n2. Go to your device\'s Settings, select ""Mail"" or ""Email,"" and tap ""Add Account"" [row::0__chunk::0].\n3. Select ""Exchange"" or ""Corporate"" as the account type, and enter your email address and password [row::0__chunk::0].\n4. Enter the company\'s email server address if prompted [row::0__chunk::0].\n5. Select your desired synchronization options [row::0__chunk::0].\n6. Configure advanced settings such as SSL/TLS and authentication method [row::0__chunk::1].\n7. Verify the email account by sending a test email [row::0__chunk::1].'}]}]",v1,"Query: {query}

Context:
{context}

Answer:"
agent_run [adk_rag_minimal_agent],AGENT,caadfe30ec5af24a,2025-08-15 06:42:43.053175+00:00,2025-08-15 06:42:46.505412+00:00,OK,,[],e5083396278ad70f,2ab7a012125b6b8e45cdb3487db496b2,u,,AGENT,application/json,,,,,,,,,"{""content"":{""parts"":[{""text"":""To set up your company email on your mobile device:\n1. Ensure your device meets the prerequisites, including having a supported OS and your company email credentials [row::0__chunk::0]. If required, ensure the Mobile Device Management (MDM) profile is installed [row::0__chunk::0].\n2. Go to your device's Settings, select \""Mail\"" or \""Email,\"" and tap \""Add Account\"" [row::0__chunk::0].\n3. Select \""Exchange\"" or \""Corporate\"" as the account type, and enter your email address and password [row::0__chunk::0].\n4. Enter the company's email server address if prompted [row::0__chunk::0].\n5. Select your desired synchronization options [row::0__chunk::0].\n6. Configure advanced settings such as SSL/TLS and authentication method [row::0__chunk::1].\n7. Verify the email account by sending a test email [row::0__chunk::1].""}],""role"":""model""},""usage_metadata"":{""candidates_token_count"":213,""candidates_tokens_details"":[{""modality"":""TEXT"",""token_count"":213}],""prompt_token_count"":1066,""prompt_tokens_details"":[{""modality"":""TEXT"",""token_count"":1066}],""total_token_count"":1279,""traffic_type"":""ON_DEMAND""},""invocation_id"":""e-fb85b47b-0b54-4b5c-9004-4794c7311456"",""author"":""adk_rag_minimal_agent"",""actions"":{""state_delta"":{},""artifact_delta"":{},""requested_auth_configs"":{}},""id"":""dhgkiV3j"",""timestamp"":1755240163.053648}","{'query': 'How do I set up my company email on my mobile device?', 'context': '[row::0__chunk::0] **Setting Up a Mobile Device for Company Email**\n\n**Prerequisites:**\n\n* Mobile device with a supported operating system (iOS, Android, or Windows)\n* Company email account credentials\n* Mobile device management (MDM) profile installed (if required by company policy)\n\n**Step 1: Ensure Mobile Device Management (MDM) Profile is Installed (if required)**\n\nIf your company requires MDM for mobile devices, ensure that the profile is installed on your device. This profile will allow your device to connect to the company network and access company email. If you are unsure whether MDM is required, contact your IT department for assistance.\n\n**Step 2: Set Up Email Account on Mobile Device**\n\n1. Go to the Settings app on your mobile device.\n2. Select ""Mail"" or ""Email"" (depending on your device\'s operating system).\n3. Tap ""Add Account"" or ""Create a new account"".\n4. Select ""Exchange"" or ""Corporate"" as the account type.\n5. Enter your company email address and password.\n6. If prompted, enter the company\'s email server address (e.g., mail.company.com).\n7. Select the desired synchronization options (e.g., sync email, contacts, calendar).\n\n**Step 3: Configure Email Settings**\n\n1. In the email account \n\n[row::0__chunk::2] unt settings.\n\n**Additional Information:**\n\n* For security reasons, it is recommended to set up a password or PIN lock on your mobile device.\n* Company email policies may require additional security measures, such as encryption or two-factor authentication. Contact your IT department for more information.\n* If you need further assistance or have questions about company email policies, contact your IT department or refer to the company\'s email policy documentation.\n\n[row::0__chunk::1] \n7. Select the desired synchronization options (e.g., sync email, contacts, calendar).\n\n**Step 3: Configure Email Settings**\n\n1. In the email account settings, select the ""Advanced"" or ""Security"" option.\n2. Ensure that the ""Use SSL/TLS"" or ""Use secure connection"" option is enabled.\n3. Set the authentication method to ""Username and Password"" or ""Domain\\Username"".\n4. If prompted, enter your company\'s email domain (e.g., company.com).\n\n**Step 4: Verify Email Account**\n\n1. Wait for the email account to synchronize with the company email server.\n2. Send a test email to yourself or a colleague to verify that email is sending and receiving correctly.\n\n**Troubleshooting Tips:**\n\n* If you encounter issues setting up your email account, ensure that your device has a stable internet connection and that your email credentials are correct.\n* If you are unable to connect to the company email server, contact your IT department for assistance.\n* If you experience issues with email synchronization, try restarting your device or checking the email account settings.\n\n**Additional Information:**\n\n* For security reasons, it is recommended to set up a password or PIN lock on your mobile device.\n* Compan\n\n[row::9__chunk::0] **Configuring Email on an Android Device**\n\nThis article provides step-by-step instructions on how to configure email on an Android device. Please follow the steps below to set up your email account on your Android device.\n\n**Prerequisites:**\n\n* An Android device with a valid internet connection\n* A valid email account (company email or personal email)\n* Email account credentials (username and password)\n\n**Step 1: Go to the Email App**\n\n* Locate the Email app on your Android device. It may be on the home screen or in the app drawer.\n* Tap on the Email app to open it.\n\n**Step 2: Add a New Account**\n\n* Tap on the ""Add account"" or ""Add email account"" button.\n* Select ""Email"" or ""Corporate"" as the account type, depending on your email provider.\n* Enter your email address and password in the required fields.\n* Tap ""Next"" to proceed.\n\n**Step 3: Configure Server Settings**\n\n* The device will attempt to automatically configure the server settings. If it fails, you will need to enter the settings manually.\n* Tap on ""Manual setup"" or ""Advanced setup"" to enter the server settings manually.\n* Enter the following information:\n\t+ Incoming server: [company email server or personal email server]\n\t'}",,,s-1129c8583565,,v1,"Query: {query}

Context:
{context}

Answer:"
invocation [adk_rag_minimal],CHAIN,,2025-08-15 06:42:43.052793+00:00,2025-08-15 06:42:46.506678+00:00,OK,,[],caadfe30ec5af24a,2ab7a012125b6b8e45cdb3487db496b2,u,application/json,CHAIN,application/json,,,,,,,"{""user_id"": ""u"", ""session_id"": ""s-1129c8583565"", ""new_message"": {""parts"": [{""text"": ""Query: How do I set up my company email on my mobile device?\n\nContext:\n[row::0__chunk::0] **Setting Up a Mobile Device for Company Email**\n\n**Prerequisites:**\n\n* Mobile device with a supported operating system (iOS, Android, or Windows)\n* Company email account credentials\n* Mobile device management (MDM) profile installed (if required by company policy)\n\n**Step 1: Ensure Mobile Device Management (MDM) Profile is Installed (if required)**\n\nIf your company requires MDM for mobile devices, ensure that the profile is installed on your device. This profile will allow your device to connect to the company network and access company email. If you are unsure whether MDM is required, contact your IT department for assistance.\n\n**Step 2: Set Up Email Account on Mobile Device**\n\n1. Go to the Settings app on your mobile device.\n2. Select \""Mail\"" or \""Email\"" (depending on your device's operating system).\n3. Tap \""Add Account\"" or \""Create a new account\"".\n4. Select \""Exchange\"" or \""Corporate\"" as the account type.\n5. Enter your company email address and password.\n6. If prompted, enter the company's email server address (e.g., mail.company.com).\n7. Select the desired synchronization options (e.g., sync email, contacts, calendar).\n\n**Step 3: Configure Email Settings**\n\n1. In the email account \n\n[row::0__chunk::2] unt settings.\n\n**Additional Information:**\n\n* For security reasons, it is recommended to set up a password or PIN lock on your mobile device.\n* Company email policies may require additional security measures, such as encryption or two-factor authentication. Contact your IT department for more information.\n* If you need further assistance or have questions about company email policies, contact your IT department or refer to the company's email policy documentation.\n\n[row::0__chunk::1] \n7. Select the desired synchronization options (e.g., sync email, contacts, calendar).\n\n**Step 3: Configure Email Settings**\n\n1. In the email account settings, select the \""Advanced\"" or \""Security\"" option.\n2. Ensure that the \""Use SSL/TLS\"" or \""Use secure connection\"" option is enabled.\n3. Set the authentication method to \""Username and Password\"" or \""Domain\\Username\"".\n4. If prompted, enter your company's email domain (e.g., company.com).\n\n**Step 4: Verify Email Account**\n\n1. Wait for the email account to synchronize with the company email server.\n2. Send a test email to yourself or a colleague to verify that email is sending and receiving correctly.\n\n**Troubleshooting Tips:**\n\n* If you encounter issues setting up your email account, ensure that your device has a stable internet connection and that your email credentials are correct.\n* If you are unable to connect to the company email server, contact your IT department for assistance.\n* If you experience issues with email synchronization, try restarting your device or checking the email account settings.\n\n**Additional Information:**\n\n* For security reasons, it is recommended to set up a password or PIN lock on your mobile device.\n* Compan\n\n[row::9__chunk::0] **Configuring Email on an Android Device**\n\nThis article provides step-by-step instructions on how to configure email on an Android device. Please follow the steps below to set up your email account on your Android device.\n\n**Prerequisites:**\n\n* An Android device with a valid internet connection\n* A valid email account (company email or personal email)\n* Email account credentials (username and password)\n\n**Step 1: Go to the Email App**\n\n* Locate the Email app on your Android device. It may be on the home screen or in the app drawer.\n* Tap on the Email app to open it.\n\n**Step 2: Add a New Account**\n\n* Tap on the \""Add account\"" or \""Add email account\"" button.\n* Select \""Email\"" or \""Corporate\"" as the account type, depending on your email provider.\n* Enter your email address and password in the required fields.\n* Tap \""Next\"" to proceed.\n\n**Step 3: Configure Server Settings**\n\n* The device will attempt to automatically configure the server settings. If it fails, you will need to enter the settings manually.\n* Tap on \""Manual setup\"" or \""Advanced setup\"" to enter the server settings manually.\n* Enter the following information:\n\t+ Incoming server: [company email server or personal email server]\n\t\n\nAnswer:""}], ""role"": ""user""}, ""run_config"": {""save_input_blobs_as_artifacts"": false, ""support_cfc"": false, ""streaming_mode"": ""StreamingMode.NONE"", ""max_llm_calls"": 500}}",,"{""content"":{""parts"":[{""text"":""To set up your company email on your mobile device:\n1. Ensure your device meets the prerequisites, including having a supported OS and your company email credentials [row::0__chunk::0]. If required, ensure the Mobile Device Management (MDM) profile is installed [row::0__chunk::0].\n2. Go to your device's Settings, select \""Mail\"" or \""Email,\"" and tap \""Add Account\"" [row::0__chunk::0].\n3. Select \""Exchange\"" or \""Corporate\"" as the account type, and enter your email address and password [row::0__chunk::0].\n4. Enter the company's email server address if prompted [row::0__chunk::0].\n5. Select your desired synchronization options [row::0__chunk::0].\n6. Configure advanced settings such as SSL/TLS and authentication method [row::0__chunk::1].\n7. Verify the email account by sending a test email [row::0__chunk::1].""}],""role"":""model""},""usage_metadata"":{""candidates_token_count"":213,""candidates_tokens_details"":[{""modality"":""TEXT"",""token_count"":213}],""prompt_token_count"":1066,""prompt_tokens_details"":[{""modality"":""TEXT"",""token_count"":1066}],""total_token_count"":1279,""traffic_type"":""ON_DEMAND""},""invocation_id"":""e-fb85b47b-0b54-4b5c-9004-4794c7311456"",""author"":""adk_rag_minimal_agent"",""actions"":{""state_delta"":{},""artifact_delta"":{},""requested_auth_configs"":{}},""id"":""dhgkiV3j"",""timestamp"":1755240163.053648}","{'query': 'How do I set up my company email on my mobile device?', 'context': '[row::0__chunk::0] **Setting Up a Mobile Device for Company Email**\n\n**Prerequisites:**\n\n* Mobile device with a supported operating system (iOS, Android, or Windows)\n* Company email account credentials\n* Mobile device management (MDM) profile installed (if required by company policy)\n\n**Step 1: Ensure Mobile Device Management (MDM) Profile is Installed (if required)**\n\nIf your company requires MDM for mobile devices, ensure that the profile is installed on your device. This profile will allow your device to connect to the company network and access company email. If you are unsure whether MDM is required, contact your IT department for assistance.\n\n**Step 2: Set Up Email Account on Mobile Device**\n\n1. Go to the Settings app on your mobile device.\n2. Select ""Mail"" or ""Email"" (depending on your device\'s operating system).\n3. Tap ""Add Account"" or ""Create a new account"".\n4. Select ""Exchange"" or ""Corporate"" as the account type.\n5. Enter your company email address and password.\n6. If prompted, enter the company\'s email server address (e.g., mail.company.com).\n7. Select the desired synchronization options (e.g., sync email, contacts, calendar).\n\n**Step 3: Configure Email Settings**\n\n1. In the email account \n\n[row::0__chunk::2] unt settings.\n\n**Additional Information:**\n\n* For security reasons, it is recommended to set up a password or PIN lock on your mobile device.\n* Company email policies may require additional security measures, such as encryption or two-factor authentication. Contact your IT department for more information.\n* If you need further assistance or have questions about company email policies, contact your IT department or refer to the company\'s email policy documentation.\n\n[row::0__chunk::1] \n7. Select the desired synchronization options (e.g., sync email, contacts, calendar).\n\n**Step 3: Configure Email Settings**\n\n1. In the email account settings, select the ""Advanced"" or ""Security"" option.\n2. Ensure that the ""Use SSL/TLS"" or ""Use secure connection"" option is enabled.\n3. Set the authentication method to ""Username and Password"" or ""Domain\\Username"".\n4. If prompted, enter your company\'s email domain (e.g., company.com).\n\n**Step 4: Verify Email Account**\n\n1. Wait for the email account to synchronize with the company email server.\n2. Send a test email to yourself or a colleague to verify that email is sending and receiving correctly.\n\n**Troubleshooting Tips:**\n\n* If you encounter issues setting up your email account, ensure that your device has a stable internet connection and that your email credentials are correct.\n* If you are unable to connect to the company email server, contact your IT department for assistance.\n* If you experience issues with email synchronization, try restarting your device or checking the email account settings.\n\n**Additional Information:**\n\n* For security reasons, it is recommended to set up a password or PIN lock on your mobile device.\n* Compan\n\n[row::9__chunk::0] **Configuring Email on an Android Device**\n\nThis article provides step-by-step instructions on how to configure email on an Android device. Please follow the steps below to set up your email account on your Android device.\n\n**Prerequisites:**\n\n* An Android device with a valid internet connection\n* A valid email account (company email or personal email)\n* Email account credentials (username and password)\n\n**Step 1: Go to the Email App**\n\n* Locate the Email app on your Android device. It may be on the home screen or in the app drawer.\n* Tap on the Email app to open it.\n\n**Step 2: Add a New Account**\n\n* Tap on the ""Add account"" or ""Add email account"" button.\n* Select ""Email"" or ""Corporate"" as the account type, depending on your email provider.\n* Enter your email address and password in the required fields.\n* Tap ""Next"" to proceed.\n\n**Step 3: Configure Server Settings**\n\n* The device will attempt to automatically configure the server settings. If it fails, you will need to enter the settings manually.\n* Tap on ""Manual setup"" or ""Advanced setup"" to enter the server settings manually.\n* Enter the following information:\n\t+ Incoming server: [company email server or personal email server]\n\t'}",,,s-1129c8583565,,v1,"Query: {query}

Context:
{context}

Answer:"
call_llm,LLM,ab8c313273c9fc92,2025-08-15 06:42:46.511234+00:00,2025-08-15 06:42:49.296548+00:00,OK,,[],d9318419a705ba90,f287ffb4731a92209c741b0c86b1abc5,u,application/json,LLM,application/json,"[{'message.role': 'system', 'message.content': 'You are a strict RAG agent. Use only the provided context. If the context does not contain the answer, reply that you don\'t know. Cite supporting chunk ids in square brackets, e.g., [row::12__chunk::0]. Be concise.\n\nYou are an agent. Your internal name is ""adk_rag_minimal_agent"".\n\n The description about you is ""Minimal RAG over CSV corpus""'}, {'message.role': 'user', 'message.contents': [{'message_content.type': 'text', 'message_content.text': 'Query: I forgot my PIN, how can I reset it?\n\nContext:\n[row::1__chunk::1] complete the process.\n\n**Step 5: Confirm PIN Reset**\n\n1. You will receive a confirmation message indicating that your PIN has been successfully reset.\n2. Click the ""OK"" button to close the message.\n\n**Important Notes:**\n\n* If you are unable to reset your PIN using the self-service tool, please contact the IT Helpdesk for assistance.\n* It is recommended to keep your PIN confidential and not share it with anyone.\n* You can reset your PIN a maximum of 3 times in a 24-hour period. If you exceed this limit, you will need to contact the IT Helpdesk to reset your PIN.\n\nBy following these steps, you should be able to reset your forgotten PIN and regain access to company systems and applications. If you encounter any issues during the process, please do not hesitate to reach out to the IT Helpdesk for further assistance.\n\n[row::1__chunk::0] **Resetting a Forgotten PIN**\n\nIf you have forgotten your PIN, you can reset it using the following steps:\n\n**Step 1: Access the PIN Reset Tool**\n\n1. Go to the company\'s intranet homepage and click on the ""IT Support"" link at the top right corner of the page.\n2. Click on the ""Self-Service"" tab and then select ""PIN Reset"" from the drop-down menu.\n3. You will be redirected to the PIN Reset Tool login page.\n\n**Step 2: Authenticate with Your Credentials**\n\n1. Enter your company username and password in the required fields.\n2. Click the ""Login"" button to authenticate.\n\n**Step 3: Verify Your Identity**\n\n1. You will be prompted to answer your security question. Enter your answer in the required field.\n2. Click the ""Next"" button to proceed.\n\n**Step 4: Reset Your PIN**\n\n1. Enter a new PIN in the required field. The PIN must be at least 8 characters long and contain a mix of uppercase and lowercase letters, numbers, and special characters.\n2. Re-enter your new PIN in the confirmation field to ensure accuracy.\n3. Click the ""Reset PIN"" button to complete the process.\n\n**Step 5: Confirm PIN Reset**\n\n1. You will receive a confirmation message indicating that your PIN has been successfully reset.\n\n[row::8__chunk::2] the paper tray, as this can cause paper jams and other issues.\n* If you are unsure about how to reset a jammed printer or if the issue persists after following these steps, contact the IT helpdesk for assistance.\n\n[row::8__chunk::0] **Resetting a Jammed Printer**\n\n**Step 1: Turn Off the Printer**\n\nImmediately turn off the printer to prevent any further damage or paper jams. Locate the power button, usually found on the top or front of the printer, and press it to shut down the device.\n\n**Step 2: Open the Printer**\n\nLocate the printer\'s access panel, which varies depending on the printer model. Common locations include the top, front, or back of the printer. Open the panel by pressing the release latch or sliding it open. This will give you access to the internal mechanisms.\n\n**Step 3: Identify and Remove Jammed Paper**\n\nCarefully inspect the printer\'s internal mechanisms to locate the jammed paper. Gently pull out any visible paper scraps or torn pieces. Be cautious not to touch any internal components or rollers, as oils from your skin can cause damage.\n\n**Step 4: Check for Obstructions**\n\nInspect the printer\'s paper path, including the paper tray, rollers, and print head, for any obstructions or debris. Remove any dust, dirt, or other blockages that may be contributing to the jam.\n\n**Step 5: Realign the Paper Tray**\n\nIf the paper tray was dislodged during the jam, realign it according to the manufacturer\'s i\n\nAnswer:'}]}]","{'vertex': {'agent': {'llm_response': '{""content"":{""parts"":[{""text"":""To reset your forgotten PIN, follow these steps:\\n1. Go to the company\'s intranet homepage and click on the \\""IT Support\\"" link. [row::1__chunk::0]\\n2. Click on the \\""Self-Service\\"" tab and select \\""PIN Reset\\"". [row::1__chunk::0]\\n3. Enter your company username and password. [row::1__chunk::0]\\n4. Answer your security question. [row::1__chunk::0]\\n5. Enter a new PIN (at least 8 characters long with a mix of uppercase and lowercase letters, numbers, and special characters) and confirm it. [row::1__chunk::0]\\n6. Click the \\""Reset PIN\\"" button. [row::1__chunk::0]\\n7. You will receive a confirmation message. [row::1__chunk::1]\\n\\nIf you are unable to reset your PIN using the self-service tool, contact the IT Helpdesk for assistance. [row::1__chunk::1]\\n""}],""role"":""model""},""usage_metadata"":{""candidates_token_count"":219,""candidates_tokens_details"":[{""modality"":""TEXT"",""token_count"":219}],""prompt_token_count"":946,""prompt_tokens_details"":[{""modality"":""TEXT"",""token_count"":946}],""total_token_count"":1165,""traffic_type"":""ON_DEMAND""}}', 'llm_request': '{""model"": ""gemini-2.0-flash"", ""config"": {""system_instruction"": ""You are a strict RAG agent. Use only the provided context. If the context does not contain the answer, reply that you don\'t know. Cite supporting chunk ids in square brackets, e.g., [row::12__chunk::0]. Be concise.\\n\\nYou are an agent. Your internal name is \\""adk_rag_minimal_agent\\"".\\n\\n The description about you is \\""Minimal RAG over CSV corpus\\"""", ""temperature"": 0.0, ""labels"": {""adk_agent_name"": ""adk_rag_minimal_agent""}}, ""contents"": [{""parts"": [{""text"": ""Query: I forgot my PIN, how can I reset it?\\n\\nContext:\\n[row::1__chunk::1] complete the process.\\n\\n**Step 5: Confirm PIN Reset**\\n\\n1. You will receive a confirmation message indicating that your PIN has been successfully reset.\\n2. Click the \\""OK\\"" button to close the message.\\n\\n**Important Notes:**\\n\\n* If you are unable to reset your PIN using the self-service tool, please contact the IT Helpdesk for assistance.\\n* It is recommended to keep your PIN confidential and not share it with anyone.\\n* You can reset your PIN a maximum of 3 times in a 24-hour period. If you exceed this limit, you will need to contact the IT Helpdesk to reset your PIN.\\n\\nBy following these steps, you should be able to reset your forgotten PIN and regain access to company systems and applications. If you encounter any issues during the process, please do not hesitate to reach out to the IT Helpdesk for further assistance.\\n\\n[row::1__chunk::0] **Resetting a Forgotten PIN**\\n\\nIf you have forgotten your PIN, you can reset it using the following steps:\\n\\n**Step 1: Access the PIN Reset Tool**\\n\\n1. Go to the company\'s intranet homepage and click on the \\""IT Support\\"" link at the top right corner of the page.\\n2. Click on the \\""Self-Service\\"" tab and then select \\""PIN Reset\\"" from the drop-down menu.\\n3. You will be redirected to the PIN Reset Tool login page.\\n\\n**Step 2: Authenticate with Your Credentials**\\n\\n1. Enter your company username and password in the required fields.\\n2. Click the \\""Login\\"" button to authenticate.\\n\\n**Step 3: Verify Your Identity**\\n\\n1. You will be prompted to answer your security question. Enter your answer in the required field.\\n2. Click the \\""Next\\"" button to proceed.\\n\\n**Step 4: Reset Your PIN**\\n\\n1. Enter a new PIN in the required field. The PIN must be at least 8 characters long and contain a mix of uppercase and lowercase letters, numbers, and special characters.\\n2. Re-enter your new PIN in the confirmation field to ensure accuracy.\\n3. Click the \\""Reset PIN\\"" button to complete the process.\\n\\n**Step 5: Confirm PIN Reset**\\n\\n1. You will receive a confirmation message indicating that your PIN has been successfully reset.\\n\\n[row::8__chunk::2] the paper tray, as this can cause paper jams and other issues.\\n* If you are unsure about how to reset a jammed printer or if the issue persists after following these steps, contact the IT helpdesk for assistance.\\n\\n[row::8__chunk::0] **Resetting a Jammed Printer**\\n\\n**Step 1: Turn Off the Printer**\\n\\nImmediately turn off the printer to prevent any further damage or paper jams. Locate the power button, usually found on the top or front of the printer, and press it to shut down the device.\\n\\n**Step 2: Open the Printer**\\n\\nLocate the printer\'s access panel, which varies depending on the printer model. Common locations include the top, front, or back of the printer. Open the panel by pressing the release latch or sliding it open. This will give you access to the internal mechanisms.\\n\\n**Step 3: Identify and Remove Jammed Paper**\\n\\nCarefully inspect the printer\'s internal mechanisms to locate the jammed paper. Gently pull out any visible paper scraps or torn pieces. Be cautious not to touch any internal components or rollers, as oils from your skin can cause damage.\\n\\n**Step 4: Check for Obstructions**\\n\\nInspect the printer\'s paper path, including the paper tray, rollers, and print head, for any obstructions or debris. Remove any dust, dirt, or other blockages that may be contributing to the jam.\\n\\n**Step 5: Realign the Paper Tray**\\n\\nIf the paper tray was dislodged during the jam, realign it according to the manufacturer\'s i\\n\\nAnswer:""}], ""role"": ""user""}]}', 'session_id': 's-2978c5a61786', 'invocation_id': 'e-328959d2-06e8-4cae-b150-ca31c56da6d0', 'event_id': 'ofuLjM14'}}}","{""system_instruction"":""You are a strict RAG agent. Use only the provided context. If the context does not contain the answer, reply that you don't know. Cite supporting chunk ids in square brackets, e.g., [row::12__chunk::0]. Be concise.\n\nYou are an agent. Your internal name is \""adk_rag_minimal_agent\"".\n\n The description about you is \""Minimal RAG over CSV corpus\"""",""temperature"":0.0,""labels"":{""adk_agent_name"":""adk_rag_minimal_agent""}}",1165.0,219.0,"{'system': 'gcp.vertex.agent', 'request': {'model': 'gemini-2.0-flash'}}","{""model"": ""gemini-2.0-flash"", ""config"": {""system_instruction"": ""You are a strict RAG agent. Use only the provided context. If the context does not contain the answer, reply that you don't know. Cite supporting chunk ids in square brackets, e.g., [row::12__chunk::0]. Be concise.\n\nYou are an agent. Your internal name is \""adk_rag_minimal_agent\"".\n\n The description about you is \""Minimal RAG over CSV corpus\"""", ""temperature"": 0.0, ""labels"": {""adk_agent_name"": ""adk_rag_minimal_agent""}}, ""contents"": [{""parts"": [{""text"": ""Query: I forgot my PIN, how can I reset it?\n\nContext:\n[row::1__chunk::1] complete the process.\n\n**Step 5: Confirm PIN Reset**\n\n1. You will receive a confirmation message indicating that your PIN has been successfully reset.\n2. Click the \""OK\"" button to close the message.\n\n**Important Notes:**\n\n* If you are unable to reset your PIN using the self-service tool, please contact the IT Helpdesk for assistance.\n* It is recommended to keep your PIN confidential and not share it with anyone.\n* You can reset your PIN a maximum of 3 times in a 24-hour period. If you exceed this limit, you will need to contact the IT Helpdesk to reset your PIN.\n\nBy following these steps, you should be able to reset your forgotten PIN and regain access to company systems and applications. If you encounter any issues during the process, please do not hesitate to reach out to the IT Helpdesk for further assistance.\n\n[row::1__chunk::0] **Resetting a Forgotten PIN**\n\nIf you have forgotten your PIN, you can reset it using the following steps:\n\n**Step 1: Access the PIN Reset Tool**\n\n1. Go to the company's intranet homepage and click on the \""IT Support\"" link at the top right corner of the page.\n2. Click on the \""Self-Service\"" tab and then select \""PIN Reset\"" from the drop-down menu.\n3. You will be redirected to the PIN Reset Tool login page.\n\n**Step 2: Authenticate with Your Credentials**\n\n1. Enter your company username and password in the required fields.\n2. Click the \""Login\"" button to authenticate.\n\n**Step 3: Verify Your Identity**\n\n1. You will be prompted to answer your security question. Enter your answer in the required field.\n2. Click the \""Next\"" button to proceed.\n\n**Step 4: Reset Your PIN**\n\n1. Enter a new PIN in the required field. The PIN must be at least 8 characters long and contain a mix of uppercase and lowercase letters, numbers, and special characters.\n2. Re-enter your new PIN in the confirmation field to ensure accuracy.\n3. Click the \""Reset PIN\"" button to complete the process.\n\n**Step 5: Confirm PIN Reset**\n\n1. You will receive a confirmation message indicating that your PIN has been successfully reset.\n\n[row::8__chunk::2] the paper tray, as this can cause paper jams and other issues.\n* If you are unsure about how to reset a jammed printer or if the issue persists after following these steps, contact the IT helpdesk for assistance.\n\n[row::8__chunk::0] **Resetting a Jammed Printer**\n\n**Step 1: Turn Off the Printer**\n\nImmediately turn off the printer to prevent any further damage or paper jams. Locate the power button, usually found on the top or front of the printer, and press it to shut down the device.\n\n**Step 2: Open the Printer**\n\nLocate the printer's access panel, which varies depending on the printer model. Common locations include the top, front, or back of the printer. Open the panel by pressing the release latch or sliding it open. This will give you access to the internal mechanisms.\n\n**Step 3: Identify and Remove Jammed Paper**\n\nCarefully inspect the printer's internal mechanisms to locate the jammed paper. Gently pull out any visible paper scraps or torn pieces. Be cautious not to touch any internal components or rollers, as oils from your skin can cause damage.\n\n**Step 4: Check for Obstructions**\n\nInspect the printer's paper path, including the paper tray, rollers, and print head, for any obstructions or debris. Remove any dust, dirt, or other blockages that may be contributing to the jam.\n\n**Step 5: Realign the Paper Tray**\n\nIf the paper tray was dislodged during the jam, realign it according to the manufacturer's i\n\nAnswer:""}], ""role"": ""user""}]}",946.0,"{""content"":{""parts"":[{""text"":""To reset your forgotten PIN, follow these steps:\n1. Go to the company's intranet homepage and click on the \""IT Support\"" link. [row::1__chunk::0]\n2. Click on the \""Self-Service\"" tab and select \""PIN Reset\"". [row::1__chunk::0]\n3. Enter your company username and password. [row::1__chunk::0]\n4. Answer your security question. [row::1__chunk::0]\n5. Enter a new PIN (at least 8 characters long with a mix of uppercase and lowercase letters, numbers, and special characters) and confirm it. [row::1__chunk::0]\n6. Click the \""Reset PIN\"" button. [row::1__chunk::0]\n7. You will receive a confirmation message. [row::1__chunk::1]\n\nIf you are unable to reset your PIN using the self-service tool, contact the IT Helpdesk for assistance. [row::1__chunk::1]\n""}],""role"":""model""},""usage_metadata"":{""candidates_token_count"":219,""candidates_tokens_details"":[{""modality"":""TEXT"",""token_count"":219}],""prompt_token_count"":946,""prompt_tokens_details"":[{""modality"":""TEXT"",""token_count"":946}],""total_token_count"":1165,""traffic_type"":""ON_DEMAND""}}","{'query': 'I forgot my PIN, how can I reset it?', 'context': '[row::1__chunk::1] complete the process.\n\n**Step 5: Confirm PIN Reset**\n\n1. You will receive a confirmation message indicating that your PIN has been successfully reset.\n2. Click the ""OK"" button to close the message.\n\n**Important Notes:**\n\n* If you are unable to reset your PIN using the self-service tool, please contact the IT Helpdesk for assistance.\n* It is recommended to keep your PIN confidential and not share it with anyone.\n* You can reset your PIN a maximum of 3 times in a 24-hour period. If you exceed this limit, you will need to contact the IT Helpdesk to reset your PIN.\n\nBy following these steps, you should be able to reset your forgotten PIN and regain access to company systems and applications. If you encounter any issues during the process, please do not hesitate to reach out to the IT Helpdesk for further assistance.\n\n[row::1__chunk::0] **Resetting a Forgotten PIN**\n\nIf you have forgotten your PIN, you can reset it using the following steps:\n\n**Step 1: Access the PIN Reset Tool**\n\n1. Go to the company\'s intranet homepage and click on the ""IT Support"" link at the top right corner of the page.\n2. Click on the ""Self-Service"" tab and then select ""PIN Reset"" from the drop-down menu.\n3. You will be redirected to the PIN Reset Tool login page.\n\n**Step 2: Authenticate with Your Credentials**\n\n1. Enter your company username and password in the required fields.\n2. Click the ""Login"" button to authenticate.\n\n**Step 3: Verify Your Identity**\n\n1. You will be prompted to answer your security question. Enter your answer in the required field.\n2. Click the ""Next"" button to proceed.\n\n**Step 4: Reset Your PIN**\n\n1. Enter a new PIN in the required field. The PIN must be at least 8 characters long and contain a mix of uppercase and lowercase letters, numbers, and special characters.\n2. Re-enter your new PIN in the confirmation field to ensure accuracy.\n3. Click the ""Reset PIN"" button to complete the process.\n\n**Step 5: Confirm PIN Reset**\n\n1. You will receive a confirmation message indicating that your PIN has been successfully reset.\n\n[row::8__chunk::2] the paper tray, as this can cause paper jams and other issues.\n* If you are unsure about how to reset a jammed printer or if the issue persists after following these steps, contact the IT helpdesk for assistance.\n\n[row::8__chunk::0] **Resetting a Jammed Printer**\n\n**Step 1: Turn Off the Printer**\n\nImmediately turn off the printer to prevent any further damage or paper jams. Locate the power button, usually found on the top or front of the printer, and press it to shut down the device.\n\n**Step 2: Open the Printer**\n\nLocate the printer\'s access panel, which varies depending on the printer model. Common locations include the top, front, or back of the printer. Open the panel by pressing the release latch or sliding it open. This will give you access to the internal mechanisms.\n\n**Step 3: Identify and Remove Jammed Paper**\n\nCarefully inspect the printer\'s internal mechanisms to locate the jammed paper. Gently pull out any visible paper scraps or torn pieces. Be cautious not to touch any internal components or rollers, as oils from your skin can cause damage.\n\n**Step 4: Check for Obstructions**\n\nInspect the printer\'s paper path, including the paper tray, rollers, and print head, for any obstructions or debris. Remove any dust, dirt, or other blockages that may be contributing to the jam.\n\n**Step 5: Realign the Paper Tray**\n\nIf the paper tray was dislodged during the jam, realign it according to the manufacturer\'s i'}",google,gemini-2.0-flash,s-2978c5a61786,"[{'message.role': 'model', 'message.contents': [{'message_content.type': 'text', 'message_content.text': 'To reset your forgotten PIN, follow these steps:\n1. Go to the company\'s intranet homepage and click on the ""IT Support"" link. [row::1__chunk::0]\n2. Click on the ""Self-Service"" tab and select ""PIN Reset"". [row::1__chunk::0]\n3. Enter your company username and password. [row::1__chunk::0]\n4. Answer your security question. [row::1__chunk::0]\n5. Enter a new PIN (at least 8 characters long with a mix of uppercase and lowercase letters, numbers, and special characters) and confirm it. [row::1__chunk::0]\n6. Click the ""Reset PIN"" button. [row::1__chunk::0]\n7. You will receive a confirmation message. [row::1__chunk::1]\n\nIf you are unable to reset your PIN using the self-service tool, contact the IT Helpdesk for assistance. [row::1__chunk::1]\n'}]}]",v1,"Query: {query}

Context:
{context}

Answer:"
agent_run [adk_rag_minimal_agent],AGENT,2de21d2a8c2e1111,2025-08-15 06:42:46.510631+00:00,2025-08-15 06:42:49.302621+00:00,OK,,[],ab8c313273c9fc92,f287ffb4731a92209c741b0c86b1abc5,u,,AGENT,application/json,,,,,,,,,"{""content"":{""parts"":[{""text"":""To reset your forgotten PIN, follow these steps:\n1. Go to the company's intranet homepage and click on the \""IT Support\"" link. [row::1__chunk::0]\n2. Click on the \""Self-Service\"" tab and select \""PIN Reset\"". [row::1__chunk::0]\n3. Enter your company username and password. [row::1__chunk::0]\n4. Answer your security question. [row::1__chunk::0]\n5. Enter a new PIN (at least 8 characters long with a mix of uppercase and lowercase letters, numbers, and special characters) and confirm it. [row::1__chunk::0]\n6. Click the \""Reset PIN\"" button. [row::1__chunk::0]\n7. You will receive a confirmation message. [row::1__chunk::1]\n\nIf you are unable to reset your PIN using the self-service tool, contact the IT Helpdesk for assistance. [row::1__chunk::1]\n""}],""role"":""model""},""usage_metadata"":{""candidates_token_count"":219,""candidates_tokens_details"":[{""modality"":""TEXT"",""token_count"":219}],""prompt_token_count"":946,""prompt_tokens_details"":[{""modality"":""TEXT"",""token_count"":946}],""total_token_count"":1165,""traffic_type"":""ON_DEMAND""},""invocation_id"":""e-328959d2-06e8-4cae-b150-ca31c56da6d0"",""author"":""adk_rag_minimal_agent"",""actions"":{""state_delta"":{},""artifact_delta"":{},""requested_auth_configs"":{}},""id"":""ofuLjM14"",""timestamp"":1755240166.51112}","{'query': 'I forgot my PIN, how can I reset it?', 'context': '[row::1__chunk::1] complete the process.\n\n**Step 5: Confirm PIN Reset**\n\n1. You will receive a confirmation message indicating that your PIN has been successfully reset.\n2. Click the ""OK"" button to close the message.\n\n**Important Notes:**\n\n* If you are unable to reset your PIN using the self-service tool, please contact the IT Helpdesk for assistance.\n* It is recommended to keep your PIN confidential and not share it with anyone.\n* You can reset your PIN a maximum of 3 times in a 24-hour period. If you exceed this limit, you will need to contact the IT Helpdesk to reset your PIN.\n\nBy following these steps, you should be able to reset your forgotten PIN and regain access to company systems and applications. If you encounter any issues during the process, please do not hesitate to reach out to the IT Helpdesk for further assistance.\n\n[row::1__chunk::0] **Resetting a Forgotten PIN**\n\nIf you have forgotten your PIN, you can reset it using the following steps:\n\n**Step 1: Access the PIN Reset Tool**\n\n1. Go to the company\'s intranet homepage and click on the ""IT Support"" link at the top right corner of the page.\n2. Click on the ""Self-Service"" tab and then select ""PIN Reset"" from the drop-down menu.\n3. You will be redirected to the PIN Reset Tool login page.\n\n**Step 2: Authenticate with Your Credentials**\n\n1. Enter your company username and password in the required fields.\n2. Click the ""Login"" button to authenticate.\n\n**Step 3: Verify Your Identity**\n\n1. You will be prompted to answer your security question. Enter your answer in the required field.\n2. Click the ""Next"" button to proceed.\n\n**Step 4: Reset Your PIN**\n\n1. Enter a new PIN in the required field. The PIN must be at least 8 characters long and contain a mix of uppercase and lowercase letters, numbers, and special characters.\n2. Re-enter your new PIN in the confirmation field to ensure accuracy.\n3. Click the ""Reset PIN"" button to complete the process.\n\n**Step 5: Confirm PIN Reset**\n\n1. You will receive a confirmation message indicating that your PIN has been successfully reset.\n\n[row::8__chunk::2] the paper tray, as this can cause paper jams and other issues.\n* If you are unsure about how to reset a jammed printer or if the issue persists after following these steps, contact the IT helpdesk for assistance.\n\n[row::8__chunk::0] **Resetting a Jammed Printer**\n\n**Step 1: Turn Off the Printer**\n\nImmediately turn off the printer to prevent any further damage or paper jams. Locate the power button, usually found on the top or front of the printer, and press it to shut down the device.\n\n**Step 2: Open the Printer**\n\nLocate the printer\'s access panel, which varies depending on the printer model. Common locations include the top, front, or back of the printer. Open the panel by pressing the release latch or sliding it open. This will give you access to the internal mechanisms.\n\n**Step 3: Identify and Remove Jammed Paper**\n\nCarefully inspect the printer\'s internal mechanisms to locate the jammed paper. Gently pull out any visible paper scraps or torn pieces. Be cautious not to touch any internal components or rollers, as oils from your skin can cause damage.\n\n**Step 4: Check for Obstructions**\n\nInspect the printer\'s paper path, including the paper tray, rollers, and print head, for any obstructions or debris. Remove any dust, dirt, or other blockages that may be contributing to the jam.\n\n**Step 5: Realign the Paper Tray**\n\nIf the paper tray was dislodged during the jam, realign it according to the manufacturer\'s i'}",,,s-2978c5a61786,,v1,"Query: {query}

Context:
{context}

Answer:"
invocation [adk_rag_minimal],CHAIN,,2025-08-15 06:42:46.510146+00:00,2025-08-15 06:42:49.304044+00:00,OK,,[],2de21d2a8c2e1111,f287ffb4731a92209c741b0c86b1abc5,u,application/json,CHAIN,application/json,,,,,,,"{""user_id"": ""u"", ""session_id"": ""s-2978c5a61786"", ""new_message"": {""parts"": [{""text"": ""Query: I forgot my PIN, how can I reset it?\n\nContext:\n[row::1__chunk::1] complete the process.\n\n**Step 5: Confirm PIN Reset**\n\n1. You will receive a confirmation message indicating that your PIN has been successfully reset.\n2. Click the \""OK\"" button to close the message.\n\n**Important Notes:**\n\n* If you are unable to reset your PIN using the self-service tool, please contact the IT Helpdesk for assistance.\n* It is recommended to keep your PIN confidential and not share it with anyone.\n* You can reset your PIN a maximum of 3 times in a 24-hour period. If you exceed this limit, you will need to contact the IT Helpdesk to reset your PIN.\n\nBy following these steps, you should be able to reset your forgotten PIN and regain access to company systems and applications. If you encounter any issues during the process, please do not hesitate to reach out to the IT Helpdesk for further assistance.\n\n[row::1__chunk::0] **Resetting a Forgotten PIN**\n\nIf you have forgotten your PIN, you can reset it using the following steps:\n\n**Step 1: Access the PIN Reset Tool**\n\n1. Go to the company's intranet homepage and click on the \""IT Support\"" link at the top right corner of the page.\n2. Click on the \""Self-Service\"" tab and then select \""PIN Reset\"" from the drop-down menu.\n3. You will be redirected to the PIN Reset Tool login page.\n\n**Step 2: Authenticate with Your Credentials**\n\n1. Enter your company username and password in the required fields.\n2. Click the \""Login\"" button to authenticate.\n\n**Step 3: Verify Your Identity**\n\n1. You will be prompted to answer your security question. Enter your answer in the required field.\n2. Click the \""Next\"" button to proceed.\n\n**Step 4: Reset Your PIN**\n\n1. Enter a new PIN in the required field. The PIN must be at least 8 characters long and contain a mix of uppercase and lowercase letters, numbers, and special characters.\n2. Re-enter your new PIN in the confirmation field to ensure accuracy.\n3. Click the \""Reset PIN\"" button to complete the process.\n\n**Step 5: Confirm PIN Reset**\n\n1. You will receive a confirmation message indicating that your PIN has been successfully reset.\n\n[row::8__chunk::2] the paper tray, as this can cause paper jams and other issues.\n* If you are unsure about how to reset a jammed printer or if the issue persists after following these steps, contact the IT helpdesk for assistance.\n\n[row::8__chunk::0] **Resetting a Jammed Printer**\n\n**Step 1: Turn Off the Printer**\n\nImmediately turn off the printer to prevent any further damage or paper jams. Locate the power button, usually found on the top or front of the printer, and press it to shut down the device.\n\n**Step 2: Open the Printer**\n\nLocate the printer's access panel, which varies depending on the printer model. Common locations include the top, front, or back of the printer. Open the panel by pressing the release latch or sliding it open. This will give you access to the internal mechanisms.\n\n**Step 3: Identify and Remove Jammed Paper**\n\nCarefully inspect the printer's internal mechanisms to locate the jammed paper. Gently pull out any visible paper scraps or torn pieces. Be cautious not to touch any internal components or rollers, as oils from your skin can cause damage.\n\n**Step 4: Check for Obstructions**\n\nInspect the printer's paper path, including the paper tray, rollers, and print head, for any obstructions or debris. Remove any dust, dirt, or other blockages that may be contributing to the jam.\n\n**Step 5: Realign the Paper Tray**\n\nIf the paper tray was dislodged during the jam, realign it according to the manufacturer's i\n\nAnswer:""}], ""role"": ""user""}, ""run_config"": {""save_input_blobs_as_artifacts"": false, ""support_cfc"": false, ""streaming_mode"": ""StreamingMode.NONE"", ""max_llm_calls"": 500}}",,"{""content"":{""parts"":[{""text"":""To reset your forgotten PIN, follow these steps:\n1. Go to the company's intranet homepage and click on the \""IT Support\"" link. [row::1__chunk::0]\n2. Click on the \""Self-Service\"" tab and select \""PIN Reset\"". [row::1__chunk::0]\n3. Enter your company username and password. [row::1__chunk::0]\n4. Answer your security question. [row::1__chunk::0]\n5. Enter a new PIN (at least 8 characters long with a mix of uppercase and lowercase letters, numbers, and special characters) and confirm it. [row::1__chunk::0]\n6. Click the \""Reset PIN\"" button. [row::1__chunk::0]\n7. You will receive a confirmation message. [row::1__chunk::1]\n\nIf you are unable to reset your PIN using the self-service tool, contact the IT Helpdesk for assistance. [row::1__chunk::1]\n""}],""role"":""model""},""usage_metadata"":{""candidates_token_count"":219,""candidates_tokens_details"":[{""modality"":""TEXT"",""token_count"":219}],""prompt_token_count"":946,""prompt_tokens_details"":[{""modality"":""TEXT"",""token_count"":946}],""total_token_count"":1165,""traffic_type"":""ON_DEMAND""},""invocation_id"":""e-328959d2-06e8-4cae-b150-ca31c56da6d0"",""author"":""adk_rag_minimal_agent"",""actions"":{""state_delta"":{},""artifact_delta"":{},""requested_auth_configs"":{}},""id"":""ofuLjM14"",""timestamp"":1755240166.51112}","{'query': 'I forgot my PIN, how can I reset it?', 'context': '[row::1__chunk::1] complete the process.\n\n**Step 5: Confirm PIN Reset**\n\n1. You will receive a confirmation message indicating that your PIN has been successfully reset.\n2. Click the ""OK"" button to close the message.\n\n**Important Notes:**\n\n* If you are unable to reset your PIN using the self-service tool, please contact the IT Helpdesk for assistance.\n* It is recommended to keep your PIN confidential and not share it with anyone.\n* You can reset your PIN a maximum of 3 times in a 24-hour period. If you exceed this limit, you will need to contact the IT Helpdesk to reset your PIN.\n\nBy following these steps, you should be able to reset your forgotten PIN and regain access to company systems and applications. If you encounter any issues during the process, please do not hesitate to reach out to the IT Helpdesk for further assistance.\n\n[row::1__chunk::0] **Resetting a Forgotten PIN**\n\nIf you have forgotten your PIN, you can reset it using the following steps:\n\n**Step 1: Access the PIN Reset Tool**\n\n1. Go to the company\'s intranet homepage and click on the ""IT Support"" link at the top right corner of the page.\n2. Click on the ""Self-Service"" tab and then select ""PIN Reset"" from the drop-down menu.\n3. You will be redirected to the PIN Reset Tool login page.\n\n**Step 2: Authenticate with Your Credentials**\n\n1. Enter your company username and password in the required fields.\n2. Click the ""Login"" button to authenticate.\n\n**Step 3: Verify Your Identity**\n\n1. You will be prompted to answer your security question. Enter your answer in the required field.\n2. Click the ""Next"" button to proceed.\n\n**Step 4: Reset Your PIN**\n\n1. Enter a new PIN in the required field. The PIN must be at least 8 characters long and contain a mix of uppercase and lowercase letters, numbers, and special characters.\n2. Re-enter your new PIN in the confirmation field to ensure accuracy.\n3. Click the ""Reset PIN"" button to complete the process.\n\n**Step 5: Confirm PIN Reset**\n\n1. You will receive a confirmation message indicating that your PIN has been successfully reset.\n\n[row::8__chunk::2] the paper tray, as this can cause paper jams and other issues.\n* If you are unsure about how to reset a jammed printer or if the issue persists after following these steps, contact the IT helpdesk for assistance.\n\n[row::8__chunk::0] **Resetting a Jammed Printer**\n\n**Step 1: Turn Off the Printer**\n\nImmediately turn off the printer to prevent any further damage or paper jams. Locate the power button, usually found on the top or front of the printer, and press it to shut down the device.\n\n**Step 2: Open the Printer**\n\nLocate the printer\'s access panel, which varies depending on the printer model. Common locations include the top, front, or back of the printer. Open the panel by pressing the release latch or sliding it open. This will give you access to the internal mechanisms.\n\n**Step 3: Identify and Remove Jammed Paper**\n\nCarefully inspect the printer\'s internal mechanisms to locate the jammed paper. Gently pull out any visible paper scraps or torn pieces. Be cautious not to touch any internal components or rollers, as oils from your skin can cause damage.\n\n**Step 4: Check for Obstructions**\n\nInspect the printer\'s paper path, including the paper tray, rollers, and print head, for any obstructions or debris. Remove any dust, dirt, or other blockages that may be contributing to the jam.\n\n**Step 5: Realign the Paper Tray**\n\nIf the paper tray was dislodged during the jam, realign it according to the manufacturer\'s i'}",,,s-2978c5a61786,,v1,"Query: {query}

Context:
{context}

Answer:"
call_llm,LLM,2224752608b128ea,2025-08-15 06:42:49.308840+00:00,2025-08-15 06:42:51.954614+00:00,OK,,[],9b13760a4c8835c2,1a008a7f7a7fc0a44d10ea5b7b8df306,u,application/json,LLM,application/json,"[{'message.role': 'system', 'message.content': 'You are a strict RAG agent. Use only the provided context. If the context does not contain the answer, reply that you don\'t know. Cite supporting chunk ids in square brackets, e.g., [row::12__chunk::0]. Be concise.\n\nYou are an agent. Your internal name is ""adk_rag_minimal_agent"".\n\n The description about you is ""Minimal RAG over CSV corpus""'}, {'message.role': 'user', 'message.contents': [{'message_content.type': 'text', 'message_content.text': 'Query: How do I set up VPN access on my laptop so I can work from home and access company resources?\n\nContext:\n[row::2__chunk::0] **Configuring VPN Access for Remote Workers**\n\n**Overview**\n\nThis article provides step-by-step instructions for configuring VPN access for remote workers. This allows employees working from home or other remote locations to securely connect to the company network and access company resources.\n\n**Prerequisites**\n\n* The remote worker\'s device (laptop or desktop) must meet the company\'s minimum system requirements for VPN connectivity.\n* The remote worker must have a valid company login credentials.\n* The remote worker must have a stable internet connection.\n\n**Step 1: Install the VPN Client**\n\n1. Go to the company\'s software portal and download the VPN client software.\n2. Run the installer and follow the prompts to install the software.\n3. Once installed, launch the VPN client software.\n\n**Step 2: Configure the VPN Connection**\n\n1. In the VPN client software, click on ""New Connection"" and select ""Company VPN"" as the connection type.\n2. Enter the company\'s VPN server address: `vpn.company.com`.\n3. Enter your company login credentials (username and password).\n4. Select the ""Save"" button to save the connection settings.\n\n**Step 3: Establish the VPN Connection**\n\n1. Click on the ""Connec\n\n[row::2__chunk::2] nue to experience issues, contact the IT helpdesk for further assistance.\n\n**Security Reminders**\n\n* Always keep your VPN client software up-to-date.\n* Never share your login credentials with anyone.\n* Avoid using public Wi-Fi or unsecured networks to access company resources via VPN.\n\nBy following these steps, remote workers can securely connect to the company network and access company resources from anywhere. If you have any questions or issues, please contact the IT helpdesk for further assistance.\n\n[row::2__chunk::1] sername and password).\n4. Select the ""Save"" button to save the connection settings.\n\n**Step 3: Establish the VPN Connection**\n\n1. Click on the ""Connect"" button to establish the VPN connection.\n2. You may be prompted to authenticate with two-factor authentication (2FA). Follow the prompts to complete 2FA.\n3. Once connected, you will see a confirmation message indicating that you are connected to the company VPN.\n\n**Step 4: Verify VPN Connection**\n\n1. Open a web browser and navigate to `company.com`.\n2. You should be able to access company resources, such as email, intranet, and file shares.\n3. Verify that your device\'s IP address has changed to a company-assigned IP address.\n\n**Troubleshooting Tips**\n\n* If you encounter issues connecting to the VPN, ensure that your device meets the minimum system requirements and that your internet connection is stable.\n* If you are unable to access company resources, verify that you are connected to the VPN and that your device\'s IP address has changed to a company-assigned IP address.\n* If you continue to experience issues, contact the IT helpdesk for further assistance.\n\n**Security Reminders**\n\n* Always keep your VPN client software up-to-date.\n\n\n[row::8__chunk::0] **Resetting a Jammed Printer**\n\n**Step 1: Turn Off the Printer**\n\nImmediately turn off the printer to prevent any further damage or paper jams. Locate the power button, usually found on the top or front of the printer, and press it to shut down the device.\n\n**Step 2: Open the Printer**\n\nLocate the printer\'s access panel, which varies depending on the printer model. Common locations include the top, front, or back of the printer. Open the panel by pressing the release latch or sliding it open. This will give you access to the internal mechanisms.\n\n**Step 3: Identify and Remove Jammed Paper**\n\nCarefully inspect the printer\'s internal mechanisms to locate the jammed paper. Gently pull out any visible paper scraps or torn pieces. Be cautious not to touch any internal components or rollers, as oils from your skin can cause damage.\n\n**Step 4: Check for Obstructions**\n\nInspect the printer\'s paper path, including the paper tray, rollers, and print head, for any obstructions or debris. Remove any dust, dirt, or other blockages that may be contributing to the jam.\n\n**Step 5: Realign the Paper Tray**\n\nIf the paper tray was dislodged during the jam, realign it according to the manufacturer\'s i\n\nAnswer:'}]}]","{'vertex': {'agent': {'llm_response': '{""content"":{""parts"":[{""text"":""To set up VPN access, first install the VPN client from your company\'s software portal [row::2__chunk::0]. Then, configure a new connection in the VPN client, selecting \\""Company VPN\\"" as the connection type and entering the company\'s VPN server address (`vpn.company.com`) and your login credentials [row::2__chunk::0]. Save the connection settings and click \\""Connect\\"" to establish the VPN connection [row::2__chunk::1]. You may need to complete two-factor authentication [row::2__chunk::1]. Verify the connection by opening a web browser and navigating to `company.com` to access company resources [row::2__chunk::1]. Ensure your device\'s IP address has changed to a company-assigned IP address [row::2__chunk::1]. If you have issues, ensure your device meets the minimum system requirements and your internet connection is stable [row::2__chunk::1]. Contact the IT helpdesk if you continue to experience issues [row::2__chunk::2]. Always keep your VPN client software up-to-date and never share your login credentials [row::2__chunk::2].\\n""}],""role"":""model""},""usage_metadata"":{""candidates_token_count"":246,""candidates_tokens_details"":[{""modality"":""TEXT"",""token_count"":246}],""prompt_token_count"":1070,""prompt_tokens_details"":[{""modality"":""TEXT"",""token_count"":1070}],""total_token_count"":1316,""traffic_type"":""ON_DEMAND""}}', 'llm_request': '{""model"": ""gemini-2.0-flash"", ""config"": {""system_instruction"": ""You are a strict RAG agent. Use only the provided context. If the context does not contain the answer, reply that you don\'t know. Cite supporting chunk ids in square brackets, e.g., [row::12__chunk::0]. Be concise.\\n\\nYou are an agent. Your internal name is \\""adk_rag_minimal_agent\\"".\\n\\n The description about you is \\""Minimal RAG over CSV corpus\\"""", ""temperature"": 0.0, ""labels"": {""adk_agent_name"": ""adk_rag_minimal_agent""}}, ""contents"": [{""parts"": [{""text"": ""Query: How do I set up VPN access on my laptop so I can work from home and access company resources?\\n\\nContext:\\n[row::2__chunk::0] **Configuring VPN Access for Remote Workers**\\n\\n**Overview**\\n\\nThis article provides step-by-step instructions for configuring VPN access for remote workers. This allows employees working from home or other remote locations to securely connect to the company network and access company resources.\\n\\n**Prerequisites**\\n\\n* The remote worker\'s device (laptop or desktop) must meet the company\'s minimum system requirements for VPN connectivity.\\n* The remote worker must have a valid company login credentials.\\n* The remote worker must have a stable internet connection.\\n\\n**Step 1: Install the VPN Client**\\n\\n1. Go to the company\'s software portal and download the VPN client software.\\n2. Run the installer and follow the prompts to install the software.\\n3. Once installed, launch the VPN client software.\\n\\n**Step 2: Configure the VPN Connection**\\n\\n1. In the VPN client software, click on \\""New Connection\\"" and select \\""Company VPN\\"" as the connection type.\\n2. Enter the company\'s VPN server address: `vpn.company.com`.\\n3. Enter your company login credentials (username and password).\\n4. Select the \\""Save\\"" button to save the connection settings.\\n\\n**Step 3: Establish the VPN Connection**\\n\\n1. Click on the \\""Connec\\n\\n[row::2__chunk::2] nue to experience issues, contact the IT helpdesk for further assistance.\\n\\n**Security Reminders**\\n\\n* Always keep your VPN client software up-to-date.\\n* Never share your login credentials with anyone.\\n* Avoid using public Wi-Fi or unsecured networks to access company resources via VPN.\\n\\nBy following these steps, remote workers can securely connect to the company network and access company resources from anywhere. If you have any questions or issues, please contact the IT helpdesk for further assistance.\\n\\n[row::2__chunk::1] sername and password).\\n4. Select the \\""Save\\"" button to save the connection settings.\\n\\n**Step 3: Establish the VPN Connection**\\n\\n1. Click on the \\""Connect\\"" button to establish the VPN connection.\\n2. You may be prompted to authenticate with two-factor authentication (2FA). Follow the prompts to complete 2FA.\\n3. Once connected, you will see a confirmation message indicating that you are connected to the company VPN.\\n\\n**Step 4: Verify VPN Connection**\\n\\n1. Open a web browser and navigate to `company.com`.\\n2. You should be able to access company resources, such as email, intranet, and file shares.\\n3. Verify that your device\'s IP address has changed to a company-assigned IP address.\\n\\n**Troubleshooting Tips**\\n\\n* If you encounter issues connecting to the VPN, ensure that your device meets the minimum system requirements and that your internet connection is stable.\\n* If you are unable to access company resources, verify that you are connected to the VPN and that your device\'s IP address has changed to a company-assigned IP address.\\n* If you continue to experience issues, contact the IT helpdesk for further assistance.\\n\\n**Security Reminders**\\n\\n* Always keep your VPN client software up-to-date.\\n\\n\\n[row::8__chunk::0] **Resetting a Jammed Printer**\\n\\n**Step 1: Turn Off the Printer**\\n\\nImmediately turn off the printer to prevent any further damage or paper jams. Locate the power button, usually found on the top or front of the printer, and press it to shut down the device.\\n\\n**Step 2: Open the Printer**\\n\\nLocate the printer\'s access panel, which varies depending on the printer model. Common locations include the top, front, or back of the printer. Open the panel by pressing the release latch or sliding it open. This will give you access to the internal mechanisms.\\n\\n**Step 3: Identify and Remove Jammed Paper**\\n\\nCarefully inspect the printer\'s internal mechanisms to locate the jammed paper. Gently pull out any visible paper scraps or torn pieces. Be cautious not to touch any internal components or rollers, as oils from your skin can cause damage.\\n\\n**Step 4: Check for Obstructions**\\n\\nInspect the printer\'s paper path, including the paper tray, rollers, and print head, for any obstructions or debris. Remove any dust, dirt, or other blockages that may be contributing to the jam.\\n\\n**Step 5: Realign the Paper Tray**\\n\\nIf the paper tray was dislodged during the jam, realign it according to the manufacturer\'s i\\n\\nAnswer:""}], ""role"": ""user""}]}', 'session_id': 's-75b0adb7f9a8', 'invocation_id': 'e-615c2fa8-6f64-48e8-972a-15e189d29d93', 'event_id': '0I7tRDgA'}}}","{""system_instruction"":""You are a strict RAG agent. Use only the provided context. If the context does not contain the answer, reply that you don't know. Cite supporting chunk ids in square brackets, e.g., [row::12__chunk::0]. Be concise.\n\nYou are an agent. Your internal name is \""adk_rag_minimal_agent\"".\n\n The description about you is \""Minimal RAG over CSV corpus\"""",""temperature"":0.0,""labels"":{""adk_agent_name"":""adk_rag_minimal_agent""}}",1316.0,246.0,"{'system': 'gcp.vertex.agent', 'request': {'model': 'gemini-2.0-flash'}}","{""model"": ""gemini-2.0-flash"", ""config"": {""system_instruction"": ""You are a strict RAG agent. Use only the provided context. If the context does not contain the answer, reply that you don't know. Cite supporting chunk ids in square brackets, e.g., [row::12__chunk::0]. Be concise.\n\nYou are an agent. Your internal name is \""adk_rag_minimal_agent\"".\n\n The description about you is \""Minimal RAG over CSV corpus\"""", ""temperature"": 0.0, ""labels"": {""adk_agent_name"": ""adk_rag_minimal_agent""}}, ""contents"": [{""parts"": [{""text"": ""Query: How do I set up VPN access on my laptop so I can work from home and access company resources?\n\nContext:\n[row::2__chunk::0] **Configuring VPN Access for Remote Workers**\n\n**Overview**\n\nThis article provides step-by-step instructions for configuring VPN access for remote workers. This allows employees working from home or other remote locations to securely connect to the company network and access company resources.\n\n**Prerequisites**\n\n* The remote worker's device (laptop or desktop) must meet the company's minimum system requirements for VPN connectivity.\n* The remote worker must have a valid company login credentials.\n* The remote worker must have a stable internet connection.\n\n**Step 1: Install the VPN Client**\n\n1. Go to the company's software portal and download the VPN client software.\n2. Run the installer and follow the prompts to install the software.\n3. Once installed, launch the VPN client software.\n\n**Step 2: Configure the VPN Connection**\n\n1. In the VPN client software, click on \""New Connection\"" and select \""Company VPN\"" as the connection type.\n2. Enter the company's VPN server address: `vpn.company.com`.\n3. Enter your company login credentials (username and password).\n4. Select the \""Save\"" button to save the connection settings.\n\n**Step 3: Establish the VPN Connection**\n\n1. Click on the \""Connec\n\n[row::2__chunk::2] nue to experience issues, contact the IT helpdesk for further assistance.\n\n**Security Reminders**\n\n* Always keep your VPN client software up-to-date.\n* Never share your login credentials with anyone.\n* Avoid using public Wi-Fi or unsecured networks to access company resources via VPN.\n\nBy following these steps, remote workers can securely connect to the company network and access company resources from anywhere. If you have any questions or issues, please contact the IT helpdesk for further assistance.\n\n[row::2__chunk::1] sername and password).\n4. Select the \""Save\"" button to save the connection settings.\n\n**Step 3: Establish the VPN Connection**\n\n1. Click on the \""Connect\"" button to establish the VPN connection.\n2. You may be prompted to authenticate with two-factor authentication (2FA). Follow the prompts to complete 2FA.\n3. Once connected, you will see a confirmation message indicating that you are connected to the company VPN.\n\n**Step 4: Verify VPN Connection**\n\n1. Open a web browser and navigate to `company.com`.\n2. You should be able to access company resources, such as email, intranet, and file shares.\n3. Verify that your device's IP address has changed to a company-assigned IP address.\n\n**Troubleshooting Tips**\n\n* If you encounter issues connecting to the VPN, ensure that your device meets the minimum system requirements and that your internet connection is stable.\n* If you are unable to access company resources, verify that you are connected to the VPN and that your device's IP address has changed to a company-assigned IP address.\n* If you continue to experience issues, contact the IT helpdesk for further assistance.\n\n**Security Reminders**\n\n* Always keep your VPN client software up-to-date.\n\n\n[row::8__chunk::0] **Resetting a Jammed Printer**\n\n**Step 1: Turn Off the Printer**\n\nImmediately turn off the printer to prevent any further damage or paper jams. Locate the power button, usually found on the top or front of the printer, and press it to shut down the device.\n\n**Step 2: Open the Printer**\n\nLocate the printer's access panel, which varies depending on the printer model. Common locations include the top, front, or back of the printer. Open the panel by pressing the release latch or sliding it open. This will give you access to the internal mechanisms.\n\n**Step 3: Identify and Remove Jammed Paper**\n\nCarefully inspect the printer's internal mechanisms to locate the jammed paper. Gently pull out any visible paper scraps or torn pieces. Be cautious not to touch any internal components or rollers, as oils from your skin can cause damage.\n\n**Step 4: Check for Obstructions**\n\nInspect the printer's paper path, including the paper tray, rollers, and print head, for any obstructions or debris. Remove any dust, dirt, or other blockages that may be contributing to the jam.\n\n**Step 5: Realign the Paper Tray**\n\nIf the paper tray was dislodged during the jam, realign it according to the manufacturer's i\n\nAnswer:""}], ""role"": ""user""}]}",1070.0,"{""content"":{""parts"":[{""text"":""To set up VPN access, first install the VPN client from your company's software portal [row::2__chunk::0]. Then, configure a new connection in the VPN client, selecting \""Company VPN\"" as the connection type and entering the company's VPN server address (`vpn.company.com`) and your login credentials [row::2__chunk::0]. Save the connection settings and click \""Connect\"" to establish the VPN connection [row::2__chunk::1]. You may need to complete two-factor authentication [row::2__chunk::1]. Verify the connection by opening a web browser and navigating to `company.com` to access company resources [row::2__chunk::1]. Ensure your device's IP address has changed to a company-assigned IP address [row::2__chunk::1]. If you have issues, ensure your device meets the minimum system requirements and your internet connection is stable [row::2__chunk::1]. Contact the IT helpdesk if you continue to experience issues [row::2__chunk::2]. Always keep your VPN client software up-to-date and never share your login credentials [row::2__chunk::2].\n""}],""role"":""model""},""usage_metadata"":{""candidates_token_count"":246,""candidates_tokens_details"":[{""modality"":""TEXT"",""token_count"":246}],""prompt_token_count"":1070,""prompt_tokens_details"":[{""modality"":""TEXT"",""token_count"":1070}],""total_token_count"":1316,""traffic_type"":""ON_DEMAND""}}","{'query': 'How do I set up VPN access on my laptop so I can work from home and access company resources?', 'context': '[row::2__chunk::0] **Configuring VPN Access for Remote Workers**\n\n**Overview**\n\nThis article provides step-by-step instructions for configuring VPN access for remote workers. This allows employees working from home or other remote locations to securely connect to the company network and access company resources.\n\n**Prerequisites**\n\n* The remote worker\'s device (laptop or desktop) must meet the company\'s minimum system requirements for VPN connectivity.\n* The remote worker must have a valid company login credentials.\n* The remote worker must have a stable internet connection.\n\n**Step 1: Install the VPN Client**\n\n1. Go to the company\'s software portal and download the VPN client software.\n2. Run the installer and follow the prompts to install the software.\n3. Once installed, launch the VPN client software.\n\n**Step 2: Configure the VPN Connection**\n\n1. In the VPN client software, click on ""New Connection"" and select ""Company VPN"" as the connection type.\n2. Enter the company\'s VPN server address: `vpn.company.com`.\n3. Enter your company login credentials (username and password).\n4. Select the ""Save"" button to save the connection settings.\n\n**Step 3: Establish the VPN Connection**\n\n1. Click on the ""Connec\n\n[row::2__chunk::2] nue to experience issues, contact the IT helpdesk for further assistance.\n\n**Security Reminders**\n\n* Always keep your VPN client software up-to-date.\n* Never share your login credentials with anyone.\n* Avoid using public Wi-Fi or unsecured networks to access company resources via VPN.\n\nBy following these steps, remote workers can securely connect to the company network and access company resources from anywhere. If you have any questions or issues, please contact the IT helpdesk for further assistance.\n\n[row::2__chunk::1] sername and password).\n4. Select the ""Save"" button to save the connection settings.\n\n**Step 3: Establish the VPN Connection**\n\n1. Click on the ""Connect"" button to establish the VPN connection.\n2. You may be prompted to authenticate with two-factor authentication (2FA). Follow the prompts to complete 2FA.\n3. Once connected, you will see a confirmation message indicating that you are connected to the company VPN.\n\n**Step 4: Verify VPN Connection**\n\n1. Open a web browser and navigate to `company.com`.\n2. You should be able to access company resources, such as email, intranet, and file shares.\n3. Verify that your device\'s IP address has changed to a company-assigned IP address.\n\n**Troubleshooting Tips**\n\n* If you encounter issues connecting to the VPN, ensure that your device meets the minimum system requirements and that your internet connection is stable.\n* If you are unable to access company resources, verify that you are connected to the VPN and that your device\'s IP address has changed to a company-assigned IP address.\n* If you continue to experience issues, contact the IT helpdesk for further assistance.\n\n**Security Reminders**\n\n* Always keep your VPN client software up-to-date.\n\n\n[row::8__chunk::0] **Resetting a Jammed Printer**\n\n**Step 1: Turn Off the Printer**\n\nImmediately turn off the printer to prevent any further damage or paper jams. Locate the power button, usually found on the top or front of the printer, and press it to shut down the device.\n\n**Step 2: Open the Printer**\n\nLocate the printer\'s access panel, which varies depending on the printer model. Common locations include the top, front, or back of the printer. Open the panel by pressing the release latch or sliding it open. This will give you access to the internal mechanisms.\n\n**Step 3: Identify and Remove Jammed Paper**\n\nCarefully inspect the printer\'s internal mechanisms to locate the jammed paper. Gently pull out any visible paper scraps or torn pieces. Be cautious not to touch any internal components or rollers, as oils from your skin can cause damage.\n\n**Step 4: Check for Obstructions**\n\nInspect the printer\'s paper path, including the paper tray, rollers, and print head, for any obstructions or debris. Remove any dust, dirt, or other blockages that may be contributing to the jam.\n\n**Step 5: Realign the Paper Tray**\n\nIf the paper tray was dislodged during the jam, realign it according to the manufacturer\'s i'}",google,gemini-2.0-flash,s-75b0adb7f9a8,"[{'message.role': 'model', 'message.contents': [{'message_content.type': 'text', 'message_content.text': 'To set up VPN access, first install the VPN client from your company\'s software portal [row::2__chunk::0]. Then, configure a new connection in the VPN client, selecting ""Company VPN"" as the connection type and entering the company\'s VPN server address (`vpn.company.com`) and your login credentials [row::2__chunk::0]. Save the connection settings and click ""Connect"" to establish the VPN connection [row::2__chunk::1]. You may need to complete two-factor authentication [row::2__chunk::1]. Verify the connection by opening a web browser and navigating to `company.com` to access company resources [row::2__chunk::1]. Ensure your device\'s IP address has changed to a company-assigned IP address [row::2__chunk::1]. If you have issues, ensure your device meets the minimum system requirements and your internet connection is stable [row::2__chunk::1]. Contact the IT helpdesk if you continue to experience issues [row::2__chunk::2]. Always keep your VPN client software up-to-date and never share your login credentials [row::2__chunk::2].\n'}]}]",v1,"Query: {query}

Context:
{context}

Answer:"
agent_run [adk_rag_minimal_agent],AGENT,332658d8f95a10b3,2025-08-15 06:42:49.308282+00:00,2025-08-15 06:42:51.959967+00:00,OK,,[],2224752608b128ea,1a008a7f7a7fc0a44d10ea5b7b8df306,u,,AGENT,application/json,,,,,,,,,"{""content"":{""parts"":[{""text"":""To set up VPN access, first install the VPN client from your company's software portal [row::2__chunk::0]. Then, configure a new connection in the VPN client, selecting \""Company VPN\"" as the connection type and entering the company's VPN server address (`vpn.company.com`) and your login credentials [row::2__chunk::0]. Save the connection settings and click \""Connect\"" to establish the VPN connection [row::2__chunk::1]. You may need to complete two-factor authentication [row::2__chunk::1]. Verify the connection by opening a web browser and navigating to `company.com` to access company resources [row::2__chunk::1]. Ensure your device's IP address has changed to a company-assigned IP address [row::2__chunk::1]. If you have issues, ensure your device meets the minimum system requirements and your internet connection is stable [row::2__chunk::1]. Contact the IT helpdesk if you continue to experience issues [row::2__chunk::2]. Always keep your VPN client software up-to-date and never share your login credentials [row::2__chunk::2].\n""}],""role"":""model""},""usage_metadata"":{""candidates_token_count"":246,""candidates_tokens_details"":[{""modality"":""TEXT"",""token_count"":246}],""prompt_token_count"":1070,""prompt_tokens_details"":[{""modality"":""TEXT"",""token_count"":1070}],""total_token_count"":1316,""traffic_type"":""ON_DEMAND""},""invocation_id"":""e-615c2fa8-6f64-48e8-972a-15e189d29d93"",""author"":""adk_rag_minimal_agent"",""actions"":{""state_delta"":{},""artifact_delta"":{},""requested_auth_configs"":{}},""id"":""0I7tRDgA"",""timestamp"":1755240169.308721}","{'query': 'How do I set up VPN access on my laptop so I can work from home and access company resources?', 'context': '[row::2__chunk::0] **Configuring VPN Access for Remote Workers**\n\n**Overview**\n\nThis article provides step-by-step instructions for configuring VPN access for remote workers. This allows employees working from home or other remote locations to securely connect to the company network and access company resources.\n\n**Prerequisites**\n\n* The remote worker\'s device (laptop or desktop) must meet the company\'s minimum system requirements for VPN connectivity.\n* The remote worker must have a valid company login credentials.\n* The remote worker must have a stable internet connection.\n\n**Step 1: Install the VPN Client**\n\n1. Go to the company\'s software portal and download the VPN client software.\n2. Run the installer and follow the prompts to install the software.\n3. Once installed, launch the VPN client software.\n\n**Step 2: Configure the VPN Connection**\n\n1. In the VPN client software, click on ""New Connection"" and select ""Company VPN"" as the connection type.\n2. Enter the company\'s VPN server address: `vpn.company.com`.\n3. Enter your company login credentials (username and password).\n4. Select the ""Save"" button to save the connection settings.\n\n**Step 3: Establish the VPN Connection**\n\n1. Click on the ""Connec\n\n[row::2__chunk::2] nue to experience issues, contact the IT helpdesk for further assistance.\n\n**Security Reminders**\n\n* Always keep your VPN client software up-to-date.\n* Never share your login credentials with anyone.\n* Avoid using public Wi-Fi or unsecured networks to access company resources via VPN.\n\nBy following these steps, remote workers can securely connect to the company network and access company resources from anywhere. If you have any questions or issues, please contact the IT helpdesk for further assistance.\n\n[row::2__chunk::1] sername and password).\n4. Select the ""Save"" button to save the connection settings.\n\n**Step 3: Establish the VPN Connection**\n\n1. Click on the ""Connect"" button to establish the VPN connection.\n2. You may be prompted to authenticate with two-factor authentication (2FA). Follow the prompts to complete 2FA.\n3. Once connected, you will see a confirmation message indicating that you are connected to the company VPN.\n\n**Step 4: Verify VPN Connection**\n\n1. Open a web browser and navigate to `company.com`.\n2. You should be able to access company resources, such as email, intranet, and file shares.\n3. Verify that your device\'s IP address has changed to a company-assigned IP address.\n\n**Troubleshooting Tips**\n\n* If you encounter issues connecting to the VPN, ensure that your device meets the minimum system requirements and that your internet connection is stable.\n* If you are unable to access company resources, verify that you are connected to the VPN and that your device\'s IP address has changed to a company-assigned IP address.\n* If you continue to experience issues, contact the IT helpdesk for further assistance.\n\n**Security Reminders**\n\n* Always keep your VPN client software up-to-date.\n\n\n[row::8__chunk::0] **Resetting a Jammed Printer**\n\n**Step 1: Turn Off the Printer**\n\nImmediately turn off the printer to prevent any further damage or paper jams. Locate the power button, usually found on the top or front of the printer, and press it to shut down the device.\n\n**Step 2: Open the Printer**\n\nLocate the printer\'s access panel, which varies depending on the printer model. Common locations include the top, front, or back of the printer. Open the panel by pressing the release latch or sliding it open. This will give you access to the internal mechanisms.\n\n**Step 3: Identify and Remove Jammed Paper**\n\nCarefully inspect the printer\'s internal mechanisms to locate the jammed paper. Gently pull out any visible paper scraps or torn pieces. Be cautious not to touch any internal components or rollers, as oils from your skin can cause damage.\n\n**Step 4: Check for Obstructions**\n\nInspect the printer\'s paper path, including the paper tray, rollers, and print head, for any obstructions or debris. Remove any dust, dirt, or other blockages that may be contributing to the jam.\n\n**Step 5: Realign the Paper Tray**\n\nIf the paper tray was dislodged during the jam, realign it according to the manufacturer\'s i'}",,,s-75b0adb7f9a8,,v1,"Query: {query}

Context:
{context}

Answer:"
invocation [adk_rag_minimal],CHAIN,,2025-08-15 06:42:49.307834+00:00,2025-08-15 06:42:51.961419+00:00,OK,,[],332658d8f95a10b3,1a008a7f7a7fc0a44d10ea5b7b8df306,u,application/json,CHAIN,application/json,,,,,,,"{""user_id"": ""u"", ""session_id"": ""s-75b0adb7f9a8"", ""new_message"": {""parts"": [{""text"": ""Query: How do I set up VPN access on my laptop so I can work from home and access company resources?\n\nContext:\n[row::2__chunk::0] **Configuring VPN Access for Remote Workers**\n\n**Overview**\n\nThis article provides step-by-step instructions for configuring VPN access for remote workers. This allows employees working from home or other remote locations to securely connect to the company network and access company resources.\n\n**Prerequisites**\n\n* The remote worker's device (laptop or desktop) must meet the company's minimum system requirements for VPN connectivity.\n* The remote worker must have a valid company login credentials.\n* The remote worker must have a stable internet connection.\n\n**Step 1: Install the VPN Client**\n\n1. Go to the company's software portal and download the VPN client software.\n2. Run the installer and follow the prompts to install the software.\n3. Once installed, launch the VPN client software.\n\n**Step 2: Configure the VPN Connection**\n\n1. In the VPN client software, click on \""New Connection\"" and select \""Company VPN\"" as the connection type.\n2. Enter the company's VPN server address: `vpn.company.com`.\n3. Enter your company login credentials (username and password).\n4. Select the \""Save\"" button to save the connection settings.\n\n**Step 3: Establish the VPN Connection**\n\n1. Click on the \""Connec\n\n[row::2__chunk::2] nue to experience issues, contact the IT helpdesk for further assistance.\n\n**Security Reminders**\n\n* Always keep your VPN client software up-to-date.\n* Never share your login credentials with anyone.\n* Avoid using public Wi-Fi or unsecured networks to access company resources via VPN.\n\nBy following these steps, remote workers can securely connect to the company network and access company resources from anywhere. If you have any questions or issues, please contact the IT helpdesk for further assistance.\n\n[row::2__chunk::1] sername and password).\n4. Select the \""Save\"" button to save the connection settings.\n\n**Step 3: Establish the VPN Connection**\n\n1. Click on the \""Connect\"" button to establish the VPN connection.\n2. You may be prompted to authenticate with two-factor authentication (2FA). Follow the prompts to complete 2FA.\n3. Once connected, you will see a confirmation message indicating that you are connected to the company VPN.\n\n**Step 4: Verify VPN Connection**\n\n1. Open a web browser and navigate to `company.com`.\n2. You should be able to access company resources, such as email, intranet, and file shares.\n3. Verify that your device's IP address has changed to a company-assigned IP address.\n\n**Troubleshooting Tips**\n\n* If you encounter issues connecting to the VPN, ensure that your device meets the minimum system requirements and that your internet connection is stable.\n* If you are unable to access company resources, verify that you are connected to the VPN and that your device's IP address has changed to a company-assigned IP address.\n* If you continue to experience issues, contact the IT helpdesk for further assistance.\n\n**Security Reminders**\n\n* Always keep your VPN client software up-to-date.\n\n\n[row::8__chunk::0] **Resetting a Jammed Printer**\n\n**Step 1: Turn Off the Printer**\n\nImmediately turn off the printer to prevent any further damage or paper jams. Locate the power button, usually found on the top or front of the printer, and press it to shut down the device.\n\n**Step 2: Open the Printer**\n\nLocate the printer's access panel, which varies depending on the printer model. Common locations include the top, front, or back of the printer. Open the panel by pressing the release latch or sliding it open. This will give you access to the internal mechanisms.\n\n**Step 3: Identify and Remove Jammed Paper**\n\nCarefully inspect the printer's internal mechanisms to locate the jammed paper. Gently pull out any visible paper scraps or torn pieces. Be cautious not to touch any internal components or rollers, as oils from your skin can cause damage.\n\n**Step 4: Check for Obstructions**\n\nInspect the printer's paper path, including the paper tray, rollers, and print head, for any obstructions or debris. Remove any dust, dirt, or other blockages that may be contributing to the jam.\n\n**Step 5: Realign the Paper Tray**\n\nIf the paper tray was dislodged during the jam, realign it according to the manufacturer's i\n\nAnswer:""}], ""role"": ""user""}, ""run_config"": {""save_input_blobs_as_artifacts"": false, ""support_cfc"": false, ""streaming_mode"": ""StreamingMode.NONE"", ""max_llm_calls"": 500}}",,"{""content"":{""parts"":[{""text"":""To set up VPN access, first install the VPN client from your company's software portal [row::2__chunk::0]. Then, configure a new connection in the VPN client, selecting \""Company VPN\"" as the connection type and entering the company's VPN server address (`vpn.company.com`) and your login credentials [row::2__chunk::0]. Save the connection settings and click \""Connect\"" to establish the VPN connection [row::2__chunk::1]. You may need to complete two-factor authentication [row::2__chunk::1]. Verify the connection by opening a web browser and navigating to `company.com` to access company resources [row::2__chunk::1]. Ensure your device's IP address has changed to a company-assigned IP address [row::2__chunk::1]. If you have issues, ensure your device meets the minimum system requirements and your internet connection is stable [row::2__chunk::1]. Contact the IT helpdesk if you continue to experience issues [row::2__chunk::2]. Always keep your VPN client software up-to-date and never share your login credentials [row::2__chunk::2].\n""}],""role"":""model""},""usage_metadata"":{""candidates_token_count"":246,""candidates_tokens_details"":[{""modality"":""TEXT"",""token_count"":246}],""prompt_token_count"":1070,""prompt_tokens_details"":[{""modality"":""TEXT"",""token_count"":1070}],""total_token_count"":1316,""traffic_type"":""ON_DEMAND""},""invocation_id"":""e-615c2fa8-6f64-48e8-972a-15e189d29d93"",""author"":""adk_rag_minimal_agent"",""actions"":{""state_delta"":{},""artifact_delta"":{},""requested_auth_configs"":{}},""id"":""0I7tRDgA"",""timestamp"":1755240169.308721}","{'query': 'How do I set up VPN access on my laptop so I can work from home and access company resources?', 'context': '[row::2__chunk::0] **Configuring VPN Access for Remote Workers**\n\n**Overview**\n\nThis article provides step-by-step instructions for configuring VPN access for remote workers. This allows employees working from home or other remote locations to securely connect to the company network and access company resources.\n\n**Prerequisites**\n\n* The remote worker\'s device (laptop or desktop) must meet the company\'s minimum system requirements for VPN connectivity.\n* The remote worker must have a valid company login credentials.\n* The remote worker must have a stable internet connection.\n\n**Step 1: Install the VPN Client**\n\n1. Go to the company\'s software portal and download the VPN client software.\n2. Run the installer and follow the prompts to install the software.\n3. Once installed, launch the VPN client software.\n\n**Step 2: Configure the VPN Connection**\n\n1. In the VPN client software, click on ""New Connection"" and select ""Company VPN"" as the connection type.\n2. Enter the company\'s VPN server address: `vpn.company.com`.\n3. Enter your company login credentials (username and password).\n4. Select the ""Save"" button to save the connection settings.\n\n**Step 3: Establish the VPN Connection**\n\n1. Click on the ""Connec\n\n[row::2__chunk::2] nue to experience issues, contact the IT helpdesk for further assistance.\n\n**Security Reminders**\n\n* Always keep your VPN client software up-to-date.\n* Never share your login credentials with anyone.\n* Avoid using public Wi-Fi or unsecured networks to access company resources via VPN.\n\nBy following these steps, remote workers can securely connect to the company network and access company resources from anywhere. If you have any questions or issues, please contact the IT helpdesk for further assistance.\n\n[row::2__chunk::1] sername and password).\n4. Select the ""Save"" button to save the connection settings.\n\n**Step 3: Establish the VPN Connection**\n\n1. Click on the ""Connect"" button to establish the VPN connection.\n2. You may be prompted to authenticate with two-factor authentication (2FA). Follow the prompts to complete 2FA.\n3. Once connected, you will see a confirmation message indicating that you are connected to the company VPN.\n\n**Step 4: Verify VPN Connection**\n\n1. Open a web browser and navigate to `company.com`.\n2. You should be able to access company resources, such as email, intranet, and file shares.\n3. Verify that your device\'s IP address has changed to a company-assigned IP address.\n\n**Troubleshooting Tips**\n\n* If you encounter issues connecting to the VPN, ensure that your device meets the minimum system requirements and that your internet connection is stable.\n* If you are unable to access company resources, verify that you are connected to the VPN and that your device\'s IP address has changed to a company-assigned IP address.\n* If you continue to experience issues, contact the IT helpdesk for further assistance.\n\n**Security Reminders**\n\n* Always keep your VPN client software up-to-date.\n\n\n[row::8__chunk::0] **Resetting a Jammed Printer**\n\n**Step 1: Turn Off the Printer**\n\nImmediately turn off the printer to prevent any further damage or paper jams. Locate the power button, usually found on the top or front of the printer, and press it to shut down the device.\n\n**Step 2: Open the Printer**\n\nLocate the printer\'s access panel, which varies depending on the printer model. Common locations include the top, front, or back of the printer. Open the panel by pressing the release latch or sliding it open. This will give you access to the internal mechanisms.\n\n**Step 3: Identify and Remove Jammed Paper**\n\nCarefully inspect the printer\'s internal mechanisms to locate the jammed paper. Gently pull out any visible paper scraps or torn pieces. Be cautious not to touch any internal components or rollers, as oils from your skin can cause damage.\n\n**Step 4: Check for Obstructions**\n\nInspect the printer\'s paper path, including the paper tray, rollers, and print head, for any obstructions or debris. Remove any dust, dirt, or other blockages that may be contributing to the jam.\n\n**Step 5: Realign the Paper Tray**\n\nIf the paper tray was dislodged during the jam, realign it according to the manufacturer\'s i'}",,,s-75b0adb7f9a8,,v1,"Query: {query}

Context:
{context}

Answer:"
call_llm,LLM,2f5117a6ad7f4ffe,2025-08-15 06:42:51.966191+00:00,2025-08-15 06:42:54.616438+00:00,OK,,[],2a1db779efdad157,8a814010f438339dc84aa9d90ac1b81a,u,application/json,LLM,application/json,"[{'message.role': 'system', 'message.content': 'You are a strict RAG agent. Use only the provided context. If the context does not contain the answer, reply that you don\'t know. Cite supporting chunk ids in square brackets, e.g., [row::12__chunk::0]. Be concise.\n\nYou are an agent. Your internal name is ""adk_rag_minimal_agent"".\n\n The description about you is ""Minimal RAG over CSV corpus""'}, {'message.role': 'user', 'message.contents': [{'message_content.type': 'text', 'message_content.text': ""Query: My Microsoft Word keeps freezing every time I try to open a document, I've tried closing and reopening it but the issue persists, what can I do to fix it?\n\nContext:\n[row::3__chunk::1]  Files**\n\nCorrupt files can cause issues with Microsoft Office applications. Try opening a new, blank document to see if the issue persists. If the issue does not occur with a new document, it's possible that the original file is corrupt.\n\n**Step 5: Check for Conflicting Programs**\n\nOther programs running on your computer can conflict with Microsoft Office applications. Try closing all other programs and background applications to see if the issue resolves.\n\n**Step 6: Check Office Configuration**\n\nOffice configuration issues can cause problems with Microsoft Office applications. Try resetting Office configuration by following these steps:\n\n* Open the **Command Prompt** as an administrator.\n* Type the following command and press **Enter**: `officec2rclient.exe /uninstall`\n* Wait for the command to complete, then restart your computer.\n\n**Step 7: Reinstall Microsoft Office**\n\nIf none of the above steps resolve the issue, try reinstalling Microsoft Office. Go to the **Control Panel**, select **Programs and Features**, and uninstall Microsoft Office. Then, reinstall Microsoft Office from the company's software portal or by contacting the IT department.\n\n**Additional Troubleshooting Tip\n\n[row::3__chunk::0] **Troubleshooting Issues with Microsoft Office**\n\nThis article provides steps to troubleshoot common issues with Microsoft Office applications, including Word, Excel, PowerPoint, and Outlook.\n\n**Step 1: Restart Microsoft Office**\n\nBefore proceeding with troubleshooting, try restarting the Microsoft Office application that is experiencing issues. This simple step can often resolve problems caused by temporary glitches or corrupted files.\n\n**Step 2: Check for Updates**\n\nEnsure that Microsoft Office is up-to-date. Open any Microsoft Office application, go to **File** > **Account**, and click **Update Options**. If updates are available, install them and restart the application.\n\n**Step 3: Disable Add-ins**\n\nAdd-ins can sometimes cause issues with Microsoft Office applications. To disable add-ins, follow these steps:\n\n* Open the Microsoft Office application experiencing issues.\n* Go to **File** > **Options** > **Add-ins**.\n* Uncheck the boxes next to each add-in to disable them.\n* Click **OK** to save changes.\n\n**Step 4: Check for Corrupt Files**\n\nCorrupt files can cause issues with Microsoft Office applications. Try opening a new, blank document to see if the issue persists. If the is\n\n[row::3__chunk::2] soft Office. Then, reinstall Microsoft Office from the company's software portal or by contacting the IT department.\n\n**Additional Troubleshooting Tips**\n\n* Check for antivirus software conflicts, as some antivirus programs can interfere with Microsoft Office applications.\n* Ensure that your computer meets the system requirements for Microsoft Office.\n* If using a Microsoft Office template, try creating a new document from scratch to see if the issue persists.\n* If experiencing issues with a specific file, try opening the file on a different computer or in a different Microsoft Office application to isolate the problem.\n\nBy following these steps, you should be able to troubleshoot and resolve common issues with Microsoft Office applications. If the issue persists, contact the IT department for further assistance.\n\n[row::8__chunk::0] **Resetting a Jammed Printer**\n\n**Step 1: Turn Off the Printer**\n\nImmediately turn off the printer to prevent any further damage or paper jams. Locate the power button, usually found on the top or front of the printer, and press it to shut down the device.\n\n**Step 2: Open the Printer**\n\nLocate the printer's access panel, which varies depending on the printer model. Common locations include the top, front, or back of the printer. Open the panel by pressing the release latch or sliding it open. This will give you access to the internal mechanisms.\n\n**Step 3: Identify and Remove Jammed Paper**\n\nCarefully inspect the printer's internal mechanisms to locate the jammed paper. Gently pull out any visible paper scraps or torn pieces. Be cautious not to touch any internal components or rollers, as oils from your skin can cause damage.\n\n**Step 4: Check for Obstructions**\n\nInspect the printer's paper path, including the paper tray, rollers, and print head, for any obstructions or debris. Remove any dust, dirt, or other blockages that may be contributing to the jam.\n\n**Step 5: Realign the Paper Tray**\n\nIf the paper tray was dislodged during the jam, realign it according to the manufacturer's i\n\nAnswer:""}]}]","{'vertex': {'agent': {'llm_response': '{""content"":{""parts"":[{""text"":""Here are some troubleshooting steps you can try:\\n\\n1.  **Restart Microsoft Office**: This can resolve temporary glitches [row::3__chunk::0].\\n2.  **Check for Updates**: Ensure Microsoft Office is up-to-date by going to File > Account > Update Options [row::3__chunk::0].\\n3.  **Disable Add-ins**: Go to File > Options > Add-ins and uncheck the boxes next to each add-in to disable them [row::3__chunk::0].\\n4.  **Check for Corrupt Files**: Open a new, blank document to see if the issue persists. If it doesn\'t, the original file may be corrupt [row::3__chunk::1].\\n5.  **Check for Conflicting Programs**: Close all other programs and background applications [row::3__chunk::1].\\n6.  **Check Office Configuration**: Open Command Prompt as administrator, type `officec2rclient.exe /uninstall`, and restart your computer [row::3__chunk::1].\\n7.  **Reinstall Microsoft Office**: Uninstall Microsoft Office from the Control Panel and reinstall it [row::3__chunk::1, row::3__chunk::2].\\n\\nAlso, check for antivirus software conflicts and ensure your computer meets the system requirements for Microsoft Office [row::3__chunk::2].\\n""}],""role"":""model""},""usage_metadata"":{""candidates_token_count"":288,""candidates_tokens_details"":[{""modality"":""TEXT"",""token_count"":288}],""prompt_token_count"":1088,""prompt_tokens_details"":[{""modality"":""TEXT"",""token_count"":1088}],""total_token_count"":1376,""traffic_type"":""ON_DEMAND""}}', 'llm_request': '{""model"": ""gemini-2.0-flash"", ""config"": {""system_instruction"": ""You are a strict RAG agent. Use only the provided context. If the context does not contain the answer, reply that you don\'t know. Cite supporting chunk ids in square brackets, e.g., [row::12__chunk::0]. Be concise.\\n\\nYou are an agent. Your internal name is \\""adk_rag_minimal_agent\\"".\\n\\n The description about you is \\""Minimal RAG over CSV corpus\\"""", ""temperature"": 0.0, ""labels"": {""adk_agent_name"": ""adk_rag_minimal_agent""}}, ""contents"": [{""parts"": [{""text"": ""Query: My Microsoft Word keeps freezing every time I try to open a document, I\'ve tried closing and reopening it but the issue persists, what can I do to fix it?\\n\\nContext:\\n[row::3__chunk::1]  Files**\\n\\nCorrupt files can cause issues with Microsoft Office applications. Try opening a new, blank document to see if the issue persists. If the issue does not occur with a new document, it\'s possible that the original file is corrupt.\\n\\n**Step 5: Check for Conflicting Programs**\\n\\nOther programs running on your computer can conflict with Microsoft Office applications. Try closing all other programs and background applications to see if the issue resolves.\\n\\n**Step 6: Check Office Configuration**\\n\\nOffice configuration issues can cause problems with Microsoft Office applications. Try resetting Office configuration by following these steps:\\n\\n* Open the **Command Prompt** as an administrator.\\n* Type the following command and press **Enter**: `officec2rclient.exe /uninstall`\\n* Wait for the command to complete, then restart your computer.\\n\\n**Step 7: Reinstall Microsoft Office**\\n\\nIf none of the above steps resolve the issue, try reinstalling Microsoft Office. Go to the **Control Panel**, select **Programs and Features**, and uninstall Microsoft Office. Then, reinstall Microsoft Office from the company\'s software portal or by contacting the IT department.\\n\\n**Additional Troubleshooting Tip\\n\\n[row::3__chunk::0] **Troubleshooting Issues with Microsoft Office**\\n\\nThis article provides steps to troubleshoot common issues with Microsoft Office applications, including Word, Excel, PowerPoint, and Outlook.\\n\\n**Step 1: Restart Microsoft Office**\\n\\nBefore proceeding with troubleshooting, try restarting the Microsoft Office application that is experiencing issues. This simple step can often resolve problems caused by temporary glitches or corrupted files.\\n\\n**Step 2: Check for Updates**\\n\\nEnsure that Microsoft Office is up-to-date. Open any Microsoft Office application, go to **File** > **Account**, and click **Update Options**. If updates are available, install them and restart the application.\\n\\n**Step 3: Disable Add-ins**\\n\\nAdd-ins can sometimes cause issues with Microsoft Office applications. To disable add-ins, follow these steps:\\n\\n* Open the Microsoft Office application experiencing issues.\\n* Go to **File** > **Options** > **Add-ins**.\\n* Uncheck the boxes next to each add-in to disable them.\\n* Click **OK** to save changes.\\n\\n**Step 4: Check for Corrupt Files**\\n\\nCorrupt files can cause issues with Microsoft Office applications. Try opening a new, blank document to see if the issue persists. If the is\\n\\n[row::3__chunk::2] soft Office. Then, reinstall Microsoft Office from the company\'s software portal or by contacting the IT department.\\n\\n**Additional Troubleshooting Tips**\\n\\n* Check for antivirus software conflicts, as some antivirus programs can interfere with Microsoft Office applications.\\n* Ensure that your computer meets the system requirements for Microsoft Office.\\n* If using a Microsoft Office template, try creating a new document from scratch to see if the issue persists.\\n* If experiencing issues with a specific file, try opening the file on a different computer or in a different Microsoft Office application to isolate the problem.\\n\\nBy following these steps, you should be able to troubleshoot and resolve common issues with Microsoft Office applications. If the issue persists, contact the IT department for further assistance.\\n\\n[row::8__chunk::0] **Resetting a Jammed Printer**\\n\\n**Step 1: Turn Off the Printer**\\n\\nImmediately turn off the printer to prevent any further damage or paper jams. Locate the power button, usually found on the top or front of the printer, and press it to shut down the device.\\n\\n**Step 2: Open the Printer**\\n\\nLocate the printer\'s access panel, which varies depending on the printer model. Common locations include the top, front, or back of the printer. Open the panel by pressing the release latch or sliding it open. This will give you access to the internal mechanisms.\\n\\n**Step 3: Identify and Remove Jammed Paper**\\n\\nCarefully inspect the printer\'s internal mechanisms to locate the jammed paper. Gently pull out any visible paper scraps or torn pieces. Be cautious not to touch any internal components or rollers, as oils from your skin can cause damage.\\n\\n**Step 4: Check for Obstructions**\\n\\nInspect the printer\'s paper path, including the paper tray, rollers, and print head, for any obstructions or debris. Remove any dust, dirt, or other blockages that may be contributing to the jam.\\n\\n**Step 5: Realign the Paper Tray**\\n\\nIf the paper tray was dislodged during the jam, realign it according to the manufacturer\'s i\\n\\nAnswer:""}], ""role"": ""user""}]}', 'session_id': 's-e5b4db124b59', 'invocation_id': 'e-63375112-328c-44a3-acdd-0ed3dae917a5', 'event_id': 'MRgkse0m'}}}","{""system_instruction"":""You are a strict RAG agent. Use only the provided context. If the context does not contain the answer, reply that you don't know. Cite supporting chunk ids in square brackets, e.g., [row::12__chunk::0]. Be concise.\n\nYou are an agent. Your internal name is \""adk_rag_minimal_agent\"".\n\n The description about you is \""Minimal RAG over CSV corpus\"""",""temperature"":0.0,""labels"":{""adk_agent_name"":""adk_rag_minimal_agent""}}",1376.0,288.0,"{'system': 'gcp.vertex.agent', 'request': {'model': 'gemini-2.0-flash'}}","{""model"": ""gemini-2.0-flash"", ""config"": {""system_instruction"": ""You are a strict RAG agent. Use only the provided context. If the context does not contain the answer, reply that you don't know. Cite supporting chunk ids in square brackets, e.g., [row::12__chunk::0]. Be concise.\n\nYou are an agent. Your internal name is \""adk_rag_minimal_agent\"".\n\n The description about you is \""Minimal RAG over CSV corpus\"""", ""temperature"": 0.0, ""labels"": {""adk_agent_name"": ""adk_rag_minimal_agent""}}, ""contents"": [{""parts"": [{""text"": ""Query: My Microsoft Word keeps freezing every time I try to open a document, I've tried closing and reopening it but the issue persists, what can I do to fix it?\n\nContext:\n[row::3__chunk::1]  Files**\n\nCorrupt files can cause issues with Microsoft Office applications. Try opening a new, blank document to see if the issue persists. If the issue does not occur with a new document, it's possible that the original file is corrupt.\n\n**Step 5: Check for Conflicting Programs**\n\nOther programs running on your computer can conflict with Microsoft Office applications. Try closing all other programs and background applications to see if the issue resolves.\n\n**Step 6: Check Office Configuration**\n\nOffice configuration issues can cause problems with Microsoft Office applications. Try resetting Office configuration by following these steps:\n\n* Open the **Command Prompt** as an administrator.\n* Type the following command and press **Enter**: `officec2rclient.exe /uninstall`\n* Wait for the command to complete, then restart your computer.\n\n**Step 7: Reinstall Microsoft Office**\n\nIf none of the above steps resolve the issue, try reinstalling Microsoft Office. Go to the **Control Panel**, select **Programs and Features**, and uninstall Microsoft Office. Then, reinstall Microsoft Office from the company's software portal or by contacting the IT department.\n\n**Additional Troubleshooting Tip\n\n[row::3__chunk::0] **Troubleshooting Issues with Microsoft Office**\n\nThis article provides steps to troubleshoot common issues with Microsoft Office applications, including Word, Excel, PowerPoint, and Outlook.\n\n**Step 1: Restart Microsoft Office**\n\nBefore proceeding with troubleshooting, try restarting the Microsoft Office application that is experiencing issues. This simple step can often resolve problems caused by temporary glitches or corrupted files.\n\n**Step 2: Check for Updates**\n\nEnsure that Microsoft Office is up-to-date. Open any Microsoft Office application, go to **File** > **Account**, and click **Update Options**. If updates are available, install them and restart the application.\n\n**Step 3: Disable Add-ins**\n\nAdd-ins can sometimes cause issues with Microsoft Office applications. To disable add-ins, follow these steps:\n\n* Open the Microsoft Office application experiencing issues.\n* Go to **File** > **Options** > **Add-ins**.\n* Uncheck the boxes next to each add-in to disable them.\n* Click **OK** to save changes.\n\n**Step 4: Check for Corrupt Files**\n\nCorrupt files can cause issues with Microsoft Office applications. Try opening a new, blank document to see if the issue persists. If the is\n\n[row::3__chunk::2] soft Office. Then, reinstall Microsoft Office from the company's software portal or by contacting the IT department.\n\n**Additional Troubleshooting Tips**\n\n* Check for antivirus software conflicts, as some antivirus programs can interfere with Microsoft Office applications.\n* Ensure that your computer meets the system requirements for Microsoft Office.\n* If using a Microsoft Office template, try creating a new document from scratch to see if the issue persists.\n* If experiencing issues with a specific file, try opening the file on a different computer or in a different Microsoft Office application to isolate the problem.\n\nBy following these steps, you should be able to troubleshoot and resolve common issues with Microsoft Office applications. If the issue persists, contact the IT department for further assistance.\n\n[row::8__chunk::0] **Resetting a Jammed Printer**\n\n**Step 1: Turn Off the Printer**\n\nImmediately turn off the printer to prevent any further damage or paper jams. Locate the power button, usually found on the top or front of the printer, and press it to shut down the device.\n\n**Step 2: Open the Printer**\n\nLocate the printer's access panel, which varies depending on the printer model. Common locations include the top, front, or back of the printer. Open the panel by pressing the release latch or sliding it open. This will give you access to the internal mechanisms.\n\n**Step 3: Identify and Remove Jammed Paper**\n\nCarefully inspect the printer's internal mechanisms to locate the jammed paper. Gently pull out any visible paper scraps or torn pieces. Be cautious not to touch any internal components or rollers, as oils from your skin can cause damage.\n\n**Step 4: Check for Obstructions**\n\nInspect the printer's paper path, including the paper tray, rollers, and print head, for any obstructions or debris. Remove any dust, dirt, or other blockages that may be contributing to the jam.\n\n**Step 5: Realign the Paper Tray**\n\nIf the paper tray was dislodged during the jam, realign it according to the manufacturer's i\n\nAnswer:""}], ""role"": ""user""}]}",1088.0,"{""content"":{""parts"":[{""text"":""Here are some troubleshooting steps you can try:\n\n1.  **Restart Microsoft Office**: This can resolve temporary glitches [row::3__chunk::0].\n2.  **Check for Updates**: Ensure Microsoft Office is up-to-date by going to File > Account > Update Options [row::3__chunk::0].\n3.  **Disable Add-ins**: Go to File > Options > Add-ins and uncheck the boxes next to each add-in to disable them [row::3__chunk::0].\n4.  **Check for Corrupt Files**: Open a new, blank document to see if the issue persists. If it doesn't, the original file may be corrupt [row::3__chunk::1].\n5.  **Check for Conflicting Programs**: Close all other programs and background applications [row::3__chunk::1].\n6.  **Check Office Configuration**: Open Command Prompt as administrator, type `officec2rclient.exe /uninstall`, and restart your computer [row::3__chunk::1].\n7.  **Reinstall Microsoft Office**: Uninstall Microsoft Office from the Control Panel and reinstall it [row::3__chunk::1, row::3__chunk::2].\n\nAlso, check for antivirus software conflicts and ensure your computer meets the system requirements for Microsoft Office [row::3__chunk::2].\n""}],""role"":""model""},""usage_metadata"":{""candidates_token_count"":288,""candidates_tokens_details"":[{""modality"":""TEXT"",""token_count"":288}],""prompt_token_count"":1088,""prompt_tokens_details"":[{""modality"":""TEXT"",""token_count"":1088}],""total_token_count"":1376,""traffic_type"":""ON_DEMAND""}}","{'query': ""My Microsoft Word keeps freezing every time I try to open a document, I've tried closing and reopening it but the issue persists, what can I do to fix it?"", 'context': ""[row::3__chunk::1]  Files**\n\nCorrupt files can cause issues with Microsoft Office applications. Try opening a new, blank document to see if the issue persists. If the issue does not occur with a new document, it's possible that the original file is corrupt.\n\n**Step 5: Check for Conflicting Programs**\n\nOther programs running on your computer can conflict with Microsoft Office applications. Try closing all other programs and background applications to see if the issue resolves.\n\n**Step 6: Check Office Configuration**\n\nOffice configuration issues can cause problems with Microsoft Office applications. Try resetting Office configuration by following these steps:\n\n* Open the **Command Prompt** as an administrator.\n* Type the following command and press **Enter**: `officec2rclient.exe /uninstall`\n* Wait for the command to complete, then restart your computer.\n\n**Step 7: Reinstall Microsoft Office**\n\nIf none of the above steps resolve the issue, try reinstalling Microsoft Office. Go to the **Control Panel**, select **Programs and Features**, and uninstall Microsoft Office. Then, reinstall Microsoft Office from the company's software portal or by contacting the IT department.\n\n**Additional Troubleshooting Tip\n\n[row::3__chunk::0] **Troubleshooting Issues with Microsoft Office**\n\nThis article provides steps to troubleshoot common issues with Microsoft Office applications, including Word, Excel, PowerPoint, and Outlook.\n\n**Step 1: Restart Microsoft Office**\n\nBefore proceeding with troubleshooting, try restarting the Microsoft Office application that is experiencing issues. This simple step can often resolve problems caused by temporary glitches or corrupted files.\n\n**Step 2: Check for Updates**\n\nEnsure that Microsoft Office is up-to-date. Open any Microsoft Office application, go to **File** > **Account**, and click **Update Options**. If updates are available, install them and restart the application.\n\n**Step 3: Disable Add-ins**\n\nAdd-ins can sometimes cause issues with Microsoft Office applications. To disable add-ins, follow these steps:\n\n* Open the Microsoft Office application experiencing issues.\n* Go to **File** > **Options** > **Add-ins**.\n* Uncheck the boxes next to each add-in to disable them.\n* Click **OK** to save changes.\n\n**Step 4: Check for Corrupt Files**\n\nCorrupt files can cause issues with Microsoft Office applications. Try opening a new, blank document to see if the issue persists. If the is\n\n[row::3__chunk::2] soft Office. Then, reinstall Microsoft Office from the company's software portal or by contacting the IT department.\n\n**Additional Troubleshooting Tips**\n\n* Check for antivirus software conflicts, as some antivirus programs can interfere with Microsoft Office applications.\n* Ensure that your computer meets the system requirements for Microsoft Office.\n* If using a Microsoft Office template, try creating a new document from scratch to see if the issue persists.\n* If experiencing issues with a specific file, try opening the file on a different computer or in a different Microsoft Office application to isolate the problem.\n\nBy following these steps, you should be able to troubleshoot and resolve common issues with Microsoft Office applications. If the issue persists, contact the IT department for further assistance.\n\n[row::8__chunk::0] **Resetting a Jammed Printer**\n\n**Step 1: Turn Off the Printer**\n\nImmediately turn off the printer to prevent any further damage or paper jams. Locate the power button, usually found on the top or front of the printer, and press it to shut down the device.\n\n**Step 2: Open the Printer**\n\nLocate the printer's access panel, which varies depending on the printer model. Common locations include the top, front, or back of the printer. Open the panel by pressing the release latch or sliding it open. This will give you access to the internal mechanisms.\n\n**Step 3: Identify and Remove Jammed Paper**\n\nCarefully inspect the printer's internal mechanisms to locate the jammed paper. Gently pull out any visible paper scraps or torn pieces. Be cautious not to touch any internal components or rollers, as oils from your skin can cause damage.\n\n**Step 4: Check for Obstructions**\n\nInspect the printer's paper path, including the paper tray, rollers, and print head, for any obstructions or debris. Remove any dust, dirt, or other blockages that may be contributing to the jam.\n\n**Step 5: Realign the Paper Tray**\n\nIf the paper tray was dislodged during the jam, realign it according to the manufacturer's i""}",google,gemini-2.0-flash,s-e5b4db124b59,"[{'message.role': 'model', 'message.contents': [{'message_content.type': 'text', 'message_content.text': ""Here are some troubleshooting steps you can try:\n\n1.  **Restart Microsoft Office**: This can resolve temporary glitches [row::3__chunk::0].\n2.  **Check for Updates**: Ensure Microsoft Office is up-to-date by going to File > Account > Update Options [row::3__chunk::0].\n3.  **Disable Add-ins**: Go to File > Options > Add-ins and uncheck the boxes next to each add-in to disable them [row::3__chunk::0].\n4.  **Check for Corrupt Files**: Open a new, blank document to see if the issue persists. If it doesn't, the original file may be corrupt [row::3__chunk::1].\n5.  **Check for Conflicting Programs**: Close all other programs and background applications [row::3__chunk::1].\n6.  **Check Office Configuration**: Open Command Prompt as administrator, type `officec2rclient.exe /uninstall`, and restart your computer [row::3__chunk::1].\n7.  **Reinstall Microsoft Office**: Uninstall Microsoft Office from the Control Panel and reinstall it [row::3__chunk::1, row::3__chunk::2].\n\nAlso, check for antivirus software conflicts and ensure your computer meets the system requirements for Microsoft Office [row::3__chunk::2].\n""}]}]",v1,"Query: {query}

Context:
{context}

Answer:"
agent_run [adk_rag_minimal_agent],AGENT,2202061aa6209da1,2025-08-15 06:42:51.965702+00:00,2025-08-15 06:42:54.622251+00:00,OK,,[],2f5117a6ad7f4ffe,8a814010f438339dc84aa9d90ac1b81a,u,,AGENT,application/json,,,,,,,,,"{""content"":{""parts"":[{""text"":""Here are some troubleshooting steps you can try:\n\n1.  **Restart Microsoft Office**: This can resolve temporary glitches [row::3__chunk::0].\n2.  **Check for Updates**: Ensure Microsoft Office is up-to-date by going to File > Account > Update Options [row::3__chunk::0].\n3.  **Disable Add-ins**: Go to File > Options > Add-ins and uncheck the boxes next to each add-in to disable them [row::3__chunk::0].\n4.  **Check for Corrupt Files**: Open a new, blank document to see if the issue persists. If it doesn't, the original file may be corrupt [row::3__chunk::1].\n5.  **Check for Conflicting Programs**: Close all other programs and background applications [row::3__chunk::1].\n6.  **Check Office Configuration**: Open Command Prompt as administrator, type `officec2rclient.exe /uninstall`, and restart your computer [row::3__chunk::1].\n7.  **Reinstall Microsoft Office**: Uninstall Microsoft Office from the Control Panel and reinstall it [row::3__chunk::1, row::3__chunk::2].\n\nAlso, check for antivirus software conflicts and ensure your computer meets the system requirements for Microsoft Office [row::3__chunk::2].\n""}],""role"":""model""},""usage_metadata"":{""candidates_token_count"":288,""candidates_tokens_details"":[{""modality"":""TEXT"",""token_count"":288}],""prompt_token_count"":1088,""prompt_tokens_details"":[{""modality"":""TEXT"",""token_count"":1088}],""total_token_count"":1376,""traffic_type"":""ON_DEMAND""},""invocation_id"":""e-63375112-328c-44a3-acdd-0ed3dae917a5"",""author"":""adk_rag_minimal_agent"",""actions"":{""state_delta"":{},""artifact_delta"":{},""requested_auth_configs"":{}},""id"":""MRgkse0m"",""timestamp"":1755240171.966086}","{'query': ""My Microsoft Word keeps freezing every time I try to open a document, I've tried closing and reopening it but the issue persists, what can I do to fix it?"", 'context': ""[row::3__chunk::1]  Files**\n\nCorrupt files can cause issues with Microsoft Office applications. Try opening a new, blank document to see if the issue persists. If the issue does not occur with a new document, it's possible that the original file is corrupt.\n\n**Step 5: Check for Conflicting Programs**\n\nOther programs running on your computer can conflict with Microsoft Office applications. Try closing all other programs and background applications to see if the issue resolves.\n\n**Step 6: Check Office Configuration**\n\nOffice configuration issues can cause problems with Microsoft Office applications. Try resetting Office configuration by following these steps:\n\n* Open the **Command Prompt** as an administrator.\n* Type the following command and press **Enter**: `officec2rclient.exe /uninstall`\n* Wait for the command to complete, then restart your computer.\n\n**Step 7: Reinstall Microsoft Office**\n\nIf none of the above steps resolve the issue, try reinstalling Microsoft Office. Go to the **Control Panel**, select **Programs and Features**, and uninstall Microsoft Office. Then, reinstall Microsoft Office from the company's software portal or by contacting the IT department.\n\n**Additional Troubleshooting Tip\n\n[row::3__chunk::0] **Troubleshooting Issues with Microsoft Office**\n\nThis article provides steps to troubleshoot common issues with Microsoft Office applications, including Word, Excel, PowerPoint, and Outlook.\n\n**Step 1: Restart Microsoft Office**\n\nBefore proceeding with troubleshooting, try restarting the Microsoft Office application that is experiencing issues. This simple step can often resolve problems caused by temporary glitches or corrupted files.\n\n**Step 2: Check for Updates**\n\nEnsure that Microsoft Office is up-to-date. Open any Microsoft Office application, go to **File** > **Account**, and click **Update Options**. If updates are available, install them and restart the application.\n\n**Step 3: Disable Add-ins**\n\nAdd-ins can sometimes cause issues with Microsoft Office applications. To disable add-ins, follow these steps:\n\n* Open the Microsoft Office application experiencing issues.\n* Go to **File** > **Options** > **Add-ins**.\n* Uncheck the boxes next to each add-in to disable them.\n* Click **OK** to save changes.\n\n**Step 4: Check for Corrupt Files**\n\nCorrupt files can cause issues with Microsoft Office applications. Try opening a new, blank document to see if the issue persists. If the is\n\n[row::3__chunk::2] soft Office. Then, reinstall Microsoft Office from the company's software portal or by contacting the IT department.\n\n**Additional Troubleshooting Tips**\n\n* Check for antivirus software conflicts, as some antivirus programs can interfere with Microsoft Office applications.\n* Ensure that your computer meets the system requirements for Microsoft Office.\n* If using a Microsoft Office template, try creating a new document from scratch to see if the issue persists.\n* If experiencing issues with a specific file, try opening the file on a different computer or in a different Microsoft Office application to isolate the problem.\n\nBy following these steps, you should be able to troubleshoot and resolve common issues with Microsoft Office applications. If the issue persists, contact the IT department for further assistance.\n\n[row::8__chunk::0] **Resetting a Jammed Printer**\n\n**Step 1: Turn Off the Printer**\n\nImmediately turn off the printer to prevent any further damage or paper jams. Locate the power button, usually found on the top or front of the printer, and press it to shut down the device.\n\n**Step 2: Open the Printer**\n\nLocate the printer's access panel, which varies depending on the printer model. Common locations include the top, front, or back of the printer. Open the panel by pressing the release latch or sliding it open. This will give you access to the internal mechanisms.\n\n**Step 3: Identify and Remove Jammed Paper**\n\nCarefully inspect the printer's internal mechanisms to locate the jammed paper. Gently pull out any visible paper scraps or torn pieces. Be cautious not to touch any internal components or rollers, as oils from your skin can cause damage.\n\n**Step 4: Check for Obstructions**\n\nInspect the printer's paper path, including the paper tray, rollers, and print head, for any obstructions or debris. Remove any dust, dirt, or other blockages that may be contributing to the jam.\n\n**Step 5: Realign the Paper Tray**\n\nIf the paper tray was dislodged during the jam, realign it according to the manufacturer's i""}",,,s-e5b4db124b59,,v1,"Query: {query}

Context:
{context}

Answer:"
invocation [adk_rag_minimal],CHAIN,,2025-08-15 06:42:51.965281+00:00,2025-08-15 06:42:54.624175+00:00,OK,,[],2202061aa6209da1,8a814010f438339dc84aa9d90ac1b81a,u,application/json,CHAIN,application/json,,,,,,,"{""user_id"": ""u"", ""session_id"": ""s-e5b4db124b59"", ""new_message"": {""parts"": [{""text"": ""Query: My Microsoft Word keeps freezing every time I try to open a document, I've tried closing and reopening it but the issue persists, what can I do to fix it?\n\nContext:\n[row::3__chunk::1]  Files**\n\nCorrupt files can cause issues with Microsoft Office applications. Try opening a new, blank document to see if the issue persists. If the issue does not occur with a new document, it's possible that the original file is corrupt.\n\n**Step 5: Check for Conflicting Programs**\n\nOther programs running on your computer can conflict with Microsoft Office applications. Try closing all other programs and background applications to see if the issue resolves.\n\n**Step 6: Check Office Configuration**\n\nOffice configuration issues can cause problems with Microsoft Office applications. Try resetting Office configuration by following these steps:\n\n* Open the **Command Prompt** as an administrator.\n* Type the following command and press **Enter**: `officec2rclient.exe /uninstall`\n* Wait for the command to complete, then restart your computer.\n\n**Step 7: Reinstall Microsoft Office**\n\nIf none of the above steps resolve the issue, try reinstalling Microsoft Office. Go to the **Control Panel**, select **Programs and Features**, and uninstall Microsoft Office. Then, reinstall Microsoft Office from the company's software portal or by contacting the IT department.\n\n**Additional Troubleshooting Tip\n\n[row::3__chunk::0] **Troubleshooting Issues with Microsoft Office**\n\nThis article provides steps to troubleshoot common issues with Microsoft Office applications, including Word, Excel, PowerPoint, and Outlook.\n\n**Step 1: Restart Microsoft Office**\n\nBefore proceeding with troubleshooting, try restarting the Microsoft Office application that is experiencing issues. This simple step can often resolve problems caused by temporary glitches or corrupted files.\n\n**Step 2: Check for Updates**\n\nEnsure that Microsoft Office is up-to-date. Open any Microsoft Office application, go to **File** > **Account**, and click **Update Options**. If updates are available, install them and restart the application.\n\n**Step 3: Disable Add-ins**\n\nAdd-ins can sometimes cause issues with Microsoft Office applications. To disable add-ins, follow these steps:\n\n* Open the Microsoft Office application experiencing issues.\n* Go to **File** > **Options** > **Add-ins**.\n* Uncheck the boxes next to each add-in to disable them.\n* Click **OK** to save changes.\n\n**Step 4: Check for Corrupt Files**\n\nCorrupt files can cause issues with Microsoft Office applications. Try opening a new, blank document to see if the issue persists. If the is\n\n[row::3__chunk::2] soft Office. Then, reinstall Microsoft Office from the company's software portal or by contacting the IT department.\n\n**Additional Troubleshooting Tips**\n\n* Check for antivirus software conflicts, as some antivirus programs can interfere with Microsoft Office applications.\n* Ensure that your computer meets the system requirements for Microsoft Office.\n* If using a Microsoft Office template, try creating a new document from scratch to see if the issue persists.\n* If experiencing issues with a specific file, try opening the file on a different computer or in a different Microsoft Office application to isolate the problem.\n\nBy following these steps, you should be able to troubleshoot and resolve common issues with Microsoft Office applications. If the issue persists, contact the IT department for further assistance.\n\n[row::8__chunk::0] **Resetting a Jammed Printer**\n\n**Step 1: Turn Off the Printer**\n\nImmediately turn off the printer to prevent any further damage or paper jams. Locate the power button, usually found on the top or front of the printer, and press it to shut down the device.\n\n**Step 2: Open the Printer**\n\nLocate the printer's access panel, which varies depending on the printer model. Common locations include the top, front, or back of the printer. Open the panel by pressing the release latch or sliding it open. This will give you access to the internal mechanisms.\n\n**Step 3: Identify and Remove Jammed Paper**\n\nCarefully inspect the printer's internal mechanisms to locate the jammed paper. Gently pull out any visible paper scraps or torn pieces. Be cautious not to touch any internal components or rollers, as oils from your skin can cause damage.\n\n**Step 4: Check for Obstructions**\n\nInspect the printer's paper path, including the paper tray, rollers, and print head, for any obstructions or debris. Remove any dust, dirt, or other blockages that may be contributing to the jam.\n\n**Step 5: Realign the Paper Tray**\n\nIf the paper tray was dislodged during the jam, realign it according to the manufacturer's i\n\nAnswer:""}], ""role"": ""user""}, ""run_config"": {""save_input_blobs_as_artifacts"": false, ""support_cfc"": false, ""streaming_mode"": ""StreamingMode.NONE"", ""max_llm_calls"": 500}}",,"{""content"":{""parts"":[{""text"":""Here are some troubleshooting steps you can try:\n\n1.  **Restart Microsoft Office**: This can resolve temporary glitches [row::3__chunk::0].\n2.  **Check for Updates**: Ensure Microsoft Office is up-to-date by going to File > Account > Update Options [row::3__chunk::0].\n3.  **Disable Add-ins**: Go to File > Options > Add-ins and uncheck the boxes next to each add-in to disable them [row::3__chunk::0].\n4.  **Check for Corrupt Files**: Open a new, blank document to see if the issue persists. If it doesn't, the original file may be corrupt [row::3__chunk::1].\n5.  **Check for Conflicting Programs**: Close all other programs and background applications [row::3__chunk::1].\n6.  **Check Office Configuration**: Open Command Prompt as administrator, type `officec2rclient.exe /uninstall`, and restart your computer [row::3__chunk::1].\n7.  **Reinstall Microsoft Office**: Uninstall Microsoft Office from the Control Panel and reinstall it [row::3__chunk::1, row::3__chunk::2].\n\nAlso, check for antivirus software conflicts and ensure your computer meets the system requirements for Microsoft Office [row::3__chunk::2].\n""}],""role"":""model""},""usage_metadata"":{""candidates_token_count"":288,""candidates_tokens_details"":[{""modality"":""TEXT"",""token_count"":288}],""prompt_token_count"":1088,""prompt_tokens_details"":[{""modality"":""TEXT"",""token_count"":1088}],""total_token_count"":1376,""traffic_type"":""ON_DEMAND""},""invocation_id"":""e-63375112-328c-44a3-acdd-0ed3dae917a5"",""author"":""adk_rag_minimal_agent"",""actions"":{""state_delta"":{},""artifact_delta"":{},""requested_auth_configs"":{}},""id"":""MRgkse0m"",""timestamp"":1755240171.966086}","{'query': ""My Microsoft Word keeps freezing every time I try to open a document, I've tried closing and reopening it but the issue persists, what can I do to fix it?"", 'context': ""[row::3__chunk::1]  Files**\n\nCorrupt files can cause issues with Microsoft Office applications. Try opening a new, blank document to see if the issue persists. If the issue does not occur with a new document, it's possible that the original file is corrupt.\n\n**Step 5: Check for Conflicting Programs**\n\nOther programs running on your computer can conflict with Microsoft Office applications. Try closing all other programs and background applications to see if the issue resolves.\n\n**Step 6: Check Office Configuration**\n\nOffice configuration issues can cause problems with Microsoft Office applications. Try resetting Office configuration by following these steps:\n\n* Open the **Command Prompt** as an administrator.\n* Type the following command and press **Enter**: `officec2rclient.exe /uninstall`\n* Wait for the command to complete, then restart your computer.\n\n**Step 7: Reinstall Microsoft Office**\n\nIf none of the above steps resolve the issue, try reinstalling Microsoft Office. Go to the **Control Panel**, select **Programs and Features**, and uninstall Microsoft Office. Then, reinstall Microsoft Office from the company's software portal or by contacting the IT department.\n\n**Additional Troubleshooting Tip\n\n[row::3__chunk::0] **Troubleshooting Issues with Microsoft Office**\n\nThis article provides steps to troubleshoot common issues with Microsoft Office applications, including Word, Excel, PowerPoint, and Outlook.\n\n**Step 1: Restart Microsoft Office**\n\nBefore proceeding with troubleshooting, try restarting the Microsoft Office application that is experiencing issues. This simple step can often resolve problems caused by temporary glitches or corrupted files.\n\n**Step 2: Check for Updates**\n\nEnsure that Microsoft Office is up-to-date. Open any Microsoft Office application, go to **File** > **Account**, and click **Update Options**. If updates are available, install them and restart the application.\n\n**Step 3: Disable Add-ins**\n\nAdd-ins can sometimes cause issues with Microsoft Office applications. To disable add-ins, follow these steps:\n\n* Open the Microsoft Office application experiencing issues.\n* Go to **File** > **Options** > **Add-ins**.\n* Uncheck the boxes next to each add-in to disable them.\n* Click **OK** to save changes.\n\n**Step 4: Check for Corrupt Files**\n\nCorrupt files can cause issues with Microsoft Office applications. Try opening a new, blank document to see if the issue persists. If the is\n\n[row::3__chunk::2] soft Office. Then, reinstall Microsoft Office from the company's software portal or by contacting the IT department.\n\n**Additional Troubleshooting Tips**\n\n* Check for antivirus software conflicts, as some antivirus programs can interfere with Microsoft Office applications.\n* Ensure that your computer meets the system requirements for Microsoft Office.\n* If using a Microsoft Office template, try creating a new document from scratch to see if the issue persists.\n* If experiencing issues with a specific file, try opening the file on a different computer or in a different Microsoft Office application to isolate the problem.\n\nBy following these steps, you should be able to troubleshoot and resolve common issues with Microsoft Office applications. If the issue persists, contact the IT department for further assistance.\n\n[row::8__chunk::0] **Resetting a Jammed Printer**\n\n**Step 1: Turn Off the Printer**\n\nImmediately turn off the printer to prevent any further damage or paper jams. Locate the power button, usually found on the top or front of the printer, and press it to shut down the device.\n\n**Step 2: Open the Printer**\n\nLocate the printer's access panel, which varies depending on the printer model. Common locations include the top, front, or back of the printer. Open the panel by pressing the release latch or sliding it open. This will give you access to the internal mechanisms.\n\n**Step 3: Identify and Remove Jammed Paper**\n\nCarefully inspect the printer's internal mechanisms to locate the jammed paper. Gently pull out any visible paper scraps or torn pieces. Be cautious not to touch any internal components or rollers, as oils from your skin can cause damage.\n\n**Step 4: Check for Obstructions**\n\nInspect the printer's paper path, including the paper tray, rollers, and print head, for any obstructions or debris. Remove any dust, dirt, or other blockages that may be contributing to the jam.\n\n**Step 5: Realign the Paper Tray**\n\nIf the paper tray was dislodged during the jam, realign it according to the manufacturer's i""}",,,s-e5b4db124b59,,v1,"Query: {query}

Context:
{context}

Answer:"
call_llm,LLM,5f7e1c2fddba799c,2025-08-15 06:42:54.629260+00:00,2025-08-15 06:42:56.799016+00:00,OK,,[],b478a206b2d16a3d,8a75cfbbfde39f1b88ae7c776f6ec312,u,application/json,LLM,application/json,"[{'message.role': 'system', 'message.content': 'You are a strict RAG agent. Use only the provided context. If the context does not contain the answer, reply that you don\'t know. Cite supporting chunk ids in square brackets, e.g., [row::12__chunk::0]. Be concise.\n\nYou are an agent. Your internal name is ""adk_rag_minimal_agent"".\n\n The description about you is ""Minimal RAG over CSV corpus""'}, {'message.role': 'user', 'message.contents': [{'message_content.type': 'text', 'message_content.text': 'Query: How do I set up a conference call on Cisco Webex with both video and audio for a meeting with multiple participants?\n\nContext:\n[row::4__chunk::0] To set up a conference call on Cisco Webex, follow these steps:\n\n**Step 1: Log in to Cisco Webex**\n\nOpen a web browser and navigate to [company Webex URL]. Enter your company login credentials to access the Webex portal.\n\n**Step 2: Schedule a Meeting**\n\nClick on the ""Meetings"" tab and select ""Schedule a Meeting"" from the drop-down menu. Fill in the required information, including:\n\n* Meeting topic\n* Start and end time\n* Duration\n* Invitees (add email addresses or names from the company directory)\n\n**Step 3: Configure Audio Settings**\n\nIn the ""Audio"" section, select ""Cisco Webex Audio"" as the default audio type. You can also choose to allow participants to join via phone or VoIP.\n\n**Step 4: Set Up Video Settings (Optional)**\n\nIf you want to enable video conferencing, click on the ""Video"" tab and select ""Cisco Webex Video"" as the default video type. You can also choose to allow participants to join via video.\n\n**Step 5: Add Agenda and Notes (Optional)**\n\nYou can add an agenda and notes to the meeting invitation by clicking on the ""Agenda"" tab. This information will be visible to all invitees.\n\n**Step 6: Send Invitations**\n\nClick ""Schedule"" to send the meeting invitation to all invite\n\n[row::4__chunk::2] ssues during the meeting, try restarting your audio or video settings or contacting the IT helpdesk for assistance.\n\nBy following these steps, you can successfully set up and host a conference call on Cisco Webex. If you have any further questions or issues, please contact the IT helpdesk for assistance.\n\n[row::4__chunk::1] a"" tab. This information will be visible to all invitees.\n\n**Step 6: Send Invitations**\n\nClick ""Schedule"" to send the meeting invitation to all invitees. The invitation will include a link to join the meeting, as well as dial-in information for audio-only participants.\n\n**Step 7: Start the Meeting**\n\nAt the scheduled start time, click on the ""Start"" button to begin the conference call. As the host, you will be prompted to enter your audio and video settings before joining the meeting.\n\n**Tips and Best Practices**\n\n* Make sure to test your audio and video settings before the meeting to ensure a smooth experience.\n* Encourage invitees to join the meeting 5-10 minutes early to troubleshoot any technical issues.\n* Use the ""Mute"" feature to minimize background noise and ensure clear audio.\n* Use the ""Share"" feature to share your screen or presentations with participants.\n\n**Troubleshooting**\n\n* If you encounter issues joining the meeting, try restarting your browser or checking your internet connection.\n* If you experience audio or video issues during the meeting, try restarting your audio or video settings or contacting the IT helpdesk for assistance.\n\nBy following these steps, you can\n\n[row::7__chunk::1] (SSID). Enable WPA2-PSK or WPA3-PSK encryption and set the password created in Step 3. Save your changes.\n\n**Step 5: Set Up a Guest Network (Optional)**\n\nIf you need to provide wireless access to guests or visitors, set up a separate guest network. This will isolate your main network from potential security risks. Configure the guest network with a different SSID and password.\n\n**Step 6: Configure Firewall Settings**\n\nEnable the firewall on your router and configure it to block incoming and outgoing traffic on unnecessary ports. Restrict access to your network by only allowing necessary incoming traffic.\n\n**Step 7: Set Up Quality of Service (QoS)**\n\nConfigure QoS settings on your router to prioritize critical network traffic, such as video conferencing or VoIP calls. This ensures that critical applications receive sufficient bandwidth.\n\n**Step 8: Implement Network Segmentation**\n\nSegment your network into different zones or subnets to restrict access to sensitive areas of your network. This limits the spread of malware or unauthorized access in case of a breach.\n\n**Step 9: Regularly Update Your Router\'s Firmware**\n\nRegularly check for and install firmware updates for your router to\n\nAnswer:'}]}]","{'vertex': {'agent': {'llm_response': '{""content"":{""parts"":[{""text"":""To set up a conference call on Cisco Webex with both video and audio, follow these steps:\\n\\n1.  Log in to Cisco Webex using your company credentials [row::4__chunk::0].\\n2.  Schedule a meeting, filling in the required information such as meeting topic, start and end time, duration, and invitees [row::4__chunk::0].\\n3.  In the \\""Audio\\"" section, select \\""Cisco Webex Audio\\"" as the default audio type [row::4__chunk::0].\\n4.  In the \\""Video\\"" tab, select \\""Cisco Webex Video\\"" to enable video conferencing [row::4__chunk::0].\\n5.  Send the invitation to all invitees [row::4__chunk::1].\\n6.  Start the meeting at the scheduled time [row::4__chunk::1].\\n""}],""role"":""model""},""usage_metadata"":{""candidates_token_count"":184,""candidates_tokens_details"":[{""modality"":""TEXT"",""token_count"":184}],""prompt_token_count"":1012,""prompt_tokens_details"":[{""modality"":""TEXT"",""token_count"":1012}],""total_token_count"":1196,""traffic_type"":""ON_DEMAND""}}', 'llm_request': '{""model"": ""gemini-2.0-flash"", ""config"": {""system_instruction"": ""You are a strict RAG agent. Use only the provided context. If the context does not contain the answer, reply that you don\'t know. Cite supporting chunk ids in square brackets, e.g., [row::12__chunk::0]. Be concise.\\n\\nYou are an agent. Your internal name is \\""adk_rag_minimal_agent\\"".\\n\\n The description about you is \\""Minimal RAG over CSV corpus\\"""", ""temperature"": 0.0, ""labels"": {""adk_agent_name"": ""adk_rag_minimal_agent""}}, ""contents"": [{""parts"": [{""text"": ""Query: How do I set up a conference call on Cisco Webex with both video and audio for a meeting with multiple participants?\\n\\nContext:\\n[row::4__chunk::0] To set up a conference call on Cisco Webex, follow these steps:\\n\\n**Step 1: Log in to Cisco Webex**\\n\\nOpen a web browser and navigate to [company Webex URL]. Enter your company login credentials to access the Webex portal.\\n\\n**Step 2: Schedule a Meeting**\\n\\nClick on the \\""Meetings\\"" tab and select \\""Schedule a Meeting\\"" from the drop-down menu. Fill in the required information, including:\\n\\n* Meeting topic\\n* Start and end time\\n* Duration\\n* Invitees (add email addresses or names from the company directory)\\n\\n**Step 3: Configure Audio Settings**\\n\\nIn the \\""Audio\\"" section, select \\""Cisco Webex Audio\\"" as the default audio type. You can also choose to allow participants to join via phone or VoIP.\\n\\n**Step 4: Set Up Video Settings (Optional)**\\n\\nIf you want to enable video conferencing, click on the \\""Video\\"" tab and select \\""Cisco Webex Video\\"" as the default video type. You can also choose to allow participants to join via video.\\n\\n**Step 5: Add Agenda and Notes (Optional)**\\n\\nYou can add an agenda and notes to the meeting invitation by clicking on the \\""Agenda\\"" tab. This information will be visible to all invitees.\\n\\n**Step 6: Send Invitations**\\n\\nClick \\""Schedule\\"" to send the meeting invitation to all invite\\n\\n[row::4__chunk::2] ssues during the meeting, try restarting your audio or video settings or contacting the IT helpdesk for assistance.\\n\\nBy following these steps, you can successfully set up and host a conference call on Cisco Webex. If you have any further questions or issues, please contact the IT helpdesk for assistance.\\n\\n[row::4__chunk::1] a\\"" tab. This information will be visible to all invitees.\\n\\n**Step 6: Send Invitations**\\n\\nClick \\""Schedule\\"" to send the meeting invitation to all invitees. The invitation will include a link to join the meeting, as well as dial-in information for audio-only participants.\\n\\n**Step 7: Start the Meeting**\\n\\nAt the scheduled start time, click on the \\""Start\\"" button to begin the conference call. As the host, you will be prompted to enter your audio and video settings before joining the meeting.\\n\\n**Tips and Best Practices**\\n\\n* Make sure to test your audio and video settings before the meeting to ensure a smooth experience.\\n* Encourage invitees to join the meeting 5-10 minutes early to troubleshoot any technical issues.\\n* Use the \\""Mute\\"" feature to minimize background noise and ensure clear audio.\\n* Use the \\""Share\\"" feature to share your screen or presentations with participants.\\n\\n**Troubleshooting**\\n\\n* If you encounter issues joining the meeting, try restarting your browser or checking your internet connection.\\n* If you experience audio or video issues during the meeting, try restarting your audio or video settings or contacting the IT helpdesk for assistance.\\n\\nBy following these steps, you can\\n\\n[row::7__chunk::1] (SSID). Enable WPA2-PSK or WPA3-PSK encryption and set the password created in Step 3. Save your changes.\\n\\n**Step 5: Set Up a Guest Network (Optional)**\\n\\nIf you need to provide wireless access to guests or visitors, set up a separate guest network. This will isolate your main network from potential security risks. Configure the guest network with a different SSID and password.\\n\\n**Step 6: Configure Firewall Settings**\\n\\nEnable the firewall on your router and configure it to block incoming and outgoing traffic on unnecessary ports. Restrict access to your network by only allowing necessary incoming traffic.\\n\\n**Step 7: Set Up Quality of Service (QoS)**\\n\\nConfigure QoS settings on your router to prioritize critical network traffic, such as video conferencing or VoIP calls. This ensures that critical applications receive sufficient bandwidth.\\n\\n**Step 8: Implement Network Segmentation**\\n\\nSegment your network into different zones or subnets to restrict access to sensitive areas of your network. This limits the spread of malware or unauthorized access in case of a breach.\\n\\n**Step 9: Regularly Update Your Router\'s Firmware**\\n\\nRegularly check for and install firmware updates for your router to\\n\\nAnswer:""}], ""role"": ""user""}]}', 'session_id': 's-e9183e0d5325', 'invocation_id': 'e-7288cd07-bf11-469e-81c2-3f8ab25a10d9', 'event_id': 'Ix5I1SSt'}}}","{""system_instruction"":""You are a strict RAG agent. Use only the provided context. If the context does not contain the answer, reply that you don't know. Cite supporting chunk ids in square brackets, e.g., [row::12__chunk::0]. Be concise.\n\nYou are an agent. Your internal name is \""adk_rag_minimal_agent\"".\n\n The description about you is \""Minimal RAG over CSV corpus\"""",""temperature"":0.0,""labels"":{""adk_agent_name"":""adk_rag_minimal_agent""}}",1196.0,184.0,"{'system': 'gcp.vertex.agent', 'request': {'model': 'gemini-2.0-flash'}}","{""model"": ""gemini-2.0-flash"", ""config"": {""system_instruction"": ""You are a strict RAG agent. Use only the provided context. If the context does not contain the answer, reply that you don't know. Cite supporting chunk ids in square brackets, e.g., [row::12__chunk::0]. Be concise.\n\nYou are an agent. Your internal name is \""adk_rag_minimal_agent\"".\n\n The description about you is \""Minimal RAG over CSV corpus\"""", ""temperature"": 0.0, ""labels"": {""adk_agent_name"": ""adk_rag_minimal_agent""}}, ""contents"": [{""parts"": [{""text"": ""Query: How do I set up a conference call on Cisco Webex with both video and audio for a meeting with multiple participants?\n\nContext:\n[row::4__chunk::0] To set up a conference call on Cisco Webex, follow these steps:\n\n**Step 1: Log in to Cisco Webex**\n\nOpen a web browser and navigate to [company Webex URL]. Enter your company login credentials to access the Webex portal.\n\n**Step 2: Schedule a Meeting**\n\nClick on the \""Meetings\"" tab and select \""Schedule a Meeting\"" from the drop-down menu. Fill in the required information, including:\n\n* Meeting topic\n* Start and end time\n* Duration\n* Invitees (add email addresses or names from the company directory)\n\n**Step 3: Configure Audio Settings**\n\nIn the \""Audio\"" section, select \""Cisco Webex Audio\"" as the default audio type. You can also choose to allow participants to join via phone or VoIP.\n\n**Step 4: Set Up Video Settings (Optional)**\n\nIf you want to enable video conferencing, click on the \""Video\"" tab and select \""Cisco Webex Video\"" as the default video type. You can also choose to allow participants to join via video.\n\n**Step 5: Add Agenda and Notes (Optional)**\n\nYou can add an agenda and notes to the meeting invitation by clicking on the \""Agenda\"" tab. This information will be visible to all invitees.\n\n**Step 6: Send Invitations**\n\nClick \""Schedule\"" to send the meeting invitation to all invite\n\n[row::4__chunk::2] ssues during the meeting, try restarting your audio or video settings or contacting the IT helpdesk for assistance.\n\nBy following these steps, you can successfully set up and host a conference call on Cisco Webex. If you have any further questions or issues, please contact the IT helpdesk for assistance.\n\n[row::4__chunk::1] a\"" tab. This information will be visible to all invitees.\n\n**Step 6: Send Invitations**\n\nClick \""Schedule\"" to send the meeting invitation to all invitees. The invitation will include a link to join the meeting, as well as dial-in information for audio-only participants.\n\n**Step 7: Start the Meeting**\n\nAt the scheduled start time, click on the \""Start\"" button to begin the conference call. As the host, you will be prompted to enter your audio and video settings before joining the meeting.\n\n**Tips and Best Practices**\n\n* Make sure to test your audio and video settings before the meeting to ensure a smooth experience.\n* Encourage invitees to join the meeting 5-10 minutes early to troubleshoot any technical issues.\n* Use the \""Mute\"" feature to minimize background noise and ensure clear audio.\n* Use the \""Share\"" feature to share your screen or presentations with participants.\n\n**Troubleshooting**\n\n* If you encounter issues joining the meeting, try restarting your browser or checking your internet connection.\n* If you experience audio or video issues during the meeting, try restarting your audio or video settings or contacting the IT helpdesk for assistance.\n\nBy following these steps, you can\n\n[row::7__chunk::1] (SSID). Enable WPA2-PSK or WPA3-PSK encryption and set the password created in Step 3. Save your changes.\n\n**Step 5: Set Up a Guest Network (Optional)**\n\nIf you need to provide wireless access to guests or visitors, set up a separate guest network. This will isolate your main network from potential security risks. Configure the guest network with a different SSID and password.\n\n**Step 6: Configure Firewall Settings**\n\nEnable the firewall on your router and configure it to block incoming and outgoing traffic on unnecessary ports. Restrict access to your network by only allowing necessary incoming traffic.\n\n**Step 7: Set Up Quality of Service (QoS)**\n\nConfigure QoS settings on your router to prioritize critical network traffic, such as video conferencing or VoIP calls. This ensures that critical applications receive sufficient bandwidth.\n\n**Step 8: Implement Network Segmentation**\n\nSegment your network into different zones or subnets to restrict access to sensitive areas of your network. This limits the spread of malware or unauthorized access in case of a breach.\n\n**Step 9: Regularly Update Your Router's Firmware**\n\nRegularly check for and install firmware updates for your router to\n\nAnswer:""}], ""role"": ""user""}]}",1012.0,"{""content"":{""parts"":[{""text"":""To set up a conference call on Cisco Webex with both video and audio, follow these steps:\n\n1.  Log in to Cisco Webex using your company credentials [row::4__chunk::0].\n2.  Schedule a meeting, filling in the required information such as meeting topic, start and end time, duration, and invitees [row::4__chunk::0].\n3.  In the \""Audio\"" section, select \""Cisco Webex Audio\"" as the default audio type [row::4__chunk::0].\n4.  In the \""Video\"" tab, select \""Cisco Webex Video\"" to enable video conferencing [row::4__chunk::0].\n5.  Send the invitation to all invitees [row::4__chunk::1].\n6.  Start the meeting at the scheduled time [row::4__chunk::1].\n""}],""role"":""model""},""usage_metadata"":{""candidates_token_count"":184,""candidates_tokens_details"":[{""modality"":""TEXT"",""token_count"":184}],""prompt_token_count"":1012,""prompt_tokens_details"":[{""modality"":""TEXT"",""token_count"":1012}],""total_token_count"":1196,""traffic_type"":""ON_DEMAND""}}","{'query': 'How do I set up a conference call on Cisco Webex with both video and audio for a meeting with multiple participants?', 'context': '[row::4__chunk::0] To set up a conference call on Cisco Webex, follow these steps:\n\n**Step 1: Log in to Cisco Webex**\n\nOpen a web browser and navigate to [company Webex URL]. Enter your company login credentials to access the Webex portal.\n\n**Step 2: Schedule a Meeting**\n\nClick on the ""Meetings"" tab and select ""Schedule a Meeting"" from the drop-down menu. Fill in the required information, including:\n\n* Meeting topic\n* Start and end time\n* Duration\n* Invitees (add email addresses or names from the company directory)\n\n**Step 3: Configure Audio Settings**\n\nIn the ""Audio"" section, select ""Cisco Webex Audio"" as the default audio type. You can also choose to allow participants to join via phone or VoIP.\n\n**Step 4: Set Up Video Settings (Optional)**\n\nIf you want to enable video conferencing, click on the ""Video"" tab and select ""Cisco Webex Video"" as the default video type. You can also choose to allow participants to join via video.\n\n**Step 5: Add Agenda and Notes (Optional)**\n\nYou can add an agenda and notes to the meeting invitation by clicking on the ""Agenda"" tab. This information will be visible to all invitees.\n\n**Step 6: Send Invitations**\n\nClick ""Schedule"" to send the meeting invitation to all invite\n\n[row::4__chunk::2] ssues during the meeting, try restarting your audio or video settings or contacting the IT helpdesk for assistance.\n\nBy following these steps, you can successfully set up and host a conference call on Cisco Webex. If you have any further questions or issues, please contact the IT helpdesk for assistance.\n\n[row::4__chunk::1] a"" tab. This information will be visible to all invitees.\n\n**Step 6: Send Invitations**\n\nClick ""Schedule"" to send the meeting invitation to all invitees. The invitation will include a link to join the meeting, as well as dial-in information for audio-only participants.\n\n**Step 7: Start the Meeting**\n\nAt the scheduled start time, click on the ""Start"" button to begin the conference call. As the host, you will be prompted to enter your audio and video settings before joining the meeting.\n\n**Tips and Best Practices**\n\n* Make sure to test your audio and video settings before the meeting to ensure a smooth experience.\n* Encourage invitees to join the meeting 5-10 minutes early to troubleshoot any technical issues.\n* Use the ""Mute"" feature to minimize background noise and ensure clear audio.\n* Use the ""Share"" feature to share your screen or presentations with participants.\n\n**Troubleshooting**\n\n* If you encounter issues joining the meeting, try restarting your browser or checking your internet connection.\n* If you experience audio or video issues during the meeting, try restarting your audio or video settings or contacting the IT helpdesk for assistance.\n\nBy following these steps, you can\n\n[row::7__chunk::1] (SSID). Enable WPA2-PSK or WPA3-PSK encryption and set the password created in Step 3. Save your changes.\n\n**Step 5: Set Up a Guest Network (Optional)**\n\nIf you need to provide wireless access to guests or visitors, set up a separate guest network. This will isolate your main network from potential security risks. Configure the guest network with a different SSID and password.\n\n**Step 6: Configure Firewall Settings**\n\nEnable the firewall on your router and configure it to block incoming and outgoing traffic on unnecessary ports. Restrict access to your network by only allowing necessary incoming traffic.\n\n**Step 7: Set Up Quality of Service (QoS)**\n\nConfigure QoS settings on your router to prioritize critical network traffic, such as video conferencing or VoIP calls. This ensures that critical applications receive sufficient bandwidth.\n\n**Step 8: Implement Network Segmentation**\n\nSegment your network into different zones or subnets to restrict access to sensitive areas of your network. This limits the spread of malware or unauthorized access in case of a breach.\n\n**Step 9: Regularly Update Your Router\'s Firmware**\n\nRegularly check for and install firmware updates for your router to'}",google,gemini-2.0-flash,s-e9183e0d5325,"[{'message.role': 'model', 'message.contents': [{'message_content.type': 'text', 'message_content.text': 'To set up a conference call on Cisco Webex with both video and audio, follow these steps:\n\n1.  Log in to Cisco Webex using your company credentials [row::4__chunk::0].\n2.  Schedule a meeting, filling in the required information such as meeting topic, start and end time, duration, and invitees [row::4__chunk::0].\n3.  In the ""Audio"" section, select ""Cisco Webex Audio"" as the default audio type [row::4__chunk::0].\n4.  In the ""Video"" tab, select ""Cisco Webex Video"" to enable video conferencing [row::4__chunk::0].\n5.  Send the invitation to all invitees [row::4__chunk::1].\n6.  Start the meeting at the scheduled time [row::4__chunk::1].\n'}]}]",v1,"Query: {query}

Context:
{context}

Answer:"
agent_run [adk_rag_minimal_agent],AGENT,37658c077eb43d5b,2025-08-15 06:42:54.628637+00:00,2025-08-15 06:42:56.805819+00:00,OK,,[],5f7e1c2fddba799c,8a75cfbbfde39f1b88ae7c776f6ec312,u,,AGENT,application/json,,,,,,,,,"{""content"":{""parts"":[{""text"":""To set up a conference call on Cisco Webex with both video and audio, follow these steps:\n\n1.  Log in to Cisco Webex using your company credentials [row::4__chunk::0].\n2.  Schedule a meeting, filling in the required information such as meeting topic, start and end time, duration, and invitees [row::4__chunk::0].\n3.  In the \""Audio\"" section, select \""Cisco Webex Audio\"" as the default audio type [row::4__chunk::0].\n4.  In the \""Video\"" tab, select \""Cisco Webex Video\"" to enable video conferencing [row::4__chunk::0].\n5.  Send the invitation to all invitees [row::4__chunk::1].\n6.  Start the meeting at the scheduled time [row::4__chunk::1].\n""}],""role"":""model""},""usage_metadata"":{""candidates_token_count"":184,""candidates_tokens_details"":[{""modality"":""TEXT"",""token_count"":184}],""prompt_token_count"":1012,""prompt_tokens_details"":[{""modality"":""TEXT"",""token_count"":1012}],""total_token_count"":1196,""traffic_type"":""ON_DEMAND""},""invocation_id"":""e-7288cd07-bf11-469e-81c2-3f8ab25a10d9"",""author"":""adk_rag_minimal_agent"",""actions"":{""state_delta"":{},""artifact_delta"":{},""requested_auth_configs"":{}},""id"":""Ix5I1SSt"",""timestamp"":1755240174.62913}","{'query': 'How do I set up a conference call on Cisco Webex with both video and audio for a meeting with multiple participants?', 'context': '[row::4__chunk::0] To set up a conference call on Cisco Webex, follow these steps:\n\n**Step 1: Log in to Cisco Webex**\n\nOpen a web browser and navigate to [company Webex URL]. Enter your company login credentials to access the Webex portal.\n\n**Step 2: Schedule a Meeting**\n\nClick on the ""Meetings"" tab and select ""Schedule a Meeting"" from the drop-down menu. Fill in the required information, including:\n\n* Meeting topic\n* Start and end time\n* Duration\n* Invitees (add email addresses or names from the company directory)\n\n**Step 3: Configure Audio Settings**\n\nIn the ""Audio"" section, select ""Cisco Webex Audio"" as the default audio type. You can also choose to allow participants to join via phone or VoIP.\n\n**Step 4: Set Up Video Settings (Optional)**\n\nIf you want to enable video conferencing, click on the ""Video"" tab and select ""Cisco Webex Video"" as the default video type. You can also choose to allow participants to join via video.\n\n**Step 5: Add Agenda and Notes (Optional)**\n\nYou can add an agenda and notes to the meeting invitation by clicking on the ""Agenda"" tab. This information will be visible to all invitees.\n\n**Step 6: Send Invitations**\n\nClick ""Schedule"" to send the meeting invitation to all invite\n\n[row::4__chunk::2] ssues during the meeting, try restarting your audio or video settings or contacting the IT helpdesk for assistance.\n\nBy following these steps, you can successfully set up and host a conference call on Cisco Webex. If you have any further questions or issues, please contact the IT helpdesk for assistance.\n\n[row::4__chunk::1] a"" tab. This information will be visible to all invitees.\n\n**Step 6: Send Invitations**\n\nClick ""Schedule"" to send the meeting invitation to all invitees. The invitation will include a link to join the meeting, as well as dial-in information for audio-only participants.\n\n**Step 7: Start the Meeting**\n\nAt the scheduled start time, click on the ""Start"" button to begin the conference call. As the host, you will be prompted to enter your audio and video settings before joining the meeting.\n\n**Tips and Best Practices**\n\n* Make sure to test your audio and video settings before the meeting to ensure a smooth experience.\n* Encourage invitees to join the meeting 5-10 minutes early to troubleshoot any technical issues.\n* Use the ""Mute"" feature to minimize background noise and ensure clear audio.\n* Use the ""Share"" feature to share your screen or presentations with participants.\n\n**Troubleshooting**\n\n* If you encounter issues joining the meeting, try restarting your browser or checking your internet connection.\n* If you experience audio or video issues during the meeting, try restarting your audio or video settings or contacting the IT helpdesk for assistance.\n\nBy following these steps, you can\n\n[row::7__chunk::1] (SSID). Enable WPA2-PSK or WPA3-PSK encryption and set the password created in Step 3. Save your changes.\n\n**Step 5: Set Up a Guest Network (Optional)**\n\nIf you need to provide wireless access to guests or visitors, set up a separate guest network. This will isolate your main network from potential security risks. Configure the guest network with a different SSID and password.\n\n**Step 6: Configure Firewall Settings**\n\nEnable the firewall on your router and configure it to block incoming and outgoing traffic on unnecessary ports. Restrict access to your network by only allowing necessary incoming traffic.\n\n**Step 7: Set Up Quality of Service (QoS)**\n\nConfigure QoS settings on your router to prioritize critical network traffic, such as video conferencing or VoIP calls. This ensures that critical applications receive sufficient bandwidth.\n\n**Step 8: Implement Network Segmentation**\n\nSegment your network into different zones or subnets to restrict access to sensitive areas of your network. This limits the spread of malware or unauthorized access in case of a breach.\n\n**Step 9: Regularly Update Your Router\'s Firmware**\n\nRegularly check for and install firmware updates for your router to'}",,,s-e9183e0d5325,,v1,"Query: {query}

Context:
{context}

Answer:"
invocation [adk_rag_minimal],CHAIN,,2025-08-15 06:42:54.628129+00:00,2025-08-15 06:42:56.807298+00:00,OK,,[],37658c077eb43d5b,8a75cfbbfde39f1b88ae7c776f6ec312,u,application/json,CHAIN,application/json,,,,,,,"{""user_id"": ""u"", ""session_id"": ""s-e9183e0d5325"", ""new_message"": {""parts"": [{""text"": ""Query: How do I set up a conference call on Cisco Webex with both video and audio for a meeting with multiple participants?\n\nContext:\n[row::4__chunk::0] To set up a conference call on Cisco Webex, follow these steps:\n\n**Step 1: Log in to Cisco Webex**\n\nOpen a web browser and navigate to [company Webex URL]. Enter your company login credentials to access the Webex portal.\n\n**Step 2: Schedule a Meeting**\n\nClick on the \""Meetings\"" tab and select \""Schedule a Meeting\"" from the drop-down menu. Fill in the required information, including:\n\n* Meeting topic\n* Start and end time\n* Duration\n* Invitees (add email addresses or names from the company directory)\n\n**Step 3: Configure Audio Settings**\n\nIn the \""Audio\"" section, select \""Cisco Webex Audio\"" as the default audio type. You can also choose to allow participants to join via phone or VoIP.\n\n**Step 4: Set Up Video Settings (Optional)**\n\nIf you want to enable video conferencing, click on the \""Video\"" tab and select \""Cisco Webex Video\"" as the default video type. You can also choose to allow participants to join via video.\n\n**Step 5: Add Agenda and Notes (Optional)**\n\nYou can add an agenda and notes to the meeting invitation by clicking on the \""Agenda\"" tab. This information will be visible to all invitees.\n\n**Step 6: Send Invitations**\n\nClick \""Schedule\"" to send the meeting invitation to all invite\n\n[row::4__chunk::2] ssues during the meeting, try restarting your audio or video settings or contacting the IT helpdesk for assistance.\n\nBy following these steps, you can successfully set up and host a conference call on Cisco Webex. If you have any further questions or issues, please contact the IT helpdesk for assistance.\n\n[row::4__chunk::1] a\"" tab. This information will be visible to all invitees.\n\n**Step 6: Send Invitations**\n\nClick \""Schedule\"" to send the meeting invitation to all invitees. The invitation will include a link to join the meeting, as well as dial-in information for audio-only participants.\n\n**Step 7: Start the Meeting**\n\nAt the scheduled start time, click on the \""Start\"" button to begin the conference call. As the host, you will be prompted to enter your audio and video settings before joining the meeting.\n\n**Tips and Best Practices**\n\n* Make sure to test your audio and video settings before the meeting to ensure a smooth experience.\n* Encourage invitees to join the meeting 5-10 minutes early to troubleshoot any technical issues.\n* Use the \""Mute\"" feature to minimize background noise and ensure clear audio.\n* Use the \""Share\"" feature to share your screen or presentations with participants.\n\n**Troubleshooting**\n\n* If you encounter issues joining the meeting, try restarting your browser or checking your internet connection.\n* If you experience audio or video issues during the meeting, try restarting your audio or video settings or contacting the IT helpdesk for assistance.\n\nBy following these steps, you can\n\n[row::7__chunk::1] (SSID). Enable WPA2-PSK or WPA3-PSK encryption and set the password created in Step 3. Save your changes.\n\n**Step 5: Set Up a Guest Network (Optional)**\n\nIf you need to provide wireless access to guests or visitors, set up a separate guest network. This will isolate your main network from potential security risks. Configure the guest network with a different SSID and password.\n\n**Step 6: Configure Firewall Settings**\n\nEnable the firewall on your router and configure it to block incoming and outgoing traffic on unnecessary ports. Restrict access to your network by only allowing necessary incoming traffic.\n\n**Step 7: Set Up Quality of Service (QoS)**\n\nConfigure QoS settings on your router to prioritize critical network traffic, such as video conferencing or VoIP calls. This ensures that critical applications receive sufficient bandwidth.\n\n**Step 8: Implement Network Segmentation**\n\nSegment your network into different zones or subnets to restrict access to sensitive areas of your network. This limits the spread of malware or unauthorized access in case of a breach.\n\n**Step 9: Regularly Update Your Router's Firmware**\n\nRegularly check for and install firmware updates for your router to\n\nAnswer:""}], ""role"": ""user""}, ""run_config"": {""save_input_blobs_as_artifacts"": false, ""support_cfc"": false, ""streaming_mode"": ""StreamingMode.NONE"", ""max_llm_calls"": 500}}",,"{""content"":{""parts"":[{""text"":""To set up a conference call on Cisco Webex with both video and audio, follow these steps:\n\n1.  Log in to Cisco Webex using your company credentials [row::4__chunk::0].\n2.  Schedule a meeting, filling in the required information such as meeting topic, start and end time, duration, and invitees [row::4__chunk::0].\n3.  In the \""Audio\"" section, select \""Cisco Webex Audio\"" as the default audio type [row::4__chunk::0].\n4.  In the \""Video\"" tab, select \""Cisco Webex Video\"" to enable video conferencing [row::4__chunk::0].\n5.  Send the invitation to all invitees [row::4__chunk::1].\n6.  Start the meeting at the scheduled time [row::4__chunk::1].\n""}],""role"":""model""},""usage_metadata"":{""candidates_token_count"":184,""candidates_tokens_details"":[{""modality"":""TEXT"",""token_count"":184}],""prompt_token_count"":1012,""prompt_tokens_details"":[{""modality"":""TEXT"",""token_count"":1012}],""total_token_count"":1196,""traffic_type"":""ON_DEMAND""},""invocation_id"":""e-7288cd07-bf11-469e-81c2-3f8ab25a10d9"",""author"":""adk_rag_minimal_agent"",""actions"":{""state_delta"":{},""artifact_delta"":{},""requested_auth_configs"":{}},""id"":""Ix5I1SSt"",""timestamp"":1755240174.62913}","{'query': 'How do I set up a conference call on Cisco Webex with both video and audio for a meeting with multiple participants?', 'context': '[row::4__chunk::0] To set up a conference call on Cisco Webex, follow these steps:\n\n**Step 1: Log in to Cisco Webex**\n\nOpen a web browser and navigate to [company Webex URL]. Enter your company login credentials to access the Webex portal.\n\n**Step 2: Schedule a Meeting**\n\nClick on the ""Meetings"" tab and select ""Schedule a Meeting"" from the drop-down menu. Fill in the required information, including:\n\n* Meeting topic\n* Start and end time\n* Duration\n* Invitees (add email addresses or names from the company directory)\n\n**Step 3: Configure Audio Settings**\n\nIn the ""Audio"" section, select ""Cisco Webex Audio"" as the default audio type. You can also choose to allow participants to join via phone or VoIP.\n\n**Step 4: Set Up Video Settings (Optional)**\n\nIf you want to enable video conferencing, click on the ""Video"" tab and select ""Cisco Webex Video"" as the default video type. You can also choose to allow participants to join via video.\n\n**Step 5: Add Agenda and Notes (Optional)**\n\nYou can add an agenda and notes to the meeting invitation by clicking on the ""Agenda"" tab. This information will be visible to all invitees.\n\n**Step 6: Send Invitations**\n\nClick ""Schedule"" to send the meeting invitation to all invite\n\n[row::4__chunk::2] ssues during the meeting, try restarting your audio or video settings or contacting the IT helpdesk for assistance.\n\nBy following these steps, you can successfully set up and host a conference call on Cisco Webex. If you have any further questions or issues, please contact the IT helpdesk for assistance.\n\n[row::4__chunk::1] a"" tab. This information will be visible to all invitees.\n\n**Step 6: Send Invitations**\n\nClick ""Schedule"" to send the meeting invitation to all invitees. The invitation will include a link to join the meeting, as well as dial-in information for audio-only participants.\n\n**Step 7: Start the Meeting**\n\nAt the scheduled start time, click on the ""Start"" button to begin the conference call. As the host, you will be prompted to enter your audio and video settings before joining the meeting.\n\n**Tips and Best Practices**\n\n* Make sure to test your audio and video settings before the meeting to ensure a smooth experience.\n* Encourage invitees to join the meeting 5-10 minutes early to troubleshoot any technical issues.\n* Use the ""Mute"" feature to minimize background noise and ensure clear audio.\n* Use the ""Share"" feature to share your screen or presentations with participants.\n\n**Troubleshooting**\n\n* If you encounter issues joining the meeting, try restarting your browser or checking your internet connection.\n* If you experience audio or video issues during the meeting, try restarting your audio or video settings or contacting the IT helpdesk for assistance.\n\nBy following these steps, you can\n\n[row::7__chunk::1] (SSID). Enable WPA2-PSK or WPA3-PSK encryption and set the password created in Step 3. Save your changes.\n\n**Step 5: Set Up a Guest Network (Optional)**\n\nIf you need to provide wireless access to guests or visitors, set up a separate guest network. This will isolate your main network from potential security risks. Configure the guest network with a different SSID and password.\n\n**Step 6: Configure Firewall Settings**\n\nEnable the firewall on your router and configure it to block incoming and outgoing traffic on unnecessary ports. Restrict access to your network by only allowing necessary incoming traffic.\n\n**Step 7: Set Up Quality of Service (QoS)**\n\nConfigure QoS settings on your router to prioritize critical network traffic, such as video conferencing or VoIP calls. This ensures that critical applications receive sufficient bandwidth.\n\n**Step 8: Implement Network Segmentation**\n\nSegment your network into different zones or subnets to restrict access to sensitive areas of your network. This limits the spread of malware or unauthorized access in case of a breach.\n\n**Step 9: Regularly Update Your Router\'s Firmware**\n\nRegularly check for and install firmware updates for your router to'}",,,s-e9183e0d5325,,v1,"Query: {query}

Context:
{context}

Answer:"
call_llm,LLM,31b18fa156341dc9,2025-08-15 06:42:56.812230+00:00,2025-08-15 06:42:58.720626+00:00,OK,,[],ef875279453e8a24,83513e0a4fd823859dee314ba994cdd5,u,application/json,LLM,application/json,"[{'message.role': 'system', 'message.content': 'You are a strict RAG agent. Use only the provided context. If the context does not contain the answer, reply that you don\'t know. Cite supporting chunk ids in square brackets, e.g., [row::12__chunk::0]. Be concise.\n\nYou are an agent. Your internal name is ""adk_rag_minimal_agent"".\n\n The description about you is ""Minimal RAG over CSV corpus""'}, {'message.role': 'user', 'message.contents': [{'message_content.type': 'text', 'message_content.text': ""Query: How do I back up my important work files to prevent data loss?\n\nContext:\n[row::5__chunk::0] **Creating a Backup of Important Files**\n\nBacking up important files is a crucial step in protecting your data from loss or corruption. This article will guide you through the process of creating a backup of your important files.\n\n**Step 1: Identify Important Files**\n\nThe first step in creating a backup is to identify the important files that need to be backed up. These may include documents, spreadsheets, presentations, and other files that are critical to your work. Make a list of the files and folders that you need to back up.\n\n**Step 2: Choose a Backup Method**\n\nThere are several ways to back up your files, including:\n\n* **External Hard Drive**: Connect an external hard drive to your computer and copy your important files to it.\n* **Cloud Backup**: Use a cloud backup service such as OneDrive, Google Drive, or Dropbox to store your files online.\n* **Network Share**: Save your files to a network share or a shared drive on your company's network.\n* **USB Drive**: Use a USB drive to store your important files.\n\nChoose a backup method that works best for you and your needs.\n\n**Step 3: Connect Your Backup Device**\n\nIf you are using an external hard drive or USB drive, connect it to y\n\n[row::5__chunk::1] that works best for you and your needs.\n\n**Step 3: Connect Your Backup Device**\n\nIf you are using an external hard drive or USB drive, connect it to your computer. If you are using a cloud backup service, log in to your account and ensure that you have sufficient storage space.\n\n**Step 4: Copy Your Files**\n\nCopy your important files to your chosen backup device. Make sure to copy all the files and folders that you identified in Step 1.\n\n**Step 5: Verify Your Backup**\n\nOnce you have copied your files, verify that they have been backed up successfully. Check the contents of your backup device to ensure that all files are present and can be opened.\n\n**Step 6: Schedule Regular Backups**\n\nTo ensure that your important files are always up to date, schedule regular backups. You can set up your backup software to run automatically at a specified time each day or week.\n\n**Additional Tips**\n\n* **Backup Frequency**: Aim to backup your important files at least once a week, or more frequently if you work with sensitive or critical data.\n* **Backup Location**: Store your backup device in a safe location, away from your computer and other electronic devices.\n* **Versioning**: Consider using a bac\n\n[row::5__chunk::2]  Location**: Store your backup device in a safe location, away from your computer and other electronic devices.\n* **Versioning**: Consider using a backup software that supports versioning, which allows you to keep multiple versions of your files in case you need to recover a previous version.\n\nBy following these steps, you can ensure that your important files are safely backed up and protected from loss or corruption.\n\n[row::8__chunk::0] **Resetting a Jammed Printer**\n\n**Step 1: Turn Off the Printer**\n\nImmediately turn off the printer to prevent any further damage or paper jams. Locate the power button, usually found on the top or front of the printer, and press it to shut down the device.\n\n**Step 2: Open the Printer**\n\nLocate the printer's access panel, which varies depending on the printer model. Common locations include the top, front, or back of the printer. Open the panel by pressing the release latch or sliding it open. This will give you access to the internal mechanisms.\n\n**Step 3: Identify and Remove Jammed Paper**\n\nCarefully inspect the printer's internal mechanisms to locate the jammed paper. Gently pull out any visible paper scraps or torn pieces. Be cautious not to touch any internal components or rollers, as oils from your skin can cause damage.\n\n**Step 4: Check for Obstructions**\n\nInspect the printer's paper path, including the paper tray, rollers, and print head, for any obstructions or debris. Remove any dust, dirt, or other blockages that may be contributing to the jam.\n\n**Step 5: Realign the Paper Tray**\n\nIf the paper tray was dislodged during the jam, realign it according to the manufacturer's i\n\nAnswer:""}]}]","{'vertex': {'agent': {'llm_response': '{""content"":{""parts"":[{""text"":""To back up your important work files, follow these steps: identify the important files, choose a backup method (external hard drive, cloud backup, network share, or USB drive), connect your backup device, copy your files, verify your backup, and schedule regular backups [row::5__chunk::0]. Aim to backup your files at least once a week and store your backup device in a safe location [row::5__chunk::1, row::5__chunk::2]. Consider using backup software that supports versioning [row::5__chunk::2].\\n""}],""role"":""model""},""usage_metadata"":{""candidates_token_count"":116,""candidates_tokens_details"":[{""modality"":""TEXT"",""token_count"":116}],""prompt_token_count"":1029,""prompt_tokens_details"":[{""modality"":""TEXT"",""token_count"":1029}],""total_token_count"":1145,""traffic_type"":""ON_DEMAND""}}', 'llm_request': '{""model"": ""gemini-2.0-flash"", ""config"": {""system_instruction"": ""You are a strict RAG agent. Use only the provided context. If the context does not contain the answer, reply that you don\'t know. Cite supporting chunk ids in square brackets, e.g., [row::12__chunk::0]. Be concise.\\n\\nYou are an agent. Your internal name is \\""adk_rag_minimal_agent\\"".\\n\\n The description about you is \\""Minimal RAG over CSV corpus\\"""", ""temperature"": 0.0, ""labels"": {""adk_agent_name"": ""adk_rag_minimal_agent""}}, ""contents"": [{""parts"": [{""text"": ""Query: How do I back up my important work files to prevent data loss?\\n\\nContext:\\n[row::5__chunk::0] **Creating a Backup of Important Files**\\n\\nBacking up important files is a crucial step in protecting your data from loss or corruption. This article will guide you through the process of creating a backup of your important files.\\n\\n**Step 1: Identify Important Files**\\n\\nThe first step in creating a backup is to identify the important files that need to be backed up. These may include documents, spreadsheets, presentations, and other files that are critical to your work. Make a list of the files and folders that you need to back up.\\n\\n**Step 2: Choose a Backup Method**\\n\\nThere are several ways to back up your files, including:\\n\\n* **External Hard Drive**: Connect an external hard drive to your computer and copy your important files to it.\\n* **Cloud Backup**: Use a cloud backup service such as OneDrive, Google Drive, or Dropbox to store your files online.\\n* **Network Share**: Save your files to a network share or a shared drive on your company\'s network.\\n* **USB Drive**: Use a USB drive to store your important files.\\n\\nChoose a backup method that works best for you and your needs.\\n\\n**Step 3: Connect Your Backup Device**\\n\\nIf you are using an external hard drive or USB drive, connect it to y\\n\\n[row::5__chunk::1] that works best for you and your needs.\\n\\n**Step 3: Connect Your Backup Device**\\n\\nIf you are using an external hard drive or USB drive, connect it to your computer. If you are using a cloud backup service, log in to your account and ensure that you have sufficient storage space.\\n\\n**Step 4: Copy Your Files**\\n\\nCopy your important files to your chosen backup device. Make sure to copy all the files and folders that you identified in Step 1.\\n\\n**Step 5: Verify Your Backup**\\n\\nOnce you have copied your files, verify that they have been backed up successfully. Check the contents of your backup device to ensure that all files are present and can be opened.\\n\\n**Step 6: Schedule Regular Backups**\\n\\nTo ensure that your important files are always up to date, schedule regular backups. You can set up your backup software to run automatically at a specified time each day or week.\\n\\n**Additional Tips**\\n\\n* **Backup Frequency**: Aim to backup your important files at least once a week, or more frequently if you work with sensitive or critical data.\\n* **Backup Location**: Store your backup device in a safe location, away from your computer and other electronic devices.\\n* **Versioning**: Consider using a bac\\n\\n[row::5__chunk::2]  Location**: Store your backup device in a safe location, away from your computer and other electronic devices.\\n* **Versioning**: Consider using a backup software that supports versioning, which allows you to keep multiple versions of your files in case you need to recover a previous version.\\n\\nBy following these steps, you can ensure that your important files are safely backed up and protected from loss or corruption.\\n\\n[row::8__chunk::0] **Resetting a Jammed Printer**\\n\\n**Step 1: Turn Off the Printer**\\n\\nImmediately turn off the printer to prevent any further damage or paper jams. Locate the power button, usually found on the top or front of the printer, and press it to shut down the device.\\n\\n**Step 2: Open the Printer**\\n\\nLocate the printer\'s access panel, which varies depending on the printer model. Common locations include the top, front, or back of the printer. Open the panel by pressing the release latch or sliding it open. This will give you access to the internal mechanisms.\\n\\n**Step 3: Identify and Remove Jammed Paper**\\n\\nCarefully inspect the printer\'s internal mechanisms to locate the jammed paper. Gently pull out any visible paper scraps or torn pieces. Be cautious not to touch any internal components or rollers, as oils from your skin can cause damage.\\n\\n**Step 4: Check for Obstructions**\\n\\nInspect the printer\'s paper path, including the paper tray, rollers, and print head, for any obstructions or debris. Remove any dust, dirt, or other blockages that may be contributing to the jam.\\n\\n**Step 5: Realign the Paper Tray**\\n\\nIf the paper tray was dislodged during the jam, realign it according to the manufacturer\'s i\\n\\nAnswer:""}], ""role"": ""user""}]}', 'session_id': 's-2aff5de1602d', 'invocation_id': 'e-08c6909b-c8f5-4f89-aa97-0d05be263bc3', 'event_id': 'JhDeDiX6'}}}","{""system_instruction"":""You are a strict RAG agent. Use only the provided context. If the context does not contain the answer, reply that you don't know. Cite supporting chunk ids in square brackets, e.g., [row::12__chunk::0]. Be concise.\n\nYou are an agent. Your internal name is \""adk_rag_minimal_agent\"".\n\n The description about you is \""Minimal RAG over CSV corpus\"""",""temperature"":0.0,""labels"":{""adk_agent_name"":""adk_rag_minimal_agent""}}",1145.0,116.0,"{'system': 'gcp.vertex.agent', 'request': {'model': 'gemini-2.0-flash'}}","{""model"": ""gemini-2.0-flash"", ""config"": {""system_instruction"": ""You are a strict RAG agent. Use only the provided context. If the context does not contain the answer, reply that you don't know. Cite supporting chunk ids in square brackets, e.g., [row::12__chunk::0]. Be concise.\n\nYou are an agent. Your internal name is \""adk_rag_minimal_agent\"".\n\n The description about you is \""Minimal RAG over CSV corpus\"""", ""temperature"": 0.0, ""labels"": {""adk_agent_name"": ""adk_rag_minimal_agent""}}, ""contents"": [{""parts"": [{""text"": ""Query: How do I back up my important work files to prevent data loss?\n\nContext:\n[row::5__chunk::0] **Creating a Backup of Important Files**\n\nBacking up important files is a crucial step in protecting your data from loss or corruption. This article will guide you through the process of creating a backup of your important files.\n\n**Step 1: Identify Important Files**\n\nThe first step in creating a backup is to identify the important files that need to be backed up. These may include documents, spreadsheets, presentations, and other files that are critical to your work. Make a list of the files and folders that you need to back up.\n\n**Step 2: Choose a Backup Method**\n\nThere are several ways to back up your files, including:\n\n* **External Hard Drive**: Connect an external hard drive to your computer and copy your important files to it.\n* **Cloud Backup**: Use a cloud backup service such as OneDrive, Google Drive, or Dropbox to store your files online.\n* **Network Share**: Save your files to a network share or a shared drive on your company's network.\n* **USB Drive**: Use a USB drive to store your important files.\n\nChoose a backup method that works best for you and your needs.\n\n**Step 3: Connect Your Backup Device**\n\nIf you are using an external hard drive or USB drive, connect it to y\n\n[row::5__chunk::1] that works best for you and your needs.\n\n**Step 3: Connect Your Backup Device**\n\nIf you are using an external hard drive or USB drive, connect it to your computer. If you are using a cloud backup service, log in to your account and ensure that you have sufficient storage space.\n\n**Step 4: Copy Your Files**\n\nCopy your important files to your chosen backup device. Make sure to copy all the files and folders that you identified in Step 1.\n\n**Step 5: Verify Your Backup**\n\nOnce you have copied your files, verify that they have been backed up successfully. Check the contents of your backup device to ensure that all files are present and can be opened.\n\n**Step 6: Schedule Regular Backups**\n\nTo ensure that your important files are always up to date, schedule regular backups. You can set up your backup software to run automatically at a specified time each day or week.\n\n**Additional Tips**\n\n* **Backup Frequency**: Aim to backup your important files at least once a week, or more frequently if you work with sensitive or critical data.\n* **Backup Location**: Store your backup device in a safe location, away from your computer and other electronic devices.\n* **Versioning**: Consider using a bac\n\n[row::5__chunk::2]  Location**: Store your backup device in a safe location, away from your computer and other electronic devices.\n* **Versioning**: Consider using a backup software that supports versioning, which allows you to keep multiple versions of your files in case you need to recover a previous version.\n\nBy following these steps, you can ensure that your important files are safely backed up and protected from loss or corruption.\n\n[row::8__chunk::0] **Resetting a Jammed Printer**\n\n**Step 1: Turn Off the Printer**\n\nImmediately turn off the printer to prevent any further damage or paper jams. Locate the power button, usually found on the top or front of the printer, and press it to shut down the device.\n\n**Step 2: Open the Printer**\n\nLocate the printer's access panel, which varies depending on the printer model. Common locations include the top, front, or back of the printer. Open the panel by pressing the release latch or sliding it open. This will give you access to the internal mechanisms.\n\n**Step 3: Identify and Remove Jammed Paper**\n\nCarefully inspect the printer's internal mechanisms to locate the jammed paper. Gently pull out any visible paper scraps or torn pieces. Be cautious not to touch any internal components or rollers, as oils from your skin can cause damage.\n\n**Step 4: Check for Obstructions**\n\nInspect the printer's paper path, including the paper tray, rollers, and print head, for any obstructions or debris. Remove any dust, dirt, or other blockages that may be contributing to the jam.\n\n**Step 5: Realign the Paper Tray**\n\nIf the paper tray was dislodged during the jam, realign it according to the manufacturer's i\n\nAnswer:""}], ""role"": ""user""}]}",1029.0,"{""content"":{""parts"":[{""text"":""To back up your important work files, follow these steps: identify the important files, choose a backup method (external hard drive, cloud backup, network share, or USB drive), connect your backup device, copy your files, verify your backup, and schedule regular backups [row::5__chunk::0]. Aim to backup your files at least once a week and store your backup device in a safe location [row::5__chunk::1, row::5__chunk::2]. Consider using backup software that supports versioning [row::5__chunk::2].\n""}],""role"":""model""},""usage_metadata"":{""candidates_token_count"":116,""candidates_tokens_details"":[{""modality"":""TEXT"",""token_count"":116}],""prompt_token_count"":1029,""prompt_tokens_details"":[{""modality"":""TEXT"",""token_count"":1029}],""total_token_count"":1145,""traffic_type"":""ON_DEMAND""}}","{'query': 'How do I back up my important work files to prevent data loss?', 'context': ""[row::5__chunk::0] **Creating a Backup of Important Files**\n\nBacking up important files is a crucial step in protecting your data from loss or corruption. This article will guide you through the process of creating a backup of your important files.\n\n**Step 1: Identify Important Files**\n\nThe first step in creating a backup is to identify the important files that need to be backed up. These may include documents, spreadsheets, presentations, and other files that are critical to your work. Make a list of the files and folders that you need to back up.\n\n**Step 2: Choose a Backup Method**\n\nThere are several ways to back up your files, including:\n\n* **External Hard Drive**: Connect an external hard drive to your computer and copy your important files to it.\n* **Cloud Backup**: Use a cloud backup service such as OneDrive, Google Drive, or Dropbox to store your files online.\n* **Network Share**: Save your files to a network share or a shared drive on your company's network.\n* **USB Drive**: Use a USB drive to store your important files.\n\nChoose a backup method that works best for you and your needs.\n\n**Step 3: Connect Your Backup Device**\n\nIf you are using an external hard drive or USB drive, connect it to y\n\n[row::5__chunk::1] that works best for you and your needs.\n\n**Step 3: Connect Your Backup Device**\n\nIf you are using an external hard drive or USB drive, connect it to your computer. If you are using a cloud backup service, log in to your account and ensure that you have sufficient storage space.\n\n**Step 4: Copy Your Files**\n\nCopy your important files to your chosen backup device. Make sure to copy all the files and folders that you identified in Step 1.\n\n**Step 5: Verify Your Backup**\n\nOnce you have copied your files, verify that they have been backed up successfully. Check the contents of your backup device to ensure that all files are present and can be opened.\n\n**Step 6: Schedule Regular Backups**\n\nTo ensure that your important files are always up to date, schedule regular backups. You can set up your backup software to run automatically at a specified time each day or week.\n\n**Additional Tips**\n\n* **Backup Frequency**: Aim to backup your important files at least once a week, or more frequently if you work with sensitive or critical data.\n* **Backup Location**: Store your backup device in a safe location, away from your computer and other electronic devices.\n* **Versioning**: Consider using a bac\n\n[row::5__chunk::2]  Location**: Store your backup device in a safe location, away from your computer and other electronic devices.\n* **Versioning**: Consider using a backup software that supports versioning, which allows you to keep multiple versions of your files in case you need to recover a previous version.\n\nBy following these steps, you can ensure that your important files are safely backed up and protected from loss or corruption.\n\n[row::8__chunk::0] **Resetting a Jammed Printer**\n\n**Step 1: Turn Off the Printer**\n\nImmediately turn off the printer to prevent any further damage or paper jams. Locate the power button, usually found on the top or front of the printer, and press it to shut down the device.\n\n**Step 2: Open the Printer**\n\nLocate the printer's access panel, which varies depending on the printer model. Common locations include the top, front, or back of the printer. Open the panel by pressing the release latch or sliding it open. This will give you access to the internal mechanisms.\n\n**Step 3: Identify and Remove Jammed Paper**\n\nCarefully inspect the printer's internal mechanisms to locate the jammed paper. Gently pull out any visible paper scraps or torn pieces. Be cautious not to touch any internal components or rollers, as oils from your skin can cause damage.\n\n**Step 4: Check for Obstructions**\n\nInspect the printer's paper path, including the paper tray, rollers, and print head, for any obstructions or debris. Remove any dust, dirt, or other blockages that may be contributing to the jam.\n\n**Step 5: Realign the Paper Tray**\n\nIf the paper tray was dislodged during the jam, realign it according to the manufacturer's i""}",google,gemini-2.0-flash,s-2aff5de1602d,"[{'message.role': 'model', 'message.contents': [{'message_content.type': 'text', 'message_content.text': 'To back up your important work files, follow these steps: identify the important files, choose a backup method (external hard drive, cloud backup, network share, or USB drive), connect your backup device, copy your files, verify your backup, and schedule regular backups [row::5__chunk::0]. Aim to backup your files at least once a week and store your backup device in a safe location [row::5__chunk::1, row::5__chunk::2]. Consider using backup software that supports versioning [row::5__chunk::2].\n'}]}]",v1,"Query: {query}

Context:
{context}

Answer:"
agent_run [adk_rag_minimal_agent],AGENT,69ef5b6e5a1d0c5f,2025-08-15 06:42:56.811689+00:00,2025-08-15 06:42:58.726956+00:00,OK,,[],31b18fa156341dc9,83513e0a4fd823859dee314ba994cdd5,u,,AGENT,application/json,,,,,,,,,"{""content"":{""parts"":[{""text"":""To back up your important work files, follow these steps: identify the important files, choose a backup method (external hard drive, cloud backup, network share, or USB drive), connect your backup device, copy your files, verify your backup, and schedule regular backups [row::5__chunk::0]. Aim to backup your files at least once a week and store your backup device in a safe location [row::5__chunk::1, row::5__chunk::2]. Consider using backup software that supports versioning [row::5__chunk::2].\n""}],""role"":""model""},""usage_metadata"":{""candidates_token_count"":116,""candidates_tokens_details"":[{""modality"":""TEXT"",""token_count"":116}],""prompt_token_count"":1029,""prompt_tokens_details"":[{""modality"":""TEXT"",""token_count"":1029}],""total_token_count"":1145,""traffic_type"":""ON_DEMAND""},""invocation_id"":""e-08c6909b-c8f5-4f89-aa97-0d05be263bc3"",""author"":""adk_rag_minimal_agent"",""actions"":{""state_delta"":{},""artifact_delta"":{},""requested_auth_configs"":{}},""id"":""JhDeDiX6"",""timestamp"":1755240176.81212}","{'query': 'How do I back up my important work files to prevent data loss?', 'context': ""[row::5__chunk::0] **Creating a Backup of Important Files**\n\nBacking up important files is a crucial step in protecting your data from loss or corruption. This article will guide you through the process of creating a backup of your important files.\n\n**Step 1: Identify Important Files**\n\nThe first step in creating a backup is to identify the important files that need to be backed up. These may include documents, spreadsheets, presentations, and other files that are critical to your work. Make a list of the files and folders that you need to back up.\n\n**Step 2: Choose a Backup Method**\n\nThere are several ways to back up your files, including:\n\n* **External Hard Drive**: Connect an external hard drive to your computer and copy your important files to it.\n* **Cloud Backup**: Use a cloud backup service such as OneDrive, Google Drive, or Dropbox to store your files online.\n* **Network Share**: Save your files to a network share or a shared drive on your company's network.\n* **USB Drive**: Use a USB drive to store your important files.\n\nChoose a backup method that works best for you and your needs.\n\n**Step 3: Connect Your Backup Device**\n\nIf you are using an external hard drive or USB drive, connect it to y\n\n[row::5__chunk::1] that works best for you and your needs.\n\n**Step 3: Connect Your Backup Device**\n\nIf you are using an external hard drive or USB drive, connect it to your computer. If you are using a cloud backup service, log in to your account and ensure that you have sufficient storage space.\n\n**Step 4: Copy Your Files**\n\nCopy your important files to your chosen backup device. Make sure to copy all the files and folders that you identified in Step 1.\n\n**Step 5: Verify Your Backup**\n\nOnce you have copied your files, verify that they have been backed up successfully. Check the contents of your backup device to ensure that all files are present and can be opened.\n\n**Step 6: Schedule Regular Backups**\n\nTo ensure that your important files are always up to date, schedule regular backups. You can set up your backup software to run automatically at a specified time each day or week.\n\n**Additional Tips**\n\n* **Backup Frequency**: Aim to backup your important files at least once a week, or more frequently if you work with sensitive or critical data.\n* **Backup Location**: Store your backup device in a safe location, away from your computer and other electronic devices.\n* **Versioning**: Consider using a bac\n\n[row::5__chunk::2]  Location**: Store your backup device in a safe location, away from your computer and other electronic devices.\n* **Versioning**: Consider using a backup software that supports versioning, which allows you to keep multiple versions of your files in case you need to recover a previous version.\n\nBy following these steps, you can ensure that your important files are safely backed up and protected from loss or corruption.\n\n[row::8__chunk::0] **Resetting a Jammed Printer**\n\n**Step 1: Turn Off the Printer**\n\nImmediately turn off the printer to prevent any further damage or paper jams. Locate the power button, usually found on the top or front of the printer, and press it to shut down the device.\n\n**Step 2: Open the Printer**\n\nLocate the printer's access panel, which varies depending on the printer model. Common locations include the top, front, or back of the printer. Open the panel by pressing the release latch or sliding it open. This will give you access to the internal mechanisms.\n\n**Step 3: Identify and Remove Jammed Paper**\n\nCarefully inspect the printer's internal mechanisms to locate the jammed paper. Gently pull out any visible paper scraps or torn pieces. Be cautious not to touch any internal components or rollers, as oils from your skin can cause damage.\n\n**Step 4: Check for Obstructions**\n\nInspect the printer's paper path, including the paper tray, rollers, and print head, for any obstructions or debris. Remove any dust, dirt, or other blockages that may be contributing to the jam.\n\n**Step 5: Realign the Paper Tray**\n\nIf the paper tray was dislodged during the jam, realign it according to the manufacturer's i""}",,,s-2aff5de1602d,,v1,"Query: {query}

Context:
{context}

Answer:"
invocation [adk_rag_minimal],CHAIN,,2025-08-15 06:42:56.811162+00:00,2025-08-15 06:42:58.728385+00:00,OK,,[],69ef5b6e5a1d0c5f,83513e0a4fd823859dee314ba994cdd5,u,application/json,CHAIN,application/json,,,,,,,"{""user_id"": ""u"", ""session_id"": ""s-2aff5de1602d"", ""new_message"": {""parts"": [{""text"": ""Query: How do I back up my important work files to prevent data loss?\n\nContext:\n[row::5__chunk::0] **Creating a Backup of Important Files**\n\nBacking up important files is a crucial step in protecting your data from loss or corruption. This article will guide you through the process of creating a backup of your important files.\n\n**Step 1: Identify Important Files**\n\nThe first step in creating a backup is to identify the important files that need to be backed up. These may include documents, spreadsheets, presentations, and other files that are critical to your work. Make a list of the files and folders that you need to back up.\n\n**Step 2: Choose a Backup Method**\n\nThere are several ways to back up your files, including:\n\n* **External Hard Drive**: Connect an external hard drive to your computer and copy your important files to it.\n* **Cloud Backup**: Use a cloud backup service such as OneDrive, Google Drive, or Dropbox to store your files online.\n* **Network Share**: Save your files to a network share or a shared drive on your company's network.\n* **USB Drive**: Use a USB drive to store your important files.\n\nChoose a backup method that works best for you and your needs.\n\n**Step 3: Connect Your Backup Device**\n\nIf you are using an external hard drive or USB drive, connect it to y\n\n[row::5__chunk::1] that works best for you and your needs.\n\n**Step 3: Connect Your Backup Device**\n\nIf you are using an external hard drive or USB drive, connect it to your computer. If you are using a cloud backup service, log in to your account and ensure that you have sufficient storage space.\n\n**Step 4: Copy Your Files**\n\nCopy your important files to your chosen backup device. Make sure to copy all the files and folders that you identified in Step 1.\n\n**Step 5: Verify Your Backup**\n\nOnce you have copied your files, verify that they have been backed up successfully. Check the contents of your backup device to ensure that all files are present and can be opened.\n\n**Step 6: Schedule Regular Backups**\n\nTo ensure that your important files are always up to date, schedule regular backups. You can set up your backup software to run automatically at a specified time each day or week.\n\n**Additional Tips**\n\n* **Backup Frequency**: Aim to backup your important files at least once a week, or more frequently if you work with sensitive or critical data.\n* **Backup Location**: Store your backup device in a safe location, away from your computer and other electronic devices.\n* **Versioning**: Consider using a bac\n\n[row::5__chunk::2]  Location**: Store your backup device in a safe location, away from your computer and other electronic devices.\n* **Versioning**: Consider using a backup software that supports versioning, which allows you to keep multiple versions of your files in case you need to recover a previous version.\n\nBy following these steps, you can ensure that your important files are safely backed up and protected from loss or corruption.\n\n[row::8__chunk::0] **Resetting a Jammed Printer**\n\n**Step 1: Turn Off the Printer**\n\nImmediately turn off the printer to prevent any further damage or paper jams. Locate the power button, usually found on the top or front of the printer, and press it to shut down the device.\n\n**Step 2: Open the Printer**\n\nLocate the printer's access panel, which varies depending on the printer model. Common locations include the top, front, or back of the printer. Open the panel by pressing the release latch or sliding it open. This will give you access to the internal mechanisms.\n\n**Step 3: Identify and Remove Jammed Paper**\n\nCarefully inspect the printer's internal mechanisms to locate the jammed paper. Gently pull out any visible paper scraps or torn pieces. Be cautious not to touch any internal components or rollers, as oils from your skin can cause damage.\n\n**Step 4: Check for Obstructions**\n\nInspect the printer's paper path, including the paper tray, rollers, and print head, for any obstructions or debris. Remove any dust, dirt, or other blockages that may be contributing to the jam.\n\n**Step 5: Realign the Paper Tray**\n\nIf the paper tray was dislodged during the jam, realign it according to the manufacturer's i\n\nAnswer:""}], ""role"": ""user""}, ""run_config"": {""save_input_blobs_as_artifacts"": false, ""support_cfc"": false, ""streaming_mode"": ""StreamingMode.NONE"", ""max_llm_calls"": 500}}",,"{""content"":{""parts"":[{""text"":""To back up your important work files, follow these steps: identify the important files, choose a backup method (external hard drive, cloud backup, network share, or USB drive), connect your backup device, copy your files, verify your backup, and schedule regular backups [row::5__chunk::0]. Aim to backup your files at least once a week and store your backup device in a safe location [row::5__chunk::1, row::5__chunk::2]. Consider using backup software that supports versioning [row::5__chunk::2].\n""}],""role"":""model""},""usage_metadata"":{""candidates_token_count"":116,""candidates_tokens_details"":[{""modality"":""TEXT"",""token_count"":116}],""prompt_token_count"":1029,""prompt_tokens_details"":[{""modality"":""TEXT"",""token_count"":1029}],""total_token_count"":1145,""traffic_type"":""ON_DEMAND""},""invocation_id"":""e-08c6909b-c8f5-4f89-aa97-0d05be263bc3"",""author"":""adk_rag_minimal_agent"",""actions"":{""state_delta"":{},""artifact_delta"":{},""requested_auth_configs"":{}},""id"":""JhDeDiX6"",""timestamp"":1755240176.81212}","{'query': 'How do I back up my important work files to prevent data loss?', 'context': ""[row::5__chunk::0] **Creating a Backup of Important Files**\n\nBacking up important files is a crucial step in protecting your data from loss or corruption. This article will guide you through the process of creating a backup of your important files.\n\n**Step 1: Identify Important Files**\n\nThe first step in creating a backup is to identify the important files that need to be backed up. These may include documents, spreadsheets, presentations, and other files that are critical to your work. Make a list of the files and folders that you need to back up.\n\n**Step 2: Choose a Backup Method**\n\nThere are several ways to back up your files, including:\n\n* **External Hard Drive**: Connect an external hard drive to your computer and copy your important files to it.\n* **Cloud Backup**: Use a cloud backup service such as OneDrive, Google Drive, or Dropbox to store your files online.\n* **Network Share**: Save your files to a network share or a shared drive on your company's network.\n* **USB Drive**: Use a USB drive to store your important files.\n\nChoose a backup method that works best for you and your needs.\n\n**Step 3: Connect Your Backup Device**\n\nIf you are using an external hard drive or USB drive, connect it to y\n\n[row::5__chunk::1] that works best for you and your needs.\n\n**Step 3: Connect Your Backup Device**\n\nIf you are using an external hard drive or USB drive, connect it to your computer. If you are using a cloud backup service, log in to your account and ensure that you have sufficient storage space.\n\n**Step 4: Copy Your Files**\n\nCopy your important files to your chosen backup device. Make sure to copy all the files and folders that you identified in Step 1.\n\n**Step 5: Verify Your Backup**\n\nOnce you have copied your files, verify that they have been backed up successfully. Check the contents of your backup device to ensure that all files are present and can be opened.\n\n**Step 6: Schedule Regular Backups**\n\nTo ensure that your important files are always up to date, schedule regular backups. You can set up your backup software to run automatically at a specified time each day or week.\n\n**Additional Tips**\n\n* **Backup Frequency**: Aim to backup your important files at least once a week, or more frequently if you work with sensitive or critical data.\n* **Backup Location**: Store your backup device in a safe location, away from your computer and other electronic devices.\n* **Versioning**: Consider using a bac\n\n[row::5__chunk::2]  Location**: Store your backup device in a safe location, away from your computer and other electronic devices.\n* **Versioning**: Consider using a backup software that supports versioning, which allows you to keep multiple versions of your files in case you need to recover a previous version.\n\nBy following these steps, you can ensure that your important files are safely backed up and protected from loss or corruption.\n\n[row::8__chunk::0] **Resetting a Jammed Printer**\n\n**Step 1: Turn Off the Printer**\n\nImmediately turn off the printer to prevent any further damage or paper jams. Locate the power button, usually found on the top or front of the printer, and press it to shut down the device.\n\n**Step 2: Open the Printer**\n\nLocate the printer's access panel, which varies depending on the printer model. Common locations include the top, front, or back of the printer. Open the panel by pressing the release latch or sliding it open. This will give you access to the internal mechanisms.\n\n**Step 3: Identify and Remove Jammed Paper**\n\nCarefully inspect the printer's internal mechanisms to locate the jammed paper. Gently pull out any visible paper scraps or torn pieces. Be cautious not to touch any internal components or rollers, as oils from your skin can cause damage.\n\n**Step 4: Check for Obstructions**\n\nInspect the printer's paper path, including the paper tray, rollers, and print head, for any obstructions or debris. Remove any dust, dirt, or other blockages that may be contributing to the jam.\n\n**Step 5: Realign the Paper Tray**\n\nIf the paper tray was dislodged during the jam, realign it according to the manufacturer's i""}",,,s-2aff5de1602d,,v1,"Query: {query}

Context:
{context}

Answer:"
call_llm,LLM,477d21bd4558572d,2025-08-15 06:42:58.733661+00:00,2025-08-15 06:43:00.352920+00:00,OK,,[],242cfd597180ee3c,bdf2960bfcd47746b46cdc5c387c9401,u,application/json,LLM,application/json,"[{'message.role': 'system', 'message.content': 'You are a strict RAG agent. Use only the provided context. If the context does not contain the answer, reply that you don\'t know. Cite supporting chunk ids in square brackets, e.g., [row::12__chunk::0]. Be concise.\n\nYou are an agent. Your internal name is ""adk_rag_minimal_agent"".\n\n The description about you is ""Minimal RAG over CSV corpus""'}, {'message.role': 'user', 'message.contents': [{'message_content.type': 'text', 'message_content.text': 'Query: My company-issued tablet is freezing frequently and I\'m unable to access some of my apps, what can I do to fix the issue?\n\nContext:\n[row::6__chunk::0] **Troubleshooting Issues with Company-Issued Tablets**\n\nThis article provides step-by-step guidance for troubleshooting common issues with company-issued tablets. Please follow the steps outlined below to resolve the issue before escalating to advanced support.\n\n**Step 1: Power Cycle the Tablet**\n\n* Press and hold the power button until the tablet shuts down.\n* Wait for 30 seconds to allow any residual power to drain.\n* Press the power button again to turn the tablet back on.\n* Observe if the issue persists.\n\n**Step 2: Check for Software Updates**\n\n* Ensure the tablet is connected to a stable internet connection.\n* Go to **Settings** > **System** > **System Update**.\n* Check for available software updates and install any pending updates.\n* Restart the tablet after installation.\n\n**Step 3: Restart in Safe Mode**\n\n* Press and hold the power button until the tablet shuts down.\n* Press the power button again to turn the tablet back on.\n* Immediately hold down the **Volume Down** button until the tablet boots into safe mode.\n* Observe if the issue persists in safe mode.\n\n**Step 4: Check for App-Related Issues**\n\n* Identify the app that is experiencing issues.\n* Go to **Settings** > **Ap\n\n[row::6__chunk::1] he issue persists in safe mode.\n\n**Step 4: Check for App-Related Issues**\n\n* Identify the app that is experiencing issues.\n* Go to **Settings** > **Apps** > **[App Name]**.\n* Clear the app\'s cache and data.\n* Restart the app to see if the issue is resolved.\n\n**Step 5: Perform a Factory Reset**\n\n* Go to **Settings** > **System** > **Advanced** > **Reset Options**.\n* Select **Erase all data (factory reset)**.\n* Follow the prompts to complete the reset process.\n* Note: This step will erase all data on the tablet, so ensure that all important data is backed up before proceeding.\n\n**Step 6: Check for Hardware Issues**\n\n* Inspect the tablet for any signs of physical damage or wear.\n* Check the charging port and ensure it is free from debris.\n* Try using a different charging cable or power source.\n\n**Step 7: Gather Diagnostic Information**\n\n* Go to **Settings** > **System** > **About Tablet**.\n* Take note of the tablet\'s operating system version, device ID, and any error messages.\n* Provide this information to advanced support if the issue cannot be resolved through these troubleshooting steps.\n\nIf none of the above steps resolve the issue, please escalate the issue to advanced support, p\n\n[row::1__chunk::1] complete the process.\n\n**Step 5: Confirm PIN Reset**\n\n1. You will receive a confirmation message indicating that your PIN has been successfully reset.\n2. Click the ""OK"" button to close the message.\n\n**Important Notes:**\n\n* If you are unable to reset your PIN using the self-service tool, please contact the IT Helpdesk for assistance.\n* It is recommended to keep your PIN confidential and not share it with anyone.\n* You can reset your PIN a maximum of 3 times in a 24-hour period. If you exceed this limit, you will need to contact the IT Helpdesk to reset your PIN.\n\nBy following these steps, you should be able to reset your forgotten PIN and regain access to company systems and applications. If you encounter any issues during the process, please do not hesitate to reach out to the IT Helpdesk for further assistance.\n\n[row::8__chunk::0] **Resetting a Jammed Printer**\n\n**Step 1: Turn Off the Printer**\n\nImmediately turn off the printer to prevent any further damage or paper jams. Locate the power button, usually found on the top or front of the printer, and press it to shut down the device.\n\n**Step 2: Open the Printer**\n\nLocate the printer\'s access panel, which varies depending on the printer model. Common locations include the top, front, or back of the printer. Open the panel by pressing the release latch or sliding it open. This will give you access to the internal mechanisms.\n\n**Step 3: Identify and Remove Jammed Paper**\n\nCarefully inspect the printer\'s internal mechanisms to locate the jammed paper. Gently pull out any visible paper scraps or torn pieces. Be cautious not to touch any internal components or rollers, as oils from your skin can cause damage.\n\n**Step 4: Check for Obstructions**\n\nInspect the printer\'s paper path, including the paper tray, rollers, and print head, for any obstructions or debris. Remove any dust, dirt, or other blockages that may be contributing to the jam.\n\n**Step 5: Realign the Paper Tray**\n\nIf the paper tray was dislodged during the jam, realign it according to the manufacturer\'s i\n\nAnswer:'}]}]","{'vertex': {'agent': {'llm_response': '{""content"":{""parts"":[{""text"":""You can try power cycling the tablet, checking for software updates, restarting in safe mode, checking for app-related issues, or performing a factory reset [row::6__chunk::0, row::6__chunk::1]. See the context for detailed instructions.""}],""role"":""model""},""usage_metadata"":{""candidates_token_count"":54,""candidates_tokens_details"":[{""modality"":""TEXT"",""token_count"":54}],""prompt_token_count"":1183,""prompt_tokens_details"":[{""modality"":""TEXT"",""token_count"":1183}],""total_token_count"":1237,""traffic_type"":""ON_DEMAND""}}', 'llm_request': '{""model"": ""gemini-2.0-flash"", ""config"": {""system_instruction"": ""You are a strict RAG agent. Use only the provided context. If the context does not contain the answer, reply that you don\'t know. Cite supporting chunk ids in square brackets, e.g., [row::12__chunk::0]. Be concise.\\n\\nYou are an agent. Your internal name is \\""adk_rag_minimal_agent\\"".\\n\\n The description about you is \\""Minimal RAG over CSV corpus\\"""", ""temperature"": 0.0, ""labels"": {""adk_agent_name"": ""adk_rag_minimal_agent""}}, ""contents"": [{""parts"": [{""text"": ""Query: My company-issued tablet is freezing frequently and I\'m unable to access some of my apps, what can I do to fix the issue?\\n\\nContext:\\n[row::6__chunk::0] **Troubleshooting Issues with Company-Issued Tablets**\\n\\nThis article provides step-by-step guidance for troubleshooting common issues with company-issued tablets. Please follow the steps outlined below to resolve the issue before escalating to advanced support.\\n\\n**Step 1: Power Cycle the Tablet**\\n\\n* Press and hold the power button until the tablet shuts down.\\n* Wait for 30 seconds to allow any residual power to drain.\\n* Press the power button again to turn the tablet back on.\\n* Observe if the issue persists.\\n\\n**Step 2: Check for Software Updates**\\n\\n* Ensure the tablet is connected to a stable internet connection.\\n* Go to **Settings** > **System** > **System Update**.\\n* Check for available software updates and install any pending updates.\\n* Restart the tablet after installation.\\n\\n**Step 3: Restart in Safe Mode**\\n\\n* Press and hold the power button until the tablet shuts down.\\n* Press the power button again to turn the tablet back on.\\n* Immediately hold down the **Volume Down** button until the tablet boots into safe mode.\\n* Observe if the issue persists in safe mode.\\n\\n**Step 4: Check for App-Related Issues**\\n\\n* Identify the app that is experiencing issues.\\n* Go to **Settings** > **Ap\\n\\n[row::6__chunk::1] he issue persists in safe mode.\\n\\n**Step 4: Check for App-Related Issues**\\n\\n* Identify the app that is experiencing issues.\\n* Go to **Settings** > **Apps** > **[App Name]**.\\n* Clear the app\'s cache and data.\\n* Restart the app to see if the issue is resolved.\\n\\n**Step 5: Perform a Factory Reset**\\n\\n* Go to **Settings** > **System** > **Advanced** > **Reset Options**.\\n* Select **Erase all data (factory reset)**.\\n* Follow the prompts to complete the reset process.\\n* Note: This step will erase all data on the tablet, so ensure that all important data is backed up before proceeding.\\n\\n**Step 6: Check for Hardware Issues**\\n\\n* Inspect the tablet for any signs of physical damage or wear.\\n* Check the charging port and ensure it is free from debris.\\n* Try using a different charging cable or power source.\\n\\n**Step 7: Gather Diagnostic Information**\\n\\n* Go to **Settings** > **System** > **About Tablet**.\\n* Take note of the tablet\'s operating system version, device ID, and any error messages.\\n* Provide this information to advanced support if the issue cannot be resolved through these troubleshooting steps.\\n\\nIf none of the above steps resolve the issue, please escalate the issue to advanced support, p\\n\\n[row::1__chunk::1] complete the process.\\n\\n**Step 5: Confirm PIN Reset**\\n\\n1. You will receive a confirmation message indicating that your PIN has been successfully reset.\\n2. Click the \\""OK\\"" button to close the message.\\n\\n**Important Notes:**\\n\\n* If you are unable to reset your PIN using the self-service tool, please contact the IT Helpdesk for assistance.\\n* It is recommended to keep your PIN confidential and not share it with anyone.\\n* You can reset your PIN a maximum of 3 times in a 24-hour period. If you exceed this limit, you will need to contact the IT Helpdesk to reset your PIN.\\n\\nBy following these steps, you should be able to reset your forgotten PIN and regain access to company systems and applications. If you encounter any issues during the process, please do not hesitate to reach out to the IT Helpdesk for further assistance.\\n\\n[row::8__chunk::0] **Resetting a Jammed Printer**\\n\\n**Step 1: Turn Off the Printer**\\n\\nImmediately turn off the printer to prevent any further damage or paper jams. Locate the power button, usually found on the top or front of the printer, and press it to shut down the device.\\n\\n**Step 2: Open the Printer**\\n\\nLocate the printer\'s access panel, which varies depending on the printer model. Common locations include the top, front, or back of the printer. Open the panel by pressing the release latch or sliding it open. This will give you access to the internal mechanisms.\\n\\n**Step 3: Identify and Remove Jammed Paper**\\n\\nCarefully inspect the printer\'s internal mechanisms to locate the jammed paper. Gently pull out any visible paper scraps or torn pieces. Be cautious not to touch any internal components or rollers, as oils from your skin can cause damage.\\n\\n**Step 4: Check for Obstructions**\\n\\nInspect the printer\'s paper path, including the paper tray, rollers, and print head, for any obstructions or debris. Remove any dust, dirt, or other blockages that may be contributing to the jam.\\n\\n**Step 5: Realign the Paper Tray**\\n\\nIf the paper tray was dislodged during the jam, realign it according to the manufacturer\'s i\\n\\nAnswer:""}], ""role"": ""user""}]}', 'session_id': 's-fb8f143a5931', 'invocation_id': 'e-b2518bfa-ee45-4108-9d6b-9c44743b28dc', 'event_id': '7OEU4QaY'}}}","{""system_instruction"":""You are a strict RAG agent. Use only the provided context. If the context does not contain the answer, reply that you don't know. Cite supporting chunk ids in square brackets, e.g., [row::12__chunk::0]. Be concise.\n\nYou are an agent. Your internal name is \""adk_rag_minimal_agent\"".\n\n The description about you is \""Minimal RAG over CSV corpus\"""",""temperature"":0.0,""labels"":{""adk_agent_name"":""adk_rag_minimal_agent""}}",1237.0,54.0,"{'system': 'gcp.vertex.agent', 'request': {'model': 'gemini-2.0-flash'}}","{""model"": ""gemini-2.0-flash"", ""config"": {""system_instruction"": ""You are a strict RAG agent. Use only the provided context. If the context does not contain the answer, reply that you don't know. Cite supporting chunk ids in square brackets, e.g., [row::12__chunk::0]. Be concise.\n\nYou are an agent. Your internal name is \""adk_rag_minimal_agent\"".\n\n The description about you is \""Minimal RAG over CSV corpus\"""", ""temperature"": 0.0, ""labels"": {""adk_agent_name"": ""adk_rag_minimal_agent""}}, ""contents"": [{""parts"": [{""text"": ""Query: My company-issued tablet is freezing frequently and I'm unable to access some of my apps, what can I do to fix the issue?\n\nContext:\n[row::6__chunk::0] **Troubleshooting Issues with Company-Issued Tablets**\n\nThis article provides step-by-step guidance for troubleshooting common issues with company-issued tablets. Please follow the steps outlined below to resolve the issue before escalating to advanced support.\n\n**Step 1: Power Cycle the Tablet**\n\n* Press and hold the power button until the tablet shuts down.\n* Wait for 30 seconds to allow any residual power to drain.\n* Press the power button again to turn the tablet back on.\n* Observe if the issue persists.\n\n**Step 2: Check for Software Updates**\n\n* Ensure the tablet is connected to a stable internet connection.\n* Go to **Settings** > **System** > **System Update**.\n* Check for available software updates and install any pending updates.\n* Restart the tablet after installation.\n\n**Step 3: Restart in Safe Mode**\n\n* Press and hold the power button until the tablet shuts down.\n* Press the power button again to turn the tablet back on.\n* Immediately hold down the **Volume Down** button until the tablet boots into safe mode.\n* Observe if the issue persists in safe mode.\n\n**Step 4: Check for App-Related Issues**\n\n* Identify the app that is experiencing issues.\n* Go to **Settings** > **Ap\n\n[row::6__chunk::1] he issue persists in safe mode.\n\n**Step 4: Check for App-Related Issues**\n\n* Identify the app that is experiencing issues.\n* Go to **Settings** > **Apps** > **[App Name]**.\n* Clear the app's cache and data.\n* Restart the app to see if the issue is resolved.\n\n**Step 5: Perform a Factory Reset**\n\n* Go to **Settings** > **System** > **Advanced** > **Reset Options**.\n* Select **Erase all data (factory reset)**.\n* Follow the prompts to complete the reset process.\n* Note: This step will erase all data on the tablet, so ensure that all important data is backed up before proceeding.\n\n**Step 6: Check for Hardware Issues**\n\n* Inspect the tablet for any signs of physical damage or wear.\n* Check the charging port and ensure it is free from debris.\n* Try using a different charging cable or power source.\n\n**Step 7: Gather Diagnostic Information**\n\n* Go to **Settings** > **System** > **About Tablet**.\n* Take note of the tablet's operating system version, device ID, and any error messages.\n* Provide this information to advanced support if the issue cannot be resolved through these troubleshooting steps.\n\nIf none of the above steps resolve the issue, please escalate the issue to advanced support, p\n\n[row::1__chunk::1] complete the process.\n\n**Step 5: Confirm PIN Reset**\n\n1. You will receive a confirmation message indicating that your PIN has been successfully reset.\n2. Click the \""OK\"" button to close the message.\n\n**Important Notes:**\n\n* If you are unable to reset your PIN using the self-service tool, please contact the IT Helpdesk for assistance.\n* It is recommended to keep your PIN confidential and not share it with anyone.\n* You can reset your PIN a maximum of 3 times in a 24-hour period. If you exceed this limit, you will need to contact the IT Helpdesk to reset your PIN.\n\nBy following these steps, you should be able to reset your forgotten PIN and regain access to company systems and applications. If you encounter any issues during the process, please do not hesitate to reach out to the IT Helpdesk for further assistance.\n\n[row::8__chunk::0] **Resetting a Jammed Printer**\n\n**Step 1: Turn Off the Printer**\n\nImmediately turn off the printer to prevent any further damage or paper jams. Locate the power button, usually found on the top or front of the printer, and press it to shut down the device.\n\n**Step 2: Open the Printer**\n\nLocate the printer's access panel, which varies depending on the printer model. Common locations include the top, front, or back of the printer. Open the panel by pressing the release latch or sliding it open. This will give you access to the internal mechanisms.\n\n**Step 3: Identify and Remove Jammed Paper**\n\nCarefully inspect the printer's internal mechanisms to locate the jammed paper. Gently pull out any visible paper scraps or torn pieces. Be cautious not to touch any internal components or rollers, as oils from your skin can cause damage.\n\n**Step 4: Check for Obstructions**\n\nInspect the printer's paper path, including the paper tray, rollers, and print head, for any obstructions or debris. Remove any dust, dirt, or other blockages that may be contributing to the jam.\n\n**Step 5: Realign the Paper Tray**\n\nIf the paper tray was dislodged during the jam, realign it according to the manufacturer's i\n\nAnswer:""}], ""role"": ""user""}]}",1183.0,"{""content"":{""parts"":[{""text"":""You can try power cycling the tablet, checking for software updates, restarting in safe mode, checking for app-related issues, or performing a factory reset [row::6__chunk::0, row::6__chunk::1]. See the context for detailed instructions.""}],""role"":""model""},""usage_metadata"":{""candidates_token_count"":54,""candidates_tokens_details"":[{""modality"":""TEXT"",""token_count"":54}],""prompt_token_count"":1183,""prompt_tokens_details"":[{""modality"":""TEXT"",""token_count"":1183}],""total_token_count"":1237,""traffic_type"":""ON_DEMAND""}}","{'query': ""My company-issued tablet is freezing frequently and I'm unable to access some of my apps, what can I do to fix the issue?"", 'context': '[row::6__chunk::0] **Troubleshooting Issues with Company-Issued Tablets**\n\nThis article provides step-by-step guidance for troubleshooting common issues with company-issued tablets. Please follow the steps outlined below to resolve the issue before escalating to advanced support.\n\n**Step 1: Power Cycle the Tablet**\n\n* Press and hold the power button until the tablet shuts down.\n* Wait for 30 seconds to allow any residual power to drain.\n* Press the power button again to turn the tablet back on.\n* Observe if the issue persists.\n\n**Step 2: Check for Software Updates**\n\n* Ensure the tablet is connected to a stable internet connection.\n* Go to **Settings** > **System** > **System Update**.\n* Check for available software updates and install any pending updates.\n* Restart the tablet after installation.\n\n**Step 3: Restart in Safe Mode**\n\n* Press and hold the power button until the tablet shuts down.\n* Press the power button again to turn the tablet back on.\n* Immediately hold down the **Volume Down** button until the tablet boots into safe mode.\n* Observe if the issue persists in safe mode.\n\n**Step 4: Check for App-Related Issues**\n\n* Identify the app that is experiencing issues.\n* Go to **Settings** > **Ap\n\n[row::6__chunk::1] he issue persists in safe mode.\n\n**Step 4: Check for App-Related Issues**\n\n* Identify the app that is experiencing issues.\n* Go to **Settings** > **Apps** > **[App Name]**.\n* Clear the app\'s cache and data.\n* Restart the app to see if the issue is resolved.\n\n**Step 5: Perform a Factory Reset**\n\n* Go to **Settings** > **System** > **Advanced** > **Reset Options**.\n* Select **Erase all data (factory reset)**.\n* Follow the prompts to complete the reset process.\n* Note: This step will erase all data on the tablet, so ensure that all important data is backed up before proceeding.\n\n**Step 6: Check for Hardware Issues**\n\n* Inspect the tablet for any signs of physical damage or wear.\n* Check the charging port and ensure it is free from debris.\n* Try using a different charging cable or power source.\n\n**Step 7: Gather Diagnostic Information**\n\n* Go to **Settings** > **System** > **About Tablet**.\n* Take note of the tablet\'s operating system version, device ID, and any error messages.\n* Provide this information to advanced support if the issue cannot be resolved through these troubleshooting steps.\n\nIf none of the above steps resolve the issue, please escalate the issue to advanced support, p\n\n[row::1__chunk::1] complete the process.\n\n**Step 5: Confirm PIN Reset**\n\n1. You will receive a confirmation message indicating that your PIN has been successfully reset.\n2. Click the ""OK"" button to close the message.\n\n**Important Notes:**\n\n* If you are unable to reset your PIN using the self-service tool, please contact the IT Helpdesk for assistance.\n* It is recommended to keep your PIN confidential and not share it with anyone.\n* You can reset your PIN a maximum of 3 times in a 24-hour period. If you exceed this limit, you will need to contact the IT Helpdesk to reset your PIN.\n\nBy following these steps, you should be able to reset your forgotten PIN and regain access to company systems and applications. If you encounter any issues during the process, please do not hesitate to reach out to the IT Helpdesk for further assistance.\n\n[row::8__chunk::0] **Resetting a Jammed Printer**\n\n**Step 1: Turn Off the Printer**\n\nImmediately turn off the printer to prevent any further damage or paper jams. Locate the power button, usually found on the top or front of the printer, and press it to shut down the device.\n\n**Step 2: Open the Printer**\n\nLocate the printer\'s access panel, which varies depending on the printer model. Common locations include the top, front, or back of the printer. Open the panel by pressing the release latch or sliding it open. This will give you access to the internal mechanisms.\n\n**Step 3: Identify and Remove Jammed Paper**\n\nCarefully inspect the printer\'s internal mechanisms to locate the jammed paper. Gently pull out any visible paper scraps or torn pieces. Be cautious not to touch any internal components or rollers, as oils from your skin can cause damage.\n\n**Step 4: Check for Obstructions**\n\nInspect the printer\'s paper path, including the paper tray, rollers, and print head, for any obstructions or debris. Remove any dust, dirt, or other blockages that may be contributing to the jam.\n\n**Step 5: Realign the Paper Tray**\n\nIf the paper tray was dislodged during the jam, realign it according to the manufacturer\'s i'}",google,gemini-2.0-flash,s-fb8f143a5931,"[{'message.role': 'model', 'message.contents': [{'message_content.type': 'text', 'message_content.text': 'You can try power cycling the tablet, checking for software updates, restarting in safe mode, checking for app-related issues, or performing a factory reset [row::6__chunk::0, row::6__chunk::1]. See the context for detailed instructions.'}]}]",v1,"Query: {query}

Context:
{context}

Answer:"
agent_run [adk_rag_minimal_agent],AGENT,fe3c359b6ed2b857,2025-08-15 06:42:58.733056+00:00,2025-08-15 06:43:00.358669+00:00,OK,,[],477d21bd4558572d,bdf2960bfcd47746b46cdc5c387c9401,u,,AGENT,application/json,,,,,,,,,"{""content"":{""parts"":[{""text"":""You can try power cycling the tablet, checking for software updates, restarting in safe mode, checking for app-related issues, or performing a factory reset [row::6__chunk::0, row::6__chunk::1]. See the context for detailed instructions.""}],""role"":""model""},""usage_metadata"":{""candidates_token_count"":54,""candidates_tokens_details"":[{""modality"":""TEXT"",""token_count"":54}],""prompt_token_count"":1183,""prompt_tokens_details"":[{""modality"":""TEXT"",""token_count"":1183}],""total_token_count"":1237,""traffic_type"":""ON_DEMAND""},""invocation_id"":""e-b2518bfa-ee45-4108-9d6b-9c44743b28dc"",""author"":""adk_rag_minimal_agent"",""actions"":{""state_delta"":{},""artifact_delta"":{},""requested_auth_configs"":{}},""id"":""7OEU4QaY"",""timestamp"":1755240178.733548}","{'query': ""My company-issued tablet is freezing frequently and I'm unable to access some of my apps, what can I do to fix the issue?"", 'context': '[row::6__chunk::0] **Troubleshooting Issues with Company-Issued Tablets**\n\nThis article provides step-by-step guidance for troubleshooting common issues with company-issued tablets. Please follow the steps outlined below to resolve the issue before escalating to advanced support.\n\n**Step 1: Power Cycle the Tablet**\n\n* Press and hold the power button until the tablet shuts down.\n* Wait for 30 seconds to allow any residual power to drain.\n* Press the power button again to turn the tablet back on.\n* Observe if the issue persists.\n\n**Step 2: Check for Software Updates**\n\n* Ensure the tablet is connected to a stable internet connection.\n* Go to **Settings** > **System** > **System Update**.\n* Check for available software updates and install any pending updates.\n* Restart the tablet after installation.\n\n**Step 3: Restart in Safe Mode**\n\n* Press and hold the power button until the tablet shuts down.\n* Press the power button again to turn the tablet back on.\n* Immediately hold down the **Volume Down** button until the tablet boots into safe mode.\n* Observe if the issue persists in safe mode.\n\n**Step 4: Check for App-Related Issues**\n\n* Identify the app that is experiencing issues.\n* Go to **Settings** > **Ap\n\n[row::6__chunk::1] he issue persists in safe mode.\n\n**Step 4: Check for App-Related Issues**\n\n* Identify the app that is experiencing issues.\n* Go to **Settings** > **Apps** > **[App Name]**.\n* Clear the app\'s cache and data.\n* Restart the app to see if the issue is resolved.\n\n**Step 5: Perform a Factory Reset**\n\n* Go to **Settings** > **System** > **Advanced** > **Reset Options**.\n* Select **Erase all data (factory reset)**.\n* Follow the prompts to complete the reset process.\n* Note: This step will erase all data on the tablet, so ensure that all important data is backed up before proceeding.\n\n**Step 6: Check for Hardware Issues**\n\n* Inspect the tablet for any signs of physical damage or wear.\n* Check the charging port and ensure it is free from debris.\n* Try using a different charging cable or power source.\n\n**Step 7: Gather Diagnostic Information**\n\n* Go to **Settings** > **System** > **About Tablet**.\n* Take note of the tablet\'s operating system version, device ID, and any error messages.\n* Provide this information to advanced support if the issue cannot be resolved through these troubleshooting steps.\n\nIf none of the above steps resolve the issue, please escalate the issue to advanced support, p\n\n[row::1__chunk::1] complete the process.\n\n**Step 5: Confirm PIN Reset**\n\n1. You will receive a confirmation message indicating that your PIN has been successfully reset.\n2. Click the ""OK"" button to close the message.\n\n**Important Notes:**\n\n* If you are unable to reset your PIN using the self-service tool, please contact the IT Helpdesk for assistance.\n* It is recommended to keep your PIN confidential and not share it with anyone.\n* You can reset your PIN a maximum of 3 times in a 24-hour period. If you exceed this limit, you will need to contact the IT Helpdesk to reset your PIN.\n\nBy following these steps, you should be able to reset your forgotten PIN and regain access to company systems and applications. If you encounter any issues during the process, please do not hesitate to reach out to the IT Helpdesk for further assistance.\n\n[row::8__chunk::0] **Resetting a Jammed Printer**\n\n**Step 1: Turn Off the Printer**\n\nImmediately turn off the printer to prevent any further damage or paper jams. Locate the power button, usually found on the top or front of the printer, and press it to shut down the device.\n\n**Step 2: Open the Printer**\n\nLocate the printer\'s access panel, which varies depending on the printer model. Common locations include the top, front, or back of the printer. Open the panel by pressing the release latch or sliding it open. This will give you access to the internal mechanisms.\n\n**Step 3: Identify and Remove Jammed Paper**\n\nCarefully inspect the printer\'s internal mechanisms to locate the jammed paper. Gently pull out any visible paper scraps or torn pieces. Be cautious not to touch any internal components or rollers, as oils from your skin can cause damage.\n\n**Step 4: Check for Obstructions**\n\nInspect the printer\'s paper path, including the paper tray, rollers, and print head, for any obstructions or debris. Remove any dust, dirt, or other blockages that may be contributing to the jam.\n\n**Step 5: Realign the Paper Tray**\n\nIf the paper tray was dislodged during the jam, realign it according to the manufacturer\'s i'}",,,s-fb8f143a5931,,v1,"Query: {query}

Context:
{context}

Answer:"
invocation [adk_rag_minimal],CHAIN,,2025-08-15 06:42:58.732584+00:00,2025-08-15 06:43:00.359948+00:00,OK,,[],fe3c359b6ed2b857,bdf2960bfcd47746b46cdc5c387c9401,u,application/json,CHAIN,application/json,,,,,,,"{""user_id"": ""u"", ""session_id"": ""s-fb8f143a5931"", ""new_message"": {""parts"": [{""text"": ""Query: My company-issued tablet is freezing frequently and I'm unable to access some of my apps, what can I do to fix the issue?\n\nContext:\n[row::6__chunk::0] **Troubleshooting Issues with Company-Issued Tablets**\n\nThis article provides step-by-step guidance for troubleshooting common issues with company-issued tablets. Please follow the steps outlined below to resolve the issue before escalating to advanced support.\n\n**Step 1: Power Cycle the Tablet**\n\n* Press and hold the power button until the tablet shuts down.\n* Wait for 30 seconds to allow any residual power to drain.\n* Press the power button again to turn the tablet back on.\n* Observe if the issue persists.\n\n**Step 2: Check for Software Updates**\n\n* Ensure the tablet is connected to a stable internet connection.\n* Go to **Settings** > **System** > **System Update**.\n* Check for available software updates and install any pending updates.\n* Restart the tablet after installation.\n\n**Step 3: Restart in Safe Mode**\n\n* Press and hold the power button until the tablet shuts down.\n* Press the power button again to turn the tablet back on.\n* Immediately hold down the **Volume Down** button until the tablet boots into safe mode.\n* Observe if the issue persists in safe mode.\n\n**Step 4: Check for App-Related Issues**\n\n* Identify the app that is experiencing issues.\n* Go to **Settings** > **Ap\n\n[row::6__chunk::1] he issue persists in safe mode.\n\n**Step 4: Check for App-Related Issues**\n\n* Identify the app that is experiencing issues.\n* Go to **Settings** > **Apps** > **[App Name]**.\n* Clear the app's cache and data.\n* Restart the app to see if the issue is resolved.\n\n**Step 5: Perform a Factory Reset**\n\n* Go to **Settings** > **System** > **Advanced** > **Reset Options**.\n* Select **Erase all data (factory reset)**.\n* Follow the prompts to complete the reset process.\n* Note: This step will erase all data on the tablet, so ensure that all important data is backed up before proceeding.\n\n**Step 6: Check for Hardware Issues**\n\n* Inspect the tablet for any signs of physical damage or wear.\n* Check the charging port and ensure it is free from debris.\n* Try using a different charging cable or power source.\n\n**Step 7: Gather Diagnostic Information**\n\n* Go to **Settings** > **System** > **About Tablet**.\n* Take note of the tablet's operating system version, device ID, and any error messages.\n* Provide this information to advanced support if the issue cannot be resolved through these troubleshooting steps.\n\nIf none of the above steps resolve the issue, please escalate the issue to advanced support, p\n\n[row::1__chunk::1] complete the process.\n\n**Step 5: Confirm PIN Reset**\n\n1. You will receive a confirmation message indicating that your PIN has been successfully reset.\n2. Click the \""OK\"" button to close the message.\n\n**Important Notes:**\n\n* If you are unable to reset your PIN using the self-service tool, please contact the IT Helpdesk for assistance.\n* It is recommended to keep your PIN confidential and not share it with anyone.\n* You can reset your PIN a maximum of 3 times in a 24-hour period. If you exceed this limit, you will need to contact the IT Helpdesk to reset your PIN.\n\nBy following these steps, you should be able to reset your forgotten PIN and regain access to company systems and applications. If you encounter any issues during the process, please do not hesitate to reach out to the IT Helpdesk for further assistance.\n\n[row::8__chunk::0] **Resetting a Jammed Printer**\n\n**Step 1: Turn Off the Printer**\n\nImmediately turn off the printer to prevent any further damage or paper jams. Locate the power button, usually found on the top or front of the printer, and press it to shut down the device.\n\n**Step 2: Open the Printer**\n\nLocate the printer's access panel, which varies depending on the printer model. Common locations include the top, front, or back of the printer. Open the panel by pressing the release latch or sliding it open. This will give you access to the internal mechanisms.\n\n**Step 3: Identify and Remove Jammed Paper**\n\nCarefully inspect the printer's internal mechanisms to locate the jammed paper. Gently pull out any visible paper scraps or torn pieces. Be cautious not to touch any internal components or rollers, as oils from your skin can cause damage.\n\n**Step 4: Check for Obstructions**\n\nInspect the printer's paper path, including the paper tray, rollers, and print head, for any obstructions or debris. Remove any dust, dirt, or other blockages that may be contributing to the jam.\n\n**Step 5: Realign the Paper Tray**\n\nIf the paper tray was dislodged during the jam, realign it according to the manufacturer's i\n\nAnswer:""}], ""role"": ""user""}, ""run_config"": {""save_input_blobs_as_artifacts"": false, ""support_cfc"": false, ""streaming_mode"": ""StreamingMode.NONE"", ""max_llm_calls"": 500}}",,"{""content"":{""parts"":[{""text"":""You can try power cycling the tablet, checking for software updates, restarting in safe mode, checking for app-related issues, or performing a factory reset [row::6__chunk::0, row::6__chunk::1]. See the context for detailed instructions.""}],""role"":""model""},""usage_metadata"":{""candidates_token_count"":54,""candidates_tokens_details"":[{""modality"":""TEXT"",""token_count"":54}],""prompt_token_count"":1183,""prompt_tokens_details"":[{""modality"":""TEXT"",""token_count"":1183}],""total_token_count"":1237,""traffic_type"":""ON_DEMAND""},""invocation_id"":""e-b2518bfa-ee45-4108-9d6b-9c44743b28dc"",""author"":""adk_rag_minimal_agent"",""actions"":{""state_delta"":{},""artifact_delta"":{},""requested_auth_configs"":{}},""id"":""7OEU4QaY"",""timestamp"":1755240178.733548}","{'query': ""My company-issued tablet is freezing frequently and I'm unable to access some of my apps, what can I do to fix the issue?"", 'context': '[row::6__chunk::0] **Troubleshooting Issues with Company-Issued Tablets**\n\nThis article provides step-by-step guidance for troubleshooting common issues with company-issued tablets. Please follow the steps outlined below to resolve the issue before escalating to advanced support.\n\n**Step 1: Power Cycle the Tablet**\n\n* Press and hold the power button until the tablet shuts down.\n* Wait for 30 seconds to allow any residual power to drain.\n* Press the power button again to turn the tablet back on.\n* Observe if the issue persists.\n\n**Step 2: Check for Software Updates**\n\n* Ensure the tablet is connected to a stable internet connection.\n* Go to **Settings** > **System** > **System Update**.\n* Check for available software updates and install any pending updates.\n* Restart the tablet after installation.\n\n**Step 3: Restart in Safe Mode**\n\n* Press and hold the power button until the tablet shuts down.\n* Press the power button again to turn the tablet back on.\n* Immediately hold down the **Volume Down** button until the tablet boots into safe mode.\n* Observe if the issue persists in safe mode.\n\n**Step 4: Check for App-Related Issues**\n\n* Identify the app that is experiencing issues.\n* Go to **Settings** > **Ap\n\n[row::6__chunk::1] he issue persists in safe mode.\n\n**Step 4: Check for App-Related Issues**\n\n* Identify the app that is experiencing issues.\n* Go to **Settings** > **Apps** > **[App Name]**.\n* Clear the app\'s cache and data.\n* Restart the app to see if the issue is resolved.\n\n**Step 5: Perform a Factory Reset**\n\n* Go to **Settings** > **System** > **Advanced** > **Reset Options**.\n* Select **Erase all data (factory reset)**.\n* Follow the prompts to complete the reset process.\n* Note: This step will erase all data on the tablet, so ensure that all important data is backed up before proceeding.\n\n**Step 6: Check for Hardware Issues**\n\n* Inspect the tablet for any signs of physical damage or wear.\n* Check the charging port and ensure it is free from debris.\n* Try using a different charging cable or power source.\n\n**Step 7: Gather Diagnostic Information**\n\n* Go to **Settings** > **System** > **About Tablet**.\n* Take note of the tablet\'s operating system version, device ID, and any error messages.\n* Provide this information to advanced support if the issue cannot be resolved through these troubleshooting steps.\n\nIf none of the above steps resolve the issue, please escalate the issue to advanced support, p\n\n[row::1__chunk::1] complete the process.\n\n**Step 5: Confirm PIN Reset**\n\n1. You will receive a confirmation message indicating that your PIN has been successfully reset.\n2. Click the ""OK"" button to close the message.\n\n**Important Notes:**\n\n* If you are unable to reset your PIN using the self-service tool, please contact the IT Helpdesk for assistance.\n* It is recommended to keep your PIN confidential and not share it with anyone.\n* You can reset your PIN a maximum of 3 times in a 24-hour period. If you exceed this limit, you will need to contact the IT Helpdesk to reset your PIN.\n\nBy following these steps, you should be able to reset your forgotten PIN and regain access to company systems and applications. If you encounter any issues during the process, please do not hesitate to reach out to the IT Helpdesk for further assistance.\n\n[row::8__chunk::0] **Resetting a Jammed Printer**\n\n**Step 1: Turn Off the Printer**\n\nImmediately turn off the printer to prevent any further damage or paper jams. Locate the power button, usually found on the top or front of the printer, and press it to shut down the device.\n\n**Step 2: Open the Printer**\n\nLocate the printer\'s access panel, which varies depending on the printer model. Common locations include the top, front, or back of the printer. Open the panel by pressing the release latch or sliding it open. This will give you access to the internal mechanisms.\n\n**Step 3: Identify and Remove Jammed Paper**\n\nCarefully inspect the printer\'s internal mechanisms to locate the jammed paper. Gently pull out any visible paper scraps or torn pieces. Be cautious not to touch any internal components or rollers, as oils from your skin can cause damage.\n\n**Step 4: Check for Obstructions**\n\nInspect the printer\'s paper path, including the paper tray, rollers, and print head, for any obstructions or debris. Remove any dust, dirt, or other blockages that may be contributing to the jam.\n\n**Step 5: Realign the Paper Tray**\n\nIf the paper tray was dislodged during the jam, realign it according to the manufacturer\'s i'}",,,s-fb8f143a5931,,v1,"Query: {query}

Context:
{context}

Answer:"
call_llm,LLM,33ee690a9a4629ee,2025-08-15 06:50:25.088658+00:00,2025-08-15 06:50:27.796293+00:00,OK,,[],02616d8a2833f9f3,6458b96f6350bb4a17378f4cbad30249,u,application/json,LLM,application/json,"[{'message.role': 'system', 'message.content': 'You are a strict RAG agent. Use only the provided context. If the context does not contain the answer, reply that you don\'t know. Cite supporting chunk ids in square brackets, e.g., [row::12__chunk::0]. Be concise.\n\nYou are an agent. Your internal name is ""adk_rag_minimal_agent"".\n\n The description about you is ""Minimal RAG over CSV corpus""'}, {'message.role': 'user', 'message.contents': [{'message_content.type': 'text', 'message_content.text': 'Query: How do I set up my company email on my mobile device?\n\nContext:\n[row::0__chunk::0] **Setting Up a Mobile Device for Company Email**\n\n**Prerequisites:**\n\n* Mobile device with a supported operating system (iOS, Android, or Windows)\n* Company email account credentials\n* Mobile device management (MDM) profile installed (if required by company policy)\n\n**Step 1: Ensure Mobile Device Management (MDM) Profile is Installed (if required)**\n\nIf your company requires MDM for mobile devices, ensure that the profile is installed on your device. This profile will allow your device to connect to the company network and access company email. If you are unsure whether MDM is required, contact your IT department for assistance.\n\n**Step 2: Set Up Email Account on Mobile Device**\n\n1. Go to the Settings app on your mobile device.\n2. Select ""Mail"" or ""Email"" (depending on your device\'s operating system).\n3. Tap ""Add Account"" or ""Create a new account"".\n4. Select ""Exchange"" or ""Corporate"" as the account type.\n5. Enter your company email address and password.\n6. If prompted, enter the company\'s email server address (e.g., mail.company.com).\n7. Select the desired synchronization options (e.g., sync email, contacts, calendar).\n\n**Step 3: Configure Email Settings**\n\n1. In the email account \n\n[row::0__chunk::2] unt settings.\n\n**Additional Information:**\n\n* For security reasons, it is recommended to set up a password or PIN lock on your mobile device.\n* Company email policies may require additional security measures, such as encryption or two-factor authentication. Contact your IT department for more information.\n* If you need further assistance or have questions about company email policies, contact your IT department or refer to the company\'s email policy documentation.\n\n[row::0__chunk::1] \n7. Select the desired synchronization options (e.g., sync email, contacts, calendar).\n\n**Step 3: Configure Email Settings**\n\n1. In the email account settings, select the ""Advanced"" or ""Security"" option.\n2. Ensure that the ""Use SSL/TLS"" or ""Use secure connection"" option is enabled.\n3. Set the authentication method to ""Username and Password"" or ""Domain\\Username"".\n4. If prompted, enter your company\'s email domain (e.g., company.com).\n\n**Step 4: Verify Email Account**\n\n1. Wait for the email account to synchronize with the company email server.\n2. Send a test email to yourself or a colleague to verify that email is sending and receiving correctly.\n\n**Troubleshooting Tips:**\n\n* If you encounter issues setting up your email account, ensure that your device has a stable internet connection and that your email credentials are correct.\n* If you are unable to connect to the company email server, contact your IT department for assistance.\n* If you experience issues with email synchronization, try restarting your device or checking the email account settings.\n\n**Additional Information:**\n\n* For security reasons, it is recommended to set up a password or PIN lock on your mobile device.\n* Compan\n\n[row::9__chunk::0] **Configuring Email on an Android Device**\n\nThis article provides step-by-step instructions on how to configure email on an Android device. Please follow the steps below to set up your email account on your Android device.\n\n**Prerequisites:**\n\n* An Android device with a valid internet connection\n* A valid email account (company email or personal email)\n* Email account credentials (username and password)\n\n**Step 1: Go to the Email App**\n\n* Locate the Email app on your Android device. It may be on the home screen or in the app drawer.\n* Tap on the Email app to open it.\n\n**Step 2: Add a New Account**\n\n* Tap on the ""Add account"" or ""Add email account"" button.\n* Select ""Email"" or ""Corporate"" as the account type, depending on your email provider.\n* Enter your email address and password in the required fields.\n* Tap ""Next"" to proceed.\n\n**Step 3: Configure Server Settings**\n\n* The device will attempt to automatically configure the server settings. If it fails, you will need to enter the settings manually.\n* Tap on ""Manual setup"" or ""Advanced setup"" to enter the server settings manually.\n* Enter the following information:\n\t+ Incoming server: [company email server or personal email server]\n\t\n\nAnswer:'}]}]","{'vertex': {'agent': {'llm_response': '{""content"":{""parts"":[{""text"":""To set up your company email on your mobile device:\\n1. Ensure your device meets the prerequisites, including having a supported OS and your company email credentials [row::0__chunk::0]. If required, ensure the Mobile Device Management (MDM) profile is installed [row::0__chunk::0].\\n2. Go to your device\'s Settings, select \\""Mail\\"" or \\""Email,\\"" and tap \\""Add Account\\"" [row::0__chunk::0].\\n3. Select \\""Exchange\\"" or \\""Corporate\\"" as the account type, and enter your email address and password [row::0__chunk::0].\\n4. Enter the company\'s email server address if prompted [row::0__chunk::0].\\n5. Select your desired synchronization options [row::0__chunk::0].\\n6. Configure advanced settings such as SSL/TLS and authentication method [row::0__chunk::1].\\n7. Verify the email account by sending a test email [row::0__chunk::1].""}],""role"":""model""},""usage_metadata"":{""candidates_token_count"":213,""candidates_tokens_details"":[{""modality"":""TEXT"",""token_count"":213}],""prompt_token_count"":1066,""prompt_tokens_details"":[{""modality"":""TEXT"",""token_count"":1066}],""total_token_count"":1279,""traffic_type"":""ON_DEMAND""}}', 'llm_request': '{""model"": ""gemini-2.0-flash"", ""config"": {""system_instruction"": ""You are a strict RAG agent. Use only the provided context. If the context does not contain the answer, reply that you don\'t know. Cite supporting chunk ids in square brackets, e.g., [row::12__chunk::0]. Be concise.\\n\\nYou are an agent. Your internal name is \\""adk_rag_minimal_agent\\"".\\n\\n The description about you is \\""Minimal RAG over CSV corpus\\"""", ""temperature"": 0.0, ""labels"": {""adk_agent_name"": ""adk_rag_minimal_agent""}}, ""contents"": [{""parts"": [{""text"": ""Query: How do I set up my company email on my mobile device?\\n\\nContext:\\n[row::0__chunk::0] **Setting Up a Mobile Device for Company Email**\\n\\n**Prerequisites:**\\n\\n* Mobile device with a supported operating system (iOS, Android, or Windows)\\n* Company email account credentials\\n* Mobile device management (MDM) profile installed (if required by company policy)\\n\\n**Step 1: Ensure Mobile Device Management (MDM) Profile is Installed (if required)**\\n\\nIf your company requires MDM for mobile devices, ensure that the profile is installed on your device. This profile will allow your device to connect to the company network and access company email. If you are unsure whether MDM is required, contact your IT department for assistance.\\n\\n**Step 2: Set Up Email Account on Mobile Device**\\n\\n1. Go to the Settings app on your mobile device.\\n2. Select \\""Mail\\"" or \\""Email\\"" (depending on your device\'s operating system).\\n3. Tap \\""Add Account\\"" or \\""Create a new account\\"".\\n4. Select \\""Exchange\\"" or \\""Corporate\\"" as the account type.\\n5. Enter your company email address and password.\\n6. If prompted, enter the company\'s email server address (e.g., mail.company.com).\\n7. Select the desired synchronization options (e.g., sync email, contacts, calendar).\\n\\n**Step 3: Configure Email Settings**\\n\\n1. In the email account \\n\\n[row::0__chunk::2] unt settings.\\n\\n**Additional Information:**\\n\\n* For security reasons, it is recommended to set up a password or PIN lock on your mobile device.\\n* Company email policies may require additional security measures, such as encryption or two-factor authentication. Contact your IT department for more information.\\n* If you need further assistance or have questions about company email policies, contact your IT department or refer to the company\'s email policy documentation.\\n\\n[row::0__chunk::1] \\n7. Select the desired synchronization options (e.g., sync email, contacts, calendar).\\n\\n**Step 3: Configure Email Settings**\\n\\n1. In the email account settings, select the \\""Advanced\\"" or \\""Security\\"" option.\\n2. Ensure that the \\""Use SSL/TLS\\"" or \\""Use secure connection\\"" option is enabled.\\n3. Set the authentication method to \\""Username and Password\\"" or \\""Domain\\\\Username\\"".\\n4. If prompted, enter your company\'s email domain (e.g., company.com).\\n\\n**Step 4: Verify Email Account**\\n\\n1. Wait for the email account to synchronize with the company email server.\\n2. Send a test email to yourself or a colleague to verify that email is sending and receiving correctly.\\n\\n**Troubleshooting Tips:**\\n\\n* If you encounter issues setting up your email account, ensure that your device has a stable internet connection and that your email credentials are correct.\\n* If you are unable to connect to the company email server, contact your IT department for assistance.\\n* If you experience issues with email synchronization, try restarting your device or checking the email account settings.\\n\\n**Additional Information:**\\n\\n* For security reasons, it is recommended to set up a password or PIN lock on your mobile device.\\n* Compan\\n\\n[row::9__chunk::0] **Configuring Email on an Android Device**\\n\\nThis article provides step-by-step instructions on how to configure email on an Android device. Please follow the steps below to set up your email account on your Android device.\\n\\n**Prerequisites:**\\n\\n* An Android device with a valid internet connection\\n* A valid email account (company email or personal email)\\n* Email account credentials (username and password)\\n\\n**Step 1: Go to the Email App**\\n\\n* Locate the Email app on your Android device. It may be on the home screen or in the app drawer.\\n* Tap on the Email app to open it.\\n\\n**Step 2: Add a New Account**\\n\\n* Tap on the \\""Add account\\"" or \\""Add email account\\"" button.\\n* Select \\""Email\\"" or \\""Corporate\\"" as the account type, depending on your email provider.\\n* Enter your email address and password in the required fields.\\n* Tap \\""Next\\"" to proceed.\\n\\n**Step 3: Configure Server Settings**\\n\\n* The device will attempt to automatically configure the server settings. If it fails, you will need to enter the settings manually.\\n* Tap on \\""Manual setup\\"" or \\""Advanced setup\\"" to enter the server settings manually.\\n* Enter the following information:\\n\\t+ Incoming server: [company email server or personal email server]\\n\\t\\n\\nAnswer:""}], ""role"": ""user""}]}', 'session_id': 's-6c036617ccff', 'invocation_id': 'e-3c80a9c3-3f58-4a6a-a012-8bf59c51882c', 'event_id': 'UYrGQ50G'}}}","{""system_instruction"":""You are a strict RAG agent. Use only the provided context. If the context does not contain the answer, reply that you don't know. Cite supporting chunk ids in square brackets, e.g., [row::12__chunk::0]. Be concise.\n\nYou are an agent. Your internal name is \""adk_rag_minimal_agent\"".\n\n The description about you is \""Minimal RAG over CSV corpus\"""",""temperature"":0.0,""labels"":{""adk_agent_name"":""adk_rag_minimal_agent""}}",1279.0,213.0,"{'system': 'gcp.vertex.agent', 'request': {'model': 'gemini-2.0-flash'}}","{""model"": ""gemini-2.0-flash"", ""config"": {""system_instruction"": ""You are a strict RAG agent. Use only the provided context. If the context does not contain the answer, reply that you don't know. Cite supporting chunk ids in square brackets, e.g., [row::12__chunk::0]. Be concise.\n\nYou are an agent. Your internal name is \""adk_rag_minimal_agent\"".\n\n The description about you is \""Minimal RAG over CSV corpus\"""", ""temperature"": 0.0, ""labels"": {""adk_agent_name"": ""adk_rag_minimal_agent""}}, ""contents"": [{""parts"": [{""text"": ""Query: How do I set up my company email on my mobile device?\n\nContext:\n[row::0__chunk::0] **Setting Up a Mobile Device for Company Email**\n\n**Prerequisites:**\n\n* Mobile device with a supported operating system (iOS, Android, or Windows)\n* Company email account credentials\n* Mobile device management (MDM) profile installed (if required by company policy)\n\n**Step 1: Ensure Mobile Device Management (MDM) Profile is Installed (if required)**\n\nIf your company requires MDM for mobile devices, ensure that the profile is installed on your device. This profile will allow your device to connect to the company network and access company email. If you are unsure whether MDM is required, contact your IT department for assistance.\n\n**Step 2: Set Up Email Account on Mobile Device**\n\n1. Go to the Settings app on your mobile device.\n2. Select \""Mail\"" or \""Email\"" (depending on your device's operating system).\n3. Tap \""Add Account\"" or \""Create a new account\"".\n4. Select \""Exchange\"" or \""Corporate\"" as the account type.\n5. Enter your company email address and password.\n6. If prompted, enter the company's email server address (e.g., mail.company.com).\n7. Select the desired synchronization options (e.g., sync email, contacts, calendar).\n\n**Step 3: Configure Email Settings**\n\n1. In the email account \n\n[row::0__chunk::2] unt settings.\n\n**Additional Information:**\n\n* For security reasons, it is recommended to set up a password or PIN lock on your mobile device.\n* Company email policies may require additional security measures, such as encryption or two-factor authentication. Contact your IT department for more information.\n* If you need further assistance or have questions about company email policies, contact your IT department or refer to the company's email policy documentation.\n\n[row::0__chunk::1] \n7. Select the desired synchronization options (e.g., sync email, contacts, calendar).\n\n**Step 3: Configure Email Settings**\n\n1. In the email account settings, select the \""Advanced\"" or \""Security\"" option.\n2. Ensure that the \""Use SSL/TLS\"" or \""Use secure connection\"" option is enabled.\n3. Set the authentication method to \""Username and Password\"" or \""Domain\\Username\"".\n4. If prompted, enter your company's email domain (e.g., company.com).\n\n**Step 4: Verify Email Account**\n\n1. Wait for the email account to synchronize with the company email server.\n2. Send a test email to yourself or a colleague to verify that email is sending and receiving correctly.\n\n**Troubleshooting Tips:**\n\n* If you encounter issues setting up your email account, ensure that your device has a stable internet connection and that your email credentials are correct.\n* If you are unable to connect to the company email server, contact your IT department for assistance.\n* If you experience issues with email synchronization, try restarting your device or checking the email account settings.\n\n**Additional Information:**\n\n* For security reasons, it is recommended to set up a password or PIN lock on your mobile device.\n* Compan\n\n[row::9__chunk::0] **Configuring Email on an Android Device**\n\nThis article provides step-by-step instructions on how to configure email on an Android device. Please follow the steps below to set up your email account on your Android device.\n\n**Prerequisites:**\n\n* An Android device with a valid internet connection\n* A valid email account (company email or personal email)\n* Email account credentials (username and password)\n\n**Step 1: Go to the Email App**\n\n* Locate the Email app on your Android device. It may be on the home screen or in the app drawer.\n* Tap on the Email app to open it.\n\n**Step 2: Add a New Account**\n\n* Tap on the \""Add account\"" or \""Add email account\"" button.\n* Select \""Email\"" or \""Corporate\"" as the account type, depending on your email provider.\n* Enter your email address and password in the required fields.\n* Tap \""Next\"" to proceed.\n\n**Step 3: Configure Server Settings**\n\n* The device will attempt to automatically configure the server settings. If it fails, you will need to enter the settings manually.\n* Tap on \""Manual setup\"" or \""Advanced setup\"" to enter the server settings manually.\n* Enter the following information:\n\t+ Incoming server: [company email server or personal email server]\n\t\n\nAnswer:""}], ""role"": ""user""}]}",1066.0,"{""content"":{""parts"":[{""text"":""To set up your company email on your mobile device:\n1. Ensure your device meets the prerequisites, including having a supported OS and your company email credentials [row::0__chunk::0]. If required, ensure the Mobile Device Management (MDM) profile is installed [row::0__chunk::0].\n2. Go to your device's Settings, select \""Mail\"" or \""Email,\"" and tap \""Add Account\"" [row::0__chunk::0].\n3. Select \""Exchange\"" or \""Corporate\"" as the account type, and enter your email address and password [row::0__chunk::0].\n4. Enter the company's email server address if prompted [row::0__chunk::0].\n5. Select your desired synchronization options [row::0__chunk::0].\n6. Configure advanced settings such as SSL/TLS and authentication method [row::0__chunk::1].\n7. Verify the email account by sending a test email [row::0__chunk::1].""}],""role"":""model""},""usage_metadata"":{""candidates_token_count"":213,""candidates_tokens_details"":[{""modality"":""TEXT"",""token_count"":213}],""prompt_token_count"":1066,""prompt_tokens_details"":[{""modality"":""TEXT"",""token_count"":1066}],""total_token_count"":1279,""traffic_type"":""ON_DEMAND""}}","{'query': 'How do I set up my company email on my mobile device?', 'context': '[row::0__chunk::0] **Setting Up a Mobile Device for Company Email**\n\n**Prerequisites:**\n\n* Mobile device with a supported operating system (iOS, Android, or Windows)\n* Company email account credentials\n* Mobile device management (MDM) profile installed (if required by company policy)\n\n**Step 1: Ensure Mobile Device Management (MDM) Profile is Installed (if required)**\n\nIf your company requires MDM for mobile devices, ensure that the profile is installed on your device. This profile will allow your device to connect to the company network and access company email. If you are unsure whether MDM is required, contact your IT department for assistance.\n\n**Step 2: Set Up Email Account on Mobile Device**\n\n1. Go to the Settings app on your mobile device.\n2. Select ""Mail"" or ""Email"" (depending on your device\'s operating system).\n3. Tap ""Add Account"" or ""Create a new account"".\n4. Select ""Exchange"" or ""Corporate"" as the account type.\n5. Enter your company email address and password.\n6. If prompted, enter the company\'s email server address (e.g., mail.company.com).\n7. Select the desired synchronization options (e.g., sync email, contacts, calendar).\n\n**Step 3: Configure Email Settings**\n\n1. In the email account \n\n[row::0__chunk::2] unt settings.\n\n**Additional Information:**\n\n* For security reasons, it is recommended to set up a password or PIN lock on your mobile device.\n* Company email policies may require additional security measures, such as encryption or two-factor authentication. Contact your IT department for more information.\n* If you need further assistance or have questions about company email policies, contact your IT department or refer to the company\'s email policy documentation.\n\n[row::0__chunk::1] \n7. Select the desired synchronization options (e.g., sync email, contacts, calendar).\n\n**Step 3: Configure Email Settings**\n\n1. In the email account settings, select the ""Advanced"" or ""Security"" option.\n2. Ensure that the ""Use SSL/TLS"" or ""Use secure connection"" option is enabled.\n3. Set the authentication method to ""Username and Password"" or ""Domain\\Username"".\n4. If prompted, enter your company\'s email domain (e.g., company.com).\n\n**Step 4: Verify Email Account**\n\n1. Wait for the email account to synchronize with the company email server.\n2. Send a test email to yourself or a colleague to verify that email is sending and receiving correctly.\n\n**Troubleshooting Tips:**\n\n* If you encounter issues setting up your email account, ensure that your device has a stable internet connection and that your email credentials are correct.\n* If you are unable to connect to the company email server, contact your IT department for assistance.\n* If you experience issues with email synchronization, try restarting your device or checking the email account settings.\n\n**Additional Information:**\n\n* For security reasons, it is recommended to set up a password or PIN lock on your mobile device.\n* Compan\n\n[row::9__chunk::0] **Configuring Email on an Android Device**\n\nThis article provides step-by-step instructions on how to configure email on an Android device. Please follow the steps below to set up your email account on your Android device.\n\n**Prerequisites:**\n\n* An Android device with a valid internet connection\n* A valid email account (company email or personal email)\n* Email account credentials (username and password)\n\n**Step 1: Go to the Email App**\n\n* Locate the Email app on your Android device. It may be on the home screen or in the app drawer.\n* Tap on the Email app to open it.\n\n**Step 2: Add a New Account**\n\n* Tap on the ""Add account"" or ""Add email account"" button.\n* Select ""Email"" or ""Corporate"" as the account type, depending on your email provider.\n* Enter your email address and password in the required fields.\n* Tap ""Next"" to proceed.\n\n**Step 3: Configure Server Settings**\n\n* The device will attempt to automatically configure the server settings. If it fails, you will need to enter the settings manually.\n* Tap on ""Manual setup"" or ""Advanced setup"" to enter the server settings manually.\n* Enter the following information:\n\t+ Incoming server: [company email server or personal email server]\n\t', 'row_id_for_gt': 0, 'retrieval_chunk_ids': ['row::0__chunk::0', 'row::0__chunk::2', 'row::0__chunk::1', 'row::9__chunk::0'], 'retrieval_row_ids': [0, 0, 0, 9], 'retrieval_scores': [9.8409513347, 8.0218741166, 7.1464003217, 6.9649705296], 'top_k': 4}",google,gemini-2.0-flash,s-6c036617ccff,"[{'message.role': 'model', 'message.contents': [{'message_content.type': 'text', 'message_content.text': 'To set up your company email on your mobile device:\n1. Ensure your device meets the prerequisites, including having a supported OS and your company email credentials [row::0__chunk::0]. If required, ensure the Mobile Device Management (MDM) profile is installed [row::0__chunk::0].\n2. Go to your device\'s Settings, select ""Mail"" or ""Email,"" and tap ""Add Account"" [row::0__chunk::0].\n3. Select ""Exchange"" or ""Corporate"" as the account type, and enter your email address and password [row::0__chunk::0].\n4. Enter the company\'s email server address if prompted [row::0__chunk::0].\n5. Select your desired synchronization options [row::0__chunk::0].\n6. Configure advanced settings such as SSL/TLS and authentication method [row::0__chunk::1].\n7. Verify the email account by sending a test email [row::0__chunk::1].'}]}]",v1,"Query: {query}

Context:
{context}

Answer:"
agent_run [adk_rag_minimal_agent],AGENT,f79fa1d4cae618f5,2025-08-15 06:50:25.088018+00:00,2025-08-15 06:50:27.804928+00:00,OK,,[],33ee690a9a4629ee,6458b96f6350bb4a17378f4cbad30249,u,,AGENT,application/json,,,,,,,,,"{""content"":{""parts"":[{""text"":""To set up your company email on your mobile device:\n1. Ensure your device meets the prerequisites, including having a supported OS and your company email credentials [row::0__chunk::0]. If required, ensure the Mobile Device Management (MDM) profile is installed [row::0__chunk::0].\n2. Go to your device's Settings, select \""Mail\"" or \""Email,\"" and tap \""Add Account\"" [row::0__chunk::0].\n3. Select \""Exchange\"" or \""Corporate\"" as the account type, and enter your email address and password [row::0__chunk::0].\n4. Enter the company's email server address if prompted [row::0__chunk::0].\n5. Select your desired synchronization options [row::0__chunk::0].\n6. Configure advanced settings such as SSL/TLS and authentication method [row::0__chunk::1].\n7. Verify the email account by sending a test email [row::0__chunk::1].""}],""role"":""model""},""usage_metadata"":{""candidates_token_count"":213,""candidates_tokens_details"":[{""modality"":""TEXT"",""token_count"":213}],""prompt_token_count"":1066,""prompt_tokens_details"":[{""modality"":""TEXT"",""token_count"":1066}],""total_token_count"":1279,""traffic_type"":""ON_DEMAND""},""invocation_id"":""e-3c80a9c3-3f58-4a6a-a012-8bf59c51882c"",""author"":""adk_rag_minimal_agent"",""actions"":{""state_delta"":{},""artifact_delta"":{},""requested_auth_configs"":{}},""id"":""UYrGQ50G"",""timestamp"":1755240625.08855}","{'query': 'How do I set up my company email on my mobile device?', 'context': '[row::0__chunk::0] **Setting Up a Mobile Device for Company Email**\n\n**Prerequisites:**\n\n* Mobile device with a supported operating system (iOS, Android, or Windows)\n* Company email account credentials\n* Mobile device management (MDM) profile installed (if required by company policy)\n\n**Step 1: Ensure Mobile Device Management (MDM) Profile is Installed (if required)**\n\nIf your company requires MDM for mobile devices, ensure that the profile is installed on your device. This profile will allow your device to connect to the company network and access company email. If you are unsure whether MDM is required, contact your IT department for assistance.\n\n**Step 2: Set Up Email Account on Mobile Device**\n\n1. Go to the Settings app on your mobile device.\n2. Select ""Mail"" or ""Email"" (depending on your device\'s operating system).\n3. Tap ""Add Account"" or ""Create a new account"".\n4. Select ""Exchange"" or ""Corporate"" as the account type.\n5. Enter your company email address and password.\n6. If prompted, enter the company\'s email server address (e.g., mail.company.com).\n7. Select the desired synchronization options (e.g., sync email, contacts, calendar).\n\n**Step 3: Configure Email Settings**\n\n1. In the email account \n\n[row::0__chunk::2] unt settings.\n\n**Additional Information:**\n\n* For security reasons, it is recommended to set up a password or PIN lock on your mobile device.\n* Company email policies may require additional security measures, such as encryption or two-factor authentication. Contact your IT department for more information.\n* If you need further assistance or have questions about company email policies, contact your IT department or refer to the company\'s email policy documentation.\n\n[row::0__chunk::1] \n7. Select the desired synchronization options (e.g., sync email, contacts, calendar).\n\n**Step 3: Configure Email Settings**\n\n1. In the email account settings, select the ""Advanced"" or ""Security"" option.\n2. Ensure that the ""Use SSL/TLS"" or ""Use secure connection"" option is enabled.\n3. Set the authentication method to ""Username and Password"" or ""Domain\\Username"".\n4. If prompted, enter your company\'s email domain (e.g., company.com).\n\n**Step 4: Verify Email Account**\n\n1. Wait for the email account to synchronize with the company email server.\n2. Send a test email to yourself or a colleague to verify that email is sending and receiving correctly.\n\n**Troubleshooting Tips:**\n\n* If you encounter issues setting up your email account, ensure that your device has a stable internet connection and that your email credentials are correct.\n* If you are unable to connect to the company email server, contact your IT department for assistance.\n* If you experience issues with email synchronization, try restarting your device or checking the email account settings.\n\n**Additional Information:**\n\n* For security reasons, it is recommended to set up a password or PIN lock on your mobile device.\n* Compan\n\n[row::9__chunk::0] **Configuring Email on an Android Device**\n\nThis article provides step-by-step instructions on how to configure email on an Android device. Please follow the steps below to set up your email account on your Android device.\n\n**Prerequisites:**\n\n* An Android device with a valid internet connection\n* A valid email account (company email or personal email)\n* Email account credentials (username and password)\n\n**Step 1: Go to the Email App**\n\n* Locate the Email app on your Android device. It may be on the home screen or in the app drawer.\n* Tap on the Email app to open it.\n\n**Step 2: Add a New Account**\n\n* Tap on the ""Add account"" or ""Add email account"" button.\n* Select ""Email"" or ""Corporate"" as the account type, depending on your email provider.\n* Enter your email address and password in the required fields.\n* Tap ""Next"" to proceed.\n\n**Step 3: Configure Server Settings**\n\n* The device will attempt to automatically configure the server settings. If it fails, you will need to enter the settings manually.\n* Tap on ""Manual setup"" or ""Advanced setup"" to enter the server settings manually.\n* Enter the following information:\n\t+ Incoming server: [company email server or personal email server]\n\t', 'row_id_for_gt': 0, 'retrieval_chunk_ids': ['row::0__chunk::0', 'row::0__chunk::2', 'row::0__chunk::1', 'row::9__chunk::0'], 'retrieval_row_ids': [0, 0, 0, 9], 'retrieval_scores': [9.8409513347, 8.0218741166, 7.1464003217, 6.9649705296], 'top_k': 4}",,,s-6c036617ccff,,v1,"Query: {query}

Context:
{context}

Answer:"
invocation [adk_rag_minimal],CHAIN,,2025-08-15 06:50:25.087570+00:00,2025-08-15 06:50:27.806353+00:00,OK,,[],f79fa1d4cae618f5,6458b96f6350bb4a17378f4cbad30249,u,application/json,CHAIN,application/json,,,,,,,"{""user_id"": ""u"", ""session_id"": ""s-6c036617ccff"", ""new_message"": {""parts"": [{""text"": ""Query: How do I set up my company email on my mobile device?\n\nContext:\n[row::0__chunk::0] **Setting Up a Mobile Device for Company Email**\n\n**Prerequisites:**\n\n* Mobile device with a supported operating system (iOS, Android, or Windows)\n* Company email account credentials\n* Mobile device management (MDM) profile installed (if required by company policy)\n\n**Step 1: Ensure Mobile Device Management (MDM) Profile is Installed (if required)**\n\nIf your company requires MDM for mobile devices, ensure that the profile is installed on your device. This profile will allow your device to connect to the company network and access company email. If you are unsure whether MDM is required, contact your IT department for assistance.\n\n**Step 2: Set Up Email Account on Mobile Device**\n\n1. Go to the Settings app on your mobile device.\n2. Select \""Mail\"" or \""Email\"" (depending on your device's operating system).\n3. Tap \""Add Account\"" or \""Create a new account\"".\n4. Select \""Exchange\"" or \""Corporate\"" as the account type.\n5. Enter your company email address and password.\n6. If prompted, enter the company's email server address (e.g., mail.company.com).\n7. Select the desired synchronization options (e.g., sync email, contacts, calendar).\n\n**Step 3: Configure Email Settings**\n\n1. In the email account \n\n[row::0__chunk::2] unt settings.\n\n**Additional Information:**\n\n* For security reasons, it is recommended to set up a password or PIN lock on your mobile device.\n* Company email policies may require additional security measures, such as encryption or two-factor authentication. Contact your IT department for more information.\n* If you need further assistance or have questions about company email policies, contact your IT department or refer to the company's email policy documentation.\n\n[row::0__chunk::1] \n7. Select the desired synchronization options (e.g., sync email, contacts, calendar).\n\n**Step 3: Configure Email Settings**\n\n1. In the email account settings, select the \""Advanced\"" or \""Security\"" option.\n2. Ensure that the \""Use SSL/TLS\"" or \""Use secure connection\"" option is enabled.\n3. Set the authentication method to \""Username and Password\"" or \""Domain\\Username\"".\n4. If prompted, enter your company's email domain (e.g., company.com).\n\n**Step 4: Verify Email Account**\n\n1. Wait for the email account to synchronize with the company email server.\n2. Send a test email to yourself or a colleague to verify that email is sending and receiving correctly.\n\n**Troubleshooting Tips:**\n\n* If you encounter issues setting up your email account, ensure that your device has a stable internet connection and that your email credentials are correct.\n* If you are unable to connect to the company email server, contact your IT department for assistance.\n* If you experience issues with email synchronization, try restarting your device or checking the email account settings.\n\n**Additional Information:**\n\n* For security reasons, it is recommended to set up a password or PIN lock on your mobile device.\n* Compan\n\n[row::9__chunk::0] **Configuring Email on an Android Device**\n\nThis article provides step-by-step instructions on how to configure email on an Android device. Please follow the steps below to set up your email account on your Android device.\n\n**Prerequisites:**\n\n* An Android device with a valid internet connection\n* A valid email account (company email or personal email)\n* Email account credentials (username and password)\n\n**Step 1: Go to the Email App**\n\n* Locate the Email app on your Android device. It may be on the home screen or in the app drawer.\n* Tap on the Email app to open it.\n\n**Step 2: Add a New Account**\n\n* Tap on the \""Add account\"" or \""Add email account\"" button.\n* Select \""Email\"" or \""Corporate\"" as the account type, depending on your email provider.\n* Enter your email address and password in the required fields.\n* Tap \""Next\"" to proceed.\n\n**Step 3: Configure Server Settings**\n\n* The device will attempt to automatically configure the server settings. If it fails, you will need to enter the settings manually.\n* Tap on \""Manual setup\"" or \""Advanced setup\"" to enter the server settings manually.\n* Enter the following information:\n\t+ Incoming server: [company email server or personal email server]\n\t\n\nAnswer:""}], ""role"": ""user""}, ""run_config"": {""save_input_blobs_as_artifacts"": false, ""support_cfc"": false, ""streaming_mode"": ""StreamingMode.NONE"", ""max_llm_calls"": 500}}",,"{""content"":{""parts"":[{""text"":""To set up your company email on your mobile device:\n1. Ensure your device meets the prerequisites, including having a supported OS and your company email credentials [row::0__chunk::0]. If required, ensure the Mobile Device Management (MDM) profile is installed [row::0__chunk::0].\n2. Go to your device's Settings, select \""Mail\"" or \""Email,\"" and tap \""Add Account\"" [row::0__chunk::0].\n3. Select \""Exchange\"" or \""Corporate\"" as the account type, and enter your email address and password [row::0__chunk::0].\n4. Enter the company's email server address if prompted [row::0__chunk::0].\n5. Select your desired synchronization options [row::0__chunk::0].\n6. Configure advanced settings such as SSL/TLS and authentication method [row::0__chunk::1].\n7. Verify the email account by sending a test email [row::0__chunk::1].""}],""role"":""model""},""usage_metadata"":{""candidates_token_count"":213,""candidates_tokens_details"":[{""modality"":""TEXT"",""token_count"":213}],""prompt_token_count"":1066,""prompt_tokens_details"":[{""modality"":""TEXT"",""token_count"":1066}],""total_token_count"":1279,""traffic_type"":""ON_DEMAND""},""invocation_id"":""e-3c80a9c3-3f58-4a6a-a012-8bf59c51882c"",""author"":""adk_rag_minimal_agent"",""actions"":{""state_delta"":{},""artifact_delta"":{},""requested_auth_configs"":{}},""id"":""UYrGQ50G"",""timestamp"":1755240625.08855}","{'query': 'How do I set up my company email on my mobile device?', 'context': '[row::0__chunk::0] **Setting Up a Mobile Device for Company Email**\n\n**Prerequisites:**\n\n* Mobile device with a supported operating system (iOS, Android, or Windows)\n* Company email account credentials\n* Mobile device management (MDM) profile installed (if required by company policy)\n\n**Step 1: Ensure Mobile Device Management (MDM) Profile is Installed (if required)**\n\nIf your company requires MDM for mobile devices, ensure that the profile is installed on your device. This profile will allow your device to connect to the company network and access company email. If you are unsure whether MDM is required, contact your IT department for assistance.\n\n**Step 2: Set Up Email Account on Mobile Device**\n\n1. Go to the Settings app on your mobile device.\n2. Select ""Mail"" or ""Email"" (depending on your device\'s operating system).\n3. Tap ""Add Account"" or ""Create a new account"".\n4. Select ""Exchange"" or ""Corporate"" as the account type.\n5. Enter your company email address and password.\n6. If prompted, enter the company\'s email server address (e.g., mail.company.com).\n7. Select the desired synchronization options (e.g., sync email, contacts, calendar).\n\n**Step 3: Configure Email Settings**\n\n1. In the email account \n\n[row::0__chunk::2] unt settings.\n\n**Additional Information:**\n\n* For security reasons, it is recommended to set up a password or PIN lock on your mobile device.\n* Company email policies may require additional security measures, such as encryption or two-factor authentication. Contact your IT department for more information.\n* If you need further assistance or have questions about company email policies, contact your IT department or refer to the company\'s email policy documentation.\n\n[row::0__chunk::1] \n7. Select the desired synchronization options (e.g., sync email, contacts, calendar).\n\n**Step 3: Configure Email Settings**\n\n1. In the email account settings, select the ""Advanced"" or ""Security"" option.\n2. Ensure that the ""Use SSL/TLS"" or ""Use secure connection"" option is enabled.\n3. Set the authentication method to ""Username and Password"" or ""Domain\\Username"".\n4. If prompted, enter your company\'s email domain (e.g., company.com).\n\n**Step 4: Verify Email Account**\n\n1. Wait for the email account to synchronize with the company email server.\n2. Send a test email to yourself or a colleague to verify that email is sending and receiving correctly.\n\n**Troubleshooting Tips:**\n\n* If you encounter issues setting up your email account, ensure that your device has a stable internet connection and that your email credentials are correct.\n* If you are unable to connect to the company email server, contact your IT department for assistance.\n* If you experience issues with email synchronization, try restarting your device or checking the email account settings.\n\n**Additional Information:**\n\n* For security reasons, it is recommended to set up a password or PIN lock on your mobile device.\n* Compan\n\n[row::9__chunk::0] **Configuring Email on an Android Device**\n\nThis article provides step-by-step instructions on how to configure email on an Android device. Please follow the steps below to set up your email account on your Android device.\n\n**Prerequisites:**\n\n* An Android device with a valid internet connection\n* A valid email account (company email or personal email)\n* Email account credentials (username and password)\n\n**Step 1: Go to the Email App**\n\n* Locate the Email app on your Android device. It may be on the home screen or in the app drawer.\n* Tap on the Email app to open it.\n\n**Step 2: Add a New Account**\n\n* Tap on the ""Add account"" or ""Add email account"" button.\n* Select ""Email"" or ""Corporate"" as the account type, depending on your email provider.\n* Enter your email address and password in the required fields.\n* Tap ""Next"" to proceed.\n\n**Step 3: Configure Server Settings**\n\n* The device will attempt to automatically configure the server settings. If it fails, you will need to enter the settings manually.\n* Tap on ""Manual setup"" or ""Advanced setup"" to enter the server settings manually.\n* Enter the following information:\n\t+ Incoming server: [company email server or personal email server]\n\t', 'row_id_for_gt': 0, 'retrieval_chunk_ids': ['row::0__chunk::0', 'row::0__chunk::2', 'row::0__chunk::1', 'row::9__chunk::0'], 'retrieval_row_ids': [0, 0, 0, 9], 'retrieval_scores': [9.8409513347, 8.0218741166, 7.1464003217, 6.9649705296], 'top_k': 4}",,,s-6c036617ccff,,v1,"Query: {query}

Context:
{context}

Answer:"
call_llm,LLM,ea4974b8039a9a9e,2025-08-15 06:50:27.810665+00:00,2025-08-15 06:50:30.377842+00:00,OK,,[],086d6850f36177d6,c782ab0a71cddb5d56164cb79f02db7b,u,application/json,LLM,application/json,"[{'message.role': 'system', 'message.content': 'You are a strict RAG agent. Use only the provided context. If the context does not contain the answer, reply that you don\'t know. Cite supporting chunk ids in square brackets, e.g., [row::12__chunk::0]. Be concise.\n\nYou are an agent. Your internal name is ""adk_rag_minimal_agent"".\n\n The description about you is ""Minimal RAG over CSV corpus""'}, {'message.role': 'user', 'message.contents': [{'message_content.type': 'text', 'message_content.text': 'Query: I forgot my PIN, how can I reset it?\n\nContext:\n[row::1__chunk::1] complete the process.\n\n**Step 5: Confirm PIN Reset**\n\n1. You will receive a confirmation message indicating that your PIN has been successfully reset.\n2. Click the ""OK"" button to close the message.\n\n**Important Notes:**\n\n* If you are unable to reset your PIN using the self-service tool, please contact the IT Helpdesk for assistance.\n* It is recommended to keep your PIN confidential and not share it with anyone.\n* You can reset your PIN a maximum of 3 times in a 24-hour period. If you exceed this limit, you will need to contact the IT Helpdesk to reset your PIN.\n\nBy following these steps, you should be able to reset your forgotten PIN and regain access to company systems and applications. If you encounter any issues during the process, please do not hesitate to reach out to the IT Helpdesk for further assistance.\n\n[row::1__chunk::0] **Resetting a Forgotten PIN**\n\nIf you have forgotten your PIN, you can reset it using the following steps:\n\n**Step 1: Access the PIN Reset Tool**\n\n1. Go to the company\'s intranet homepage and click on the ""IT Support"" link at the top right corner of the page.\n2. Click on the ""Self-Service"" tab and then select ""PIN Reset"" from the drop-down menu.\n3. You will be redirected to the PIN Reset Tool login page.\n\n**Step 2: Authenticate with Your Credentials**\n\n1. Enter your company username and password in the required fields.\n2. Click the ""Login"" button to authenticate.\n\n**Step 3: Verify Your Identity**\n\n1. You will be prompted to answer your security question. Enter your answer in the required field.\n2. Click the ""Next"" button to proceed.\n\n**Step 4: Reset Your PIN**\n\n1. Enter a new PIN in the required field. The PIN must be at least 8 characters long and contain a mix of uppercase and lowercase letters, numbers, and special characters.\n2. Re-enter your new PIN in the confirmation field to ensure accuracy.\n3. Click the ""Reset PIN"" button to complete the process.\n\n**Step 5: Confirm PIN Reset**\n\n1. You will receive a confirmation message indicating that your PIN has been successfully reset.\n\n[row::8__chunk::2] the paper tray, as this can cause paper jams and other issues.\n* If you are unsure about how to reset a jammed printer or if the issue persists after following these steps, contact the IT helpdesk for assistance.\n\n[row::8__chunk::0] **Resetting a Jammed Printer**\n\n**Step 1: Turn Off the Printer**\n\nImmediately turn off the printer to prevent any further damage or paper jams. Locate the power button, usually found on the top or front of the printer, and press it to shut down the device.\n\n**Step 2: Open the Printer**\n\nLocate the printer\'s access panel, which varies depending on the printer model. Common locations include the top, front, or back of the printer. Open the panel by pressing the release latch or sliding it open. This will give you access to the internal mechanisms.\n\n**Step 3: Identify and Remove Jammed Paper**\n\nCarefully inspect the printer\'s internal mechanisms to locate the jammed paper. Gently pull out any visible paper scraps or torn pieces. Be cautious not to touch any internal components or rollers, as oils from your skin can cause damage.\n\n**Step 4: Check for Obstructions**\n\nInspect the printer\'s paper path, including the paper tray, rollers, and print head, for any obstructions or debris. Remove any dust, dirt, or other blockages that may be contributing to the jam.\n\n**Step 5: Realign the Paper Tray**\n\nIf the paper tray was dislodged during the jam, realign it according to the manufacturer\'s i\n\nAnswer:'}]}]","{'vertex': {'agent': {'llm_response': '{""content"":{""parts"":[{""text"":""To reset your forgotten PIN:\\n1. Go to the company\'s intranet homepage and click on the \\""IT Support\\"" link. [row::1__chunk::0]\\n2. Click on the \\""Self-Service\\"" tab and then select \\""PIN Reset\\"" from the drop-down menu. [row::1__chunk::0]\\n3. Enter your company username and password. [row::1__chunk::0]\\n4. Answer your security question. [row::1__chunk::0]\\n5. Enter a new PIN (at least 8 characters long with a mix of uppercase and lowercase letters, numbers, and special characters). [row::1__chunk::0]\\n6. Re-enter your new PIN to confirm. [row::1__chunk::0]\\n7. Click the \\""Reset PIN\\"" button [row::1__chunk::0]\\nYou will receive a confirmation message once your PIN has been successfully reset [row::1__chunk::1]. If you are unable to reset your PIN using the self-service tool, contact the IT Helpdesk for assistance [row::1__chunk::1].\\n""}],""role"":""model""},""usage_metadata"":{""candidates_token_count"":241,""candidates_tokens_details"":[{""modality"":""TEXT"",""token_count"":241}],""prompt_token_count"":946,""prompt_tokens_details"":[{""modality"":""TEXT"",""token_count"":946}],""total_token_count"":1187,""traffic_type"":""ON_DEMAND""}}', 'llm_request': '{""model"": ""gemini-2.0-flash"", ""config"": {""system_instruction"": ""You are a strict RAG agent. Use only the provided context. If the context does not contain the answer, reply that you don\'t know. Cite supporting chunk ids in square brackets, e.g., [row::12__chunk::0]. Be concise.\\n\\nYou are an agent. Your internal name is \\""adk_rag_minimal_agent\\"".\\n\\n The description about you is \\""Minimal RAG over CSV corpus\\"""", ""temperature"": 0.0, ""labels"": {""adk_agent_name"": ""adk_rag_minimal_agent""}}, ""contents"": [{""parts"": [{""text"": ""Query: I forgot my PIN, how can I reset it?\\n\\nContext:\\n[row::1__chunk::1] complete the process.\\n\\n**Step 5: Confirm PIN Reset**\\n\\n1. You will receive a confirmation message indicating that your PIN has been successfully reset.\\n2. Click the \\""OK\\"" button to close the message.\\n\\n**Important Notes:**\\n\\n* If you are unable to reset your PIN using the self-service tool, please contact the IT Helpdesk for assistance.\\n* It is recommended to keep your PIN confidential and not share it with anyone.\\n* You can reset your PIN a maximum of 3 times in a 24-hour period. If you exceed this limit, you will need to contact the IT Helpdesk to reset your PIN.\\n\\nBy following these steps, you should be able to reset your forgotten PIN and regain access to company systems and applications. If you encounter any issues during the process, please do not hesitate to reach out to the IT Helpdesk for further assistance.\\n\\n[row::1__chunk::0] **Resetting a Forgotten PIN**\\n\\nIf you have forgotten your PIN, you can reset it using the following steps:\\n\\n**Step 1: Access the PIN Reset Tool**\\n\\n1. Go to the company\'s intranet homepage and click on the \\""IT Support\\"" link at the top right corner of the page.\\n2. Click on the \\""Self-Service\\"" tab and then select \\""PIN Reset\\"" from the drop-down menu.\\n3. You will be redirected to the PIN Reset Tool login page.\\n\\n**Step 2: Authenticate with Your Credentials**\\n\\n1. Enter your company username and password in the required fields.\\n2. Click the \\""Login\\"" button to authenticate.\\n\\n**Step 3: Verify Your Identity**\\n\\n1. You will be prompted to answer your security question. Enter your answer in the required field.\\n2. Click the \\""Next\\"" button to proceed.\\n\\n**Step 4: Reset Your PIN**\\n\\n1. Enter a new PIN in the required field. The PIN must be at least 8 characters long and contain a mix of uppercase and lowercase letters, numbers, and special characters.\\n2. Re-enter your new PIN in the confirmation field to ensure accuracy.\\n3. Click the \\""Reset PIN\\"" button to complete the process.\\n\\n**Step 5: Confirm PIN Reset**\\n\\n1. You will receive a confirmation message indicating that your PIN has been successfully reset.\\n\\n[row::8__chunk::2] the paper tray, as this can cause paper jams and other issues.\\n* If you are unsure about how to reset a jammed printer or if the issue persists after following these steps, contact the IT helpdesk for assistance.\\n\\n[row::8__chunk::0] **Resetting a Jammed Printer**\\n\\n**Step 1: Turn Off the Printer**\\n\\nImmediately turn off the printer to prevent any further damage or paper jams. Locate the power button, usually found on the top or front of the printer, and press it to shut down the device.\\n\\n**Step 2: Open the Printer**\\n\\nLocate the printer\'s access panel, which varies depending on the printer model. Common locations include the top, front, or back of the printer. Open the panel by pressing the release latch or sliding it open. This will give you access to the internal mechanisms.\\n\\n**Step 3: Identify and Remove Jammed Paper**\\n\\nCarefully inspect the printer\'s internal mechanisms to locate the jammed paper. Gently pull out any visible paper scraps or torn pieces. Be cautious not to touch any internal components or rollers, as oils from your skin can cause damage.\\n\\n**Step 4: Check for Obstructions**\\n\\nInspect the printer\'s paper path, including the paper tray, rollers, and print head, for any obstructions or debris. Remove any dust, dirt, or other blockages that may be contributing to the jam.\\n\\n**Step 5: Realign the Paper Tray**\\n\\nIf the paper tray was dislodged during the jam, realign it according to the manufacturer\'s i\\n\\nAnswer:""}], ""role"": ""user""}]}', 'session_id': 's-13d6047decc9', 'invocation_id': 'e-b06d651d-6bcd-432c-8fc6-00834fcfd612', 'event_id': 'J1EADOiP'}}}","{""system_instruction"":""You are a strict RAG agent. Use only the provided context. If the context does not contain the answer, reply that you don't know. Cite supporting chunk ids in square brackets, e.g., [row::12__chunk::0]. Be concise.\n\nYou are an agent. Your internal name is \""adk_rag_minimal_agent\"".\n\n The description about you is \""Minimal RAG over CSV corpus\"""",""temperature"":0.0,""labels"":{""adk_agent_name"":""adk_rag_minimal_agent""}}",1187.0,241.0,"{'system': 'gcp.vertex.agent', 'request': {'model': 'gemini-2.0-flash'}}","{""model"": ""gemini-2.0-flash"", ""config"": {""system_instruction"": ""You are a strict RAG agent. Use only the provided context. If the context does not contain the answer, reply that you don't know. Cite supporting chunk ids in square brackets, e.g., [row::12__chunk::0]. Be concise.\n\nYou are an agent. Your internal name is \""adk_rag_minimal_agent\"".\n\n The description about you is \""Minimal RAG over CSV corpus\"""", ""temperature"": 0.0, ""labels"": {""adk_agent_name"": ""adk_rag_minimal_agent""}}, ""contents"": [{""parts"": [{""text"": ""Query: I forgot my PIN, how can I reset it?\n\nContext:\n[row::1__chunk::1] complete the process.\n\n**Step 5: Confirm PIN Reset**\n\n1. You will receive a confirmation message indicating that your PIN has been successfully reset.\n2. Click the \""OK\"" button to close the message.\n\n**Important Notes:**\n\n* If you are unable to reset your PIN using the self-service tool, please contact the IT Helpdesk for assistance.\n* It is recommended to keep your PIN confidential and not share it with anyone.\n* You can reset your PIN a maximum of 3 times in a 24-hour period. If you exceed this limit, you will need to contact the IT Helpdesk to reset your PIN.\n\nBy following these steps, you should be able to reset your forgotten PIN and regain access to company systems and applications. If you encounter any issues during the process, please do not hesitate to reach out to the IT Helpdesk for further assistance.\n\n[row::1__chunk::0] **Resetting a Forgotten PIN**\n\nIf you have forgotten your PIN, you can reset it using the following steps:\n\n**Step 1: Access the PIN Reset Tool**\n\n1. Go to the company's intranet homepage and click on the \""IT Support\"" link at the top right corner of the page.\n2. Click on the \""Self-Service\"" tab and then select \""PIN Reset\"" from the drop-down menu.\n3. You will be redirected to the PIN Reset Tool login page.\n\n**Step 2: Authenticate with Your Credentials**\n\n1. Enter your company username and password in the required fields.\n2. Click the \""Login\"" button to authenticate.\n\n**Step 3: Verify Your Identity**\n\n1. You will be prompted to answer your security question. Enter your answer in the required field.\n2. Click the \""Next\"" button to proceed.\n\n**Step 4: Reset Your PIN**\n\n1. Enter a new PIN in the required field. The PIN must be at least 8 characters long and contain a mix of uppercase and lowercase letters, numbers, and special characters.\n2. Re-enter your new PIN in the confirmation field to ensure accuracy.\n3. Click the \""Reset PIN\"" button to complete the process.\n\n**Step 5: Confirm PIN Reset**\n\n1. You will receive a confirmation message indicating that your PIN has been successfully reset.\n\n[row::8__chunk::2] the paper tray, as this can cause paper jams and other issues.\n* If you are unsure about how to reset a jammed printer or if the issue persists after following these steps, contact the IT helpdesk for assistance.\n\n[row::8__chunk::0] **Resetting a Jammed Printer**\n\n**Step 1: Turn Off the Printer**\n\nImmediately turn off the printer to prevent any further damage or paper jams. Locate the power button, usually found on the top or front of the printer, and press it to shut down the device.\n\n**Step 2: Open the Printer**\n\nLocate the printer's access panel, which varies depending on the printer model. Common locations include the top, front, or back of the printer. Open the panel by pressing the release latch or sliding it open. This will give you access to the internal mechanisms.\n\n**Step 3: Identify and Remove Jammed Paper**\n\nCarefully inspect the printer's internal mechanisms to locate the jammed paper. Gently pull out any visible paper scraps or torn pieces. Be cautious not to touch any internal components or rollers, as oils from your skin can cause damage.\n\n**Step 4: Check for Obstructions**\n\nInspect the printer's paper path, including the paper tray, rollers, and print head, for any obstructions or debris. Remove any dust, dirt, or other blockages that may be contributing to the jam.\n\n**Step 5: Realign the Paper Tray**\n\nIf the paper tray was dislodged during the jam, realign it according to the manufacturer's i\n\nAnswer:""}], ""role"": ""user""}]}",946.0,"{""content"":{""parts"":[{""text"":""To reset your forgotten PIN:\n1. Go to the company's intranet homepage and click on the \""IT Support\"" link. [row::1__chunk::0]\n2. Click on the \""Self-Service\"" tab and then select \""PIN Reset\"" from the drop-down menu. [row::1__chunk::0]\n3. Enter your company username and password. [row::1__chunk::0]\n4. Answer your security question. [row::1__chunk::0]\n5. Enter a new PIN (at least 8 characters long with a mix of uppercase and lowercase letters, numbers, and special characters). [row::1__chunk::0]\n6. Re-enter your new PIN to confirm. [row::1__chunk::0]\n7. Click the \""Reset PIN\"" button [row::1__chunk::0]\nYou will receive a confirmation message once your PIN has been successfully reset [row::1__chunk::1]. If you are unable to reset your PIN using the self-service tool, contact the IT Helpdesk for assistance [row::1__chunk::1].\n""}],""role"":""model""},""usage_metadata"":{""candidates_token_count"":241,""candidates_tokens_details"":[{""modality"":""TEXT"",""token_count"":241}],""prompt_token_count"":946,""prompt_tokens_details"":[{""modality"":""TEXT"",""token_count"":946}],""total_token_count"":1187,""traffic_type"":""ON_DEMAND""}}","{'query': 'I forgot my PIN, how can I reset it?', 'context': '[row::1__chunk::1] complete the process.\n\n**Step 5: Confirm PIN Reset**\n\n1. You will receive a confirmation message indicating that your PIN has been successfully reset.\n2. Click the ""OK"" button to close the message.\n\n**Important Notes:**\n\n* If you are unable to reset your PIN using the self-service tool, please contact the IT Helpdesk for assistance.\n* It is recommended to keep your PIN confidential and not share it with anyone.\n* You can reset your PIN a maximum of 3 times in a 24-hour period. If you exceed this limit, you will need to contact the IT Helpdesk to reset your PIN.\n\nBy following these steps, you should be able to reset your forgotten PIN and regain access to company systems and applications. If you encounter any issues during the process, please do not hesitate to reach out to the IT Helpdesk for further assistance.\n\n[row::1__chunk::0] **Resetting a Forgotten PIN**\n\nIf you have forgotten your PIN, you can reset it using the following steps:\n\n**Step 1: Access the PIN Reset Tool**\n\n1. Go to the company\'s intranet homepage and click on the ""IT Support"" link at the top right corner of the page.\n2. Click on the ""Self-Service"" tab and then select ""PIN Reset"" from the drop-down menu.\n3. You will be redirected to the PIN Reset Tool login page.\n\n**Step 2: Authenticate with Your Credentials**\n\n1. Enter your company username and password in the required fields.\n2. Click the ""Login"" button to authenticate.\n\n**Step 3: Verify Your Identity**\n\n1. You will be prompted to answer your security question. Enter your answer in the required field.\n2. Click the ""Next"" button to proceed.\n\n**Step 4: Reset Your PIN**\n\n1. Enter a new PIN in the required field. The PIN must be at least 8 characters long and contain a mix of uppercase and lowercase letters, numbers, and special characters.\n2. Re-enter your new PIN in the confirmation field to ensure accuracy.\n3. Click the ""Reset PIN"" button to complete the process.\n\n**Step 5: Confirm PIN Reset**\n\n1. You will receive a confirmation message indicating that your PIN has been successfully reset.\n\n[row::8__chunk::2] the paper tray, as this can cause paper jams and other issues.\n* If you are unsure about how to reset a jammed printer or if the issue persists after following these steps, contact the IT helpdesk for assistance.\n\n[row::8__chunk::0] **Resetting a Jammed Printer**\n\n**Step 1: Turn Off the Printer**\n\nImmediately turn off the printer to prevent any further damage or paper jams. Locate the power button, usually found on the top or front of the printer, and press it to shut down the device.\n\n**Step 2: Open the Printer**\n\nLocate the printer\'s access panel, which varies depending on the printer model. Common locations include the top, front, or back of the printer. Open the panel by pressing the release latch or sliding it open. This will give you access to the internal mechanisms.\n\n**Step 3: Identify and Remove Jammed Paper**\n\nCarefully inspect the printer\'s internal mechanisms to locate the jammed paper. Gently pull out any visible paper scraps or torn pieces. Be cautious not to touch any internal components or rollers, as oils from your skin can cause damage.\n\n**Step 4: Check for Obstructions**\n\nInspect the printer\'s paper path, including the paper tray, rollers, and print head, for any obstructions or debris. Remove any dust, dirt, or other blockages that may be contributing to the jam.\n\n**Step 5: Realign the Paper Tray**\n\nIf the paper tray was dislodged during the jam, realign it according to the manufacturer\'s i', 'row_id_for_gt': 1, 'retrieval_chunk_ids': ['row::1__chunk::1', 'row::1__chunk::0', 'row::8__chunk::2', 'row::8__chunk::0'], 'retrieval_row_ids': [1, 1, 8, 8], 'retrieval_scores': [8.3335327637, 7.9856155009, 6.6193885877, 6.522960162], 'top_k': 4}",google,gemini-2.0-flash,s-13d6047decc9,"[{'message.role': 'model', 'message.contents': [{'message_content.type': 'text', 'message_content.text': 'To reset your forgotten PIN:\n1. Go to the company\'s intranet homepage and click on the ""IT Support"" link. [row::1__chunk::0]\n2. Click on the ""Self-Service"" tab and then select ""PIN Reset"" from the drop-down menu. [row::1__chunk::0]\n3. Enter your company username and password. [row::1__chunk::0]\n4. Answer your security question. [row::1__chunk::0]\n5. Enter a new PIN (at least 8 characters long with a mix of uppercase and lowercase letters, numbers, and special characters). [row::1__chunk::0]\n6. Re-enter your new PIN to confirm. [row::1__chunk::0]\n7. Click the ""Reset PIN"" button [row::1__chunk::0]\nYou will receive a confirmation message once your PIN has been successfully reset [row::1__chunk::1]. If you are unable to reset your PIN using the self-service tool, contact the IT Helpdesk for assistance [row::1__chunk::1].\n'}]}]",v1,"Query: {query}

Context:
{context}

Answer:"
agent_run [adk_rag_minimal_agent],AGENT,43ed66385a8d67bb,2025-08-15 06:50:27.810147+00:00,2025-08-15 06:50:30.383829+00:00,OK,,[],ea4974b8039a9a9e,c782ab0a71cddb5d56164cb79f02db7b,u,,AGENT,application/json,,,,,,,,,"{""content"":{""parts"":[{""text"":""To reset your forgotten PIN:\n1. Go to the company's intranet homepage and click on the \""IT Support\"" link. [row::1__chunk::0]\n2. Click on the \""Self-Service\"" tab and then select \""PIN Reset\"" from the drop-down menu. [row::1__chunk::0]\n3. Enter your company username and password. [row::1__chunk::0]\n4. Answer your security question. [row::1__chunk::0]\n5. Enter a new PIN (at least 8 characters long with a mix of uppercase and lowercase letters, numbers, and special characters). [row::1__chunk::0]\n6. Re-enter your new PIN to confirm. [row::1__chunk::0]\n7. Click the \""Reset PIN\"" button [row::1__chunk::0]\nYou will receive a confirmation message once your PIN has been successfully reset [row::1__chunk::1]. If you are unable to reset your PIN using the self-service tool, contact the IT Helpdesk for assistance [row::1__chunk::1].\n""}],""role"":""model""},""usage_metadata"":{""candidates_token_count"":241,""candidates_tokens_details"":[{""modality"":""TEXT"",""token_count"":241}],""prompt_token_count"":946,""prompt_tokens_details"":[{""modality"":""TEXT"",""token_count"":946}],""total_token_count"":1187,""traffic_type"":""ON_DEMAND""},""invocation_id"":""e-b06d651d-6bcd-432c-8fc6-00834fcfd612"",""author"":""adk_rag_minimal_agent"",""actions"":{""state_delta"":{},""artifact_delta"":{},""requested_auth_configs"":{}},""id"":""J1EADOiP"",""timestamp"":1755240627.810553}","{'query': 'I forgot my PIN, how can I reset it?', 'context': '[row::1__chunk::1] complete the process.\n\n**Step 5: Confirm PIN Reset**\n\n1. You will receive a confirmation message indicating that your PIN has been successfully reset.\n2. Click the ""OK"" button to close the message.\n\n**Important Notes:**\n\n* If you are unable to reset your PIN using the self-service tool, please contact the IT Helpdesk for assistance.\n* It is recommended to keep your PIN confidential and not share it with anyone.\n* You can reset your PIN a maximum of 3 times in a 24-hour period. If you exceed this limit, you will need to contact the IT Helpdesk to reset your PIN.\n\nBy following these steps, you should be able to reset your forgotten PIN and regain access to company systems and applications. If you encounter any issues during the process, please do not hesitate to reach out to the IT Helpdesk for further assistance.\n\n[row::1__chunk::0] **Resetting a Forgotten PIN**\n\nIf you have forgotten your PIN, you can reset it using the following steps:\n\n**Step 1: Access the PIN Reset Tool**\n\n1. Go to the company\'s intranet homepage and click on the ""IT Support"" link at the top right corner of the page.\n2. Click on the ""Self-Service"" tab and then select ""PIN Reset"" from the drop-down menu.\n3. You will be redirected to the PIN Reset Tool login page.\n\n**Step 2: Authenticate with Your Credentials**\n\n1. Enter your company username and password in the required fields.\n2. Click the ""Login"" button to authenticate.\n\n**Step 3: Verify Your Identity**\n\n1. You will be prompted to answer your security question. Enter your answer in the required field.\n2. Click the ""Next"" button to proceed.\n\n**Step 4: Reset Your PIN**\n\n1. Enter a new PIN in the required field. The PIN must be at least 8 characters long and contain a mix of uppercase and lowercase letters, numbers, and special characters.\n2. Re-enter your new PIN in the confirmation field to ensure accuracy.\n3. Click the ""Reset PIN"" button to complete the process.\n\n**Step 5: Confirm PIN Reset**\n\n1. You will receive a confirmation message indicating that your PIN has been successfully reset.\n\n[row::8__chunk::2] the paper tray, as this can cause paper jams and other issues.\n* If you are unsure about how to reset a jammed printer or if the issue persists after following these steps, contact the IT helpdesk for assistance.\n\n[row::8__chunk::0] **Resetting a Jammed Printer**\n\n**Step 1: Turn Off the Printer**\n\nImmediately turn off the printer to prevent any further damage or paper jams. Locate the power button, usually found on the top or front of the printer, and press it to shut down the device.\n\n**Step 2: Open the Printer**\n\nLocate the printer\'s access panel, which varies depending on the printer model. Common locations include the top, front, or back of the printer. Open the panel by pressing the release latch or sliding it open. This will give you access to the internal mechanisms.\n\n**Step 3: Identify and Remove Jammed Paper**\n\nCarefully inspect the printer\'s internal mechanisms to locate the jammed paper. Gently pull out any visible paper scraps or torn pieces. Be cautious not to touch any internal components or rollers, as oils from your skin can cause damage.\n\n**Step 4: Check for Obstructions**\n\nInspect the printer\'s paper path, including the paper tray, rollers, and print head, for any obstructions or debris. Remove any dust, dirt, or other blockages that may be contributing to the jam.\n\n**Step 5: Realign the Paper Tray**\n\nIf the paper tray was dislodged during the jam, realign it according to the manufacturer\'s i', 'row_id_for_gt': 1, 'retrieval_chunk_ids': ['row::1__chunk::1', 'row::1__chunk::0', 'row::8__chunk::2', 'row::8__chunk::0'], 'retrieval_row_ids': [1, 1, 8, 8], 'retrieval_scores': [8.3335327637, 7.9856155009, 6.6193885877, 6.522960162], 'top_k': 4}",,,s-13d6047decc9,,v1,"Query: {query}

Context:
{context}

Answer:"
invocation [adk_rag_minimal],CHAIN,,2025-08-15 06:50:27.809705+00:00,2025-08-15 06:50:30.385306+00:00,OK,,[],43ed66385a8d67bb,c782ab0a71cddb5d56164cb79f02db7b,u,application/json,CHAIN,application/json,,,,,,,"{""user_id"": ""u"", ""session_id"": ""s-13d6047decc9"", ""new_message"": {""parts"": [{""text"": ""Query: I forgot my PIN, how can I reset it?\n\nContext:\n[row::1__chunk::1] complete the process.\n\n**Step 5: Confirm PIN Reset**\n\n1. You will receive a confirmation message indicating that your PIN has been successfully reset.\n2. Click the \""OK\"" button to close the message.\n\n**Important Notes:**\n\n* If you are unable to reset your PIN using the self-service tool, please contact the IT Helpdesk for assistance.\n* It is recommended to keep your PIN confidential and not share it with anyone.\n* You can reset your PIN a maximum of 3 times in a 24-hour period. If you exceed this limit, you will need to contact the IT Helpdesk to reset your PIN.\n\nBy following these steps, you should be able to reset your forgotten PIN and regain access to company systems and applications. If you encounter any issues during the process, please do not hesitate to reach out to the IT Helpdesk for further assistance.\n\n[row::1__chunk::0] **Resetting a Forgotten PIN**\n\nIf you have forgotten your PIN, you can reset it using the following steps:\n\n**Step 1: Access the PIN Reset Tool**\n\n1. Go to the company's intranet homepage and click on the \""IT Support\"" link at the top right corner of the page.\n2. Click on the \""Self-Service\"" tab and then select \""PIN Reset\"" from the drop-down menu.\n3. You will be redirected to the PIN Reset Tool login page.\n\n**Step 2: Authenticate with Your Credentials**\n\n1. Enter your company username and password in the required fields.\n2. Click the \""Login\"" button to authenticate.\n\n**Step 3: Verify Your Identity**\n\n1. You will be prompted to answer your security question. Enter your answer in the required field.\n2. Click the \""Next\"" button to proceed.\n\n**Step 4: Reset Your PIN**\n\n1. Enter a new PIN in the required field. The PIN must be at least 8 characters long and contain a mix of uppercase and lowercase letters, numbers, and special characters.\n2. Re-enter your new PIN in the confirmation field to ensure accuracy.\n3. Click the \""Reset PIN\"" button to complete the process.\n\n**Step 5: Confirm PIN Reset**\n\n1. You will receive a confirmation message indicating that your PIN has been successfully reset.\n\n[row::8__chunk::2] the paper tray, as this can cause paper jams and other issues.\n* If you are unsure about how to reset a jammed printer or if the issue persists after following these steps, contact the IT helpdesk for assistance.\n\n[row::8__chunk::0] **Resetting a Jammed Printer**\n\n**Step 1: Turn Off the Printer**\n\nImmediately turn off the printer to prevent any further damage or paper jams. Locate the power button, usually found on the top or front of the printer, and press it to shut down the device.\n\n**Step 2: Open the Printer**\n\nLocate the printer's access panel, which varies depending on the printer model. Common locations include the top, front, or back of the printer. Open the panel by pressing the release latch or sliding it open. This will give you access to the internal mechanisms.\n\n**Step 3: Identify and Remove Jammed Paper**\n\nCarefully inspect the printer's internal mechanisms to locate the jammed paper. Gently pull out any visible paper scraps or torn pieces. Be cautious not to touch any internal components or rollers, as oils from your skin can cause damage.\n\n**Step 4: Check for Obstructions**\n\nInspect the printer's paper path, including the paper tray, rollers, and print head, for any obstructions or debris. Remove any dust, dirt, or other blockages that may be contributing to the jam.\n\n**Step 5: Realign the Paper Tray**\n\nIf the paper tray was dislodged during the jam, realign it according to the manufacturer's i\n\nAnswer:""}], ""role"": ""user""}, ""run_config"": {""save_input_blobs_as_artifacts"": false, ""support_cfc"": false, ""streaming_mode"": ""StreamingMode.NONE"", ""max_llm_calls"": 500}}",,"{""content"":{""parts"":[{""text"":""To reset your forgotten PIN:\n1. Go to the company's intranet homepage and click on the \""IT Support\"" link. [row::1__chunk::0]\n2. Click on the \""Self-Service\"" tab and then select \""PIN Reset\"" from the drop-down menu. [row::1__chunk::0]\n3. Enter your company username and password. [row::1__chunk::0]\n4. Answer your security question. [row::1__chunk::0]\n5. Enter a new PIN (at least 8 characters long with a mix of uppercase and lowercase letters, numbers, and special characters). [row::1__chunk::0]\n6. Re-enter your new PIN to confirm. [row::1__chunk::0]\n7. Click the \""Reset PIN\"" button [row::1__chunk::0]\nYou will receive a confirmation message once your PIN has been successfully reset [row::1__chunk::1]. If you are unable to reset your PIN using the self-service tool, contact the IT Helpdesk for assistance [row::1__chunk::1].\n""}],""role"":""model""},""usage_metadata"":{""candidates_token_count"":241,""candidates_tokens_details"":[{""modality"":""TEXT"",""token_count"":241}],""prompt_token_count"":946,""prompt_tokens_details"":[{""modality"":""TEXT"",""token_count"":946}],""total_token_count"":1187,""traffic_type"":""ON_DEMAND""},""invocation_id"":""e-b06d651d-6bcd-432c-8fc6-00834fcfd612"",""author"":""adk_rag_minimal_agent"",""actions"":{""state_delta"":{},""artifact_delta"":{},""requested_auth_configs"":{}},""id"":""J1EADOiP"",""timestamp"":1755240627.810553}","{'query': 'I forgot my PIN, how can I reset it?', 'context': '[row::1__chunk::1] complete the process.\n\n**Step 5: Confirm PIN Reset**\n\n1. You will receive a confirmation message indicating that your PIN has been successfully reset.\n2. Click the ""OK"" button to close the message.\n\n**Important Notes:**\n\n* If you are unable to reset your PIN using the self-service tool, please contact the IT Helpdesk for assistance.\n* It is recommended to keep your PIN confidential and not share it with anyone.\n* You can reset your PIN a maximum of 3 times in a 24-hour period. If you exceed this limit, you will need to contact the IT Helpdesk to reset your PIN.\n\nBy following these steps, you should be able to reset your forgotten PIN and regain access to company systems and applications. If you encounter any issues during the process, please do not hesitate to reach out to the IT Helpdesk for further assistance.\n\n[row::1__chunk::0] **Resetting a Forgotten PIN**\n\nIf you have forgotten your PIN, you can reset it using the following steps:\n\n**Step 1: Access the PIN Reset Tool**\n\n1. Go to the company\'s intranet homepage and click on the ""IT Support"" link at the top right corner of the page.\n2. Click on the ""Self-Service"" tab and then select ""PIN Reset"" from the drop-down menu.\n3. You will be redirected to the PIN Reset Tool login page.\n\n**Step 2: Authenticate with Your Credentials**\n\n1. Enter your company username and password in the required fields.\n2. Click the ""Login"" button to authenticate.\n\n**Step 3: Verify Your Identity**\n\n1. You will be prompted to answer your security question. Enter your answer in the required field.\n2. Click the ""Next"" button to proceed.\n\n**Step 4: Reset Your PIN**\n\n1. Enter a new PIN in the required field. The PIN must be at least 8 characters long and contain a mix of uppercase and lowercase letters, numbers, and special characters.\n2. Re-enter your new PIN in the confirmation field to ensure accuracy.\n3. Click the ""Reset PIN"" button to complete the process.\n\n**Step 5: Confirm PIN Reset**\n\n1. You will receive a confirmation message indicating that your PIN has been successfully reset.\n\n[row::8__chunk::2] the paper tray, as this can cause paper jams and other issues.\n* If you are unsure about how to reset a jammed printer or if the issue persists after following these steps, contact the IT helpdesk for assistance.\n\n[row::8__chunk::0] **Resetting a Jammed Printer**\n\n**Step 1: Turn Off the Printer**\n\nImmediately turn off the printer to prevent any further damage or paper jams. Locate the power button, usually found on the top or front of the printer, and press it to shut down the device.\n\n**Step 2: Open the Printer**\n\nLocate the printer\'s access panel, which varies depending on the printer model. Common locations include the top, front, or back of the printer. Open the panel by pressing the release latch or sliding it open. This will give you access to the internal mechanisms.\n\n**Step 3: Identify and Remove Jammed Paper**\n\nCarefully inspect the printer\'s internal mechanisms to locate the jammed paper. Gently pull out any visible paper scraps or torn pieces. Be cautious not to touch any internal components or rollers, as oils from your skin can cause damage.\n\n**Step 4: Check for Obstructions**\n\nInspect the printer\'s paper path, including the paper tray, rollers, and print head, for any obstructions or debris. Remove any dust, dirt, or other blockages that may be contributing to the jam.\n\n**Step 5: Realign the Paper Tray**\n\nIf the paper tray was dislodged during the jam, realign it according to the manufacturer\'s i', 'row_id_for_gt': 1, 'retrieval_chunk_ids': ['row::1__chunk::1', 'row::1__chunk::0', 'row::8__chunk::2', 'row::8__chunk::0'], 'retrieval_row_ids': [1, 1, 8, 8], 'retrieval_scores': [8.3335327637, 7.9856155009, 6.6193885877, 6.522960162], 'top_k': 4}",,,s-13d6047decc9,,v1,"Query: {query}

Context:
{context}

Answer:"
call_llm,LLM,0a69147ae72056da,2025-08-15 06:50:30.390259+00:00,2025-08-15 06:50:33.182866+00:00,OK,,[],d6a2aea92eaf0332,36931e638996c2149d36c03795ddaf5e,u,application/json,LLM,application/json,"[{'message.role': 'system', 'message.content': 'You are a strict RAG agent. Use only the provided context. If the context does not contain the answer, reply that you don\'t know. Cite supporting chunk ids in square brackets, e.g., [row::12__chunk::0]. Be concise.\n\nYou are an agent. Your internal name is ""adk_rag_minimal_agent"".\n\n The description about you is ""Minimal RAG over CSV corpus""'}, {'message.role': 'user', 'message.contents': [{'message_content.type': 'text', 'message_content.text': 'Query: How do I set up VPN access on my laptop so I can work from home and access company resources?\n\nContext:\n[row::2__chunk::0] **Configuring VPN Access for Remote Workers**\n\n**Overview**\n\nThis article provides step-by-step instructions for configuring VPN access for remote workers. This allows employees working from home or other remote locations to securely connect to the company network and access company resources.\n\n**Prerequisites**\n\n* The remote worker\'s device (laptop or desktop) must meet the company\'s minimum system requirements for VPN connectivity.\n* The remote worker must have a valid company login credentials.\n* The remote worker must have a stable internet connection.\n\n**Step 1: Install the VPN Client**\n\n1. Go to the company\'s software portal and download the VPN client software.\n2. Run the installer and follow the prompts to install the software.\n3. Once installed, launch the VPN client software.\n\n**Step 2: Configure the VPN Connection**\n\n1. In the VPN client software, click on ""New Connection"" and select ""Company VPN"" as the connection type.\n2. Enter the company\'s VPN server address: `vpn.company.com`.\n3. Enter your company login credentials (username and password).\n4. Select the ""Save"" button to save the connection settings.\n\n**Step 3: Establish the VPN Connection**\n\n1. Click on the ""Connec\n\n[row::2__chunk::2] nue to experience issues, contact the IT helpdesk for further assistance.\n\n**Security Reminders**\n\n* Always keep your VPN client software up-to-date.\n* Never share your login credentials with anyone.\n* Avoid using public Wi-Fi or unsecured networks to access company resources via VPN.\n\nBy following these steps, remote workers can securely connect to the company network and access company resources from anywhere. If you have any questions or issues, please contact the IT helpdesk for further assistance.\n\n[row::2__chunk::1] sername and password).\n4. Select the ""Save"" button to save the connection settings.\n\n**Step 3: Establish the VPN Connection**\n\n1. Click on the ""Connect"" button to establish the VPN connection.\n2. You may be prompted to authenticate with two-factor authentication (2FA). Follow the prompts to complete 2FA.\n3. Once connected, you will see a confirmation message indicating that you are connected to the company VPN.\n\n**Step 4: Verify VPN Connection**\n\n1. Open a web browser and navigate to `company.com`.\n2. You should be able to access company resources, such as email, intranet, and file shares.\n3. Verify that your device\'s IP address has changed to a company-assigned IP address.\n\n**Troubleshooting Tips**\n\n* If you encounter issues connecting to the VPN, ensure that your device meets the minimum system requirements and that your internet connection is stable.\n* If you are unable to access company resources, verify that you are connected to the VPN and that your device\'s IP address has changed to a company-assigned IP address.\n* If you continue to experience issues, contact the IT helpdesk for further assistance.\n\n**Security Reminders**\n\n* Always keep your VPN client software up-to-date.\n\n\n[row::8__chunk::0] **Resetting a Jammed Printer**\n\n**Step 1: Turn Off the Printer**\n\nImmediately turn off the printer to prevent any further damage or paper jams. Locate the power button, usually found on the top or front of the printer, and press it to shut down the device.\n\n**Step 2: Open the Printer**\n\nLocate the printer\'s access panel, which varies depending on the printer model. Common locations include the top, front, or back of the printer. Open the panel by pressing the release latch or sliding it open. This will give you access to the internal mechanisms.\n\n**Step 3: Identify and Remove Jammed Paper**\n\nCarefully inspect the printer\'s internal mechanisms to locate the jammed paper. Gently pull out any visible paper scraps or torn pieces. Be cautious not to touch any internal components or rollers, as oils from your skin can cause damage.\n\n**Step 4: Check for Obstructions**\n\nInspect the printer\'s paper path, including the paper tray, rollers, and print head, for any obstructions or debris. Remove any dust, dirt, or other blockages that may be contributing to the jam.\n\n**Step 5: Realign the Paper Tray**\n\nIf the paper tray was dislodged during the jam, realign it according to the manufacturer\'s i\n\nAnswer:'}]}]","{'vertex': {'agent': {'llm_response': '{""content"":{""parts"":[{""text"":""To set up VPN access, first install the VPN client from your company\'s software portal [row::2__chunk::0]. Then, configure a new connection in the VPN client, selecting \\""Company VPN\\"" as the connection type and entering the company\'s VPN server address (`vpn.company.com`) and your login credentials [row::2__chunk::0]. Save the connection settings and click \\""Connect\\"" to establish the VPN connection [row::2__chunk::1]. You may need to complete two-factor authentication [row::2__chunk::1]. Verify the connection by opening a web browser and navigating to `company.com` to access company resources [row::2__chunk::1]. Ensure your device\'s IP address has changed to a company-assigned IP address [row::2__chunk::1]. If you have issues, ensure your device meets the minimum system requirements and your internet connection is stable [row::2__chunk::1]. Contact the IT helpdesk if you continue to experience issues [row::2__chunk::2]. Always keep your VPN client software up-to-date and never share your login credentials [row::2__chunk::2].\\n""}],""role"":""model""},""usage_metadata"":{""candidates_token_count"":246,""candidates_tokens_details"":[{""modality"":""TEXT"",""token_count"":246}],""prompt_token_count"":1070,""prompt_tokens_details"":[{""modality"":""TEXT"",""token_count"":1070}],""total_token_count"":1316,""traffic_type"":""ON_DEMAND""}}', 'llm_request': '{""model"": ""gemini-2.0-flash"", ""config"": {""system_instruction"": ""You are a strict RAG agent. Use only the provided context. If the context does not contain the answer, reply that you don\'t know. Cite supporting chunk ids in square brackets, e.g., [row::12__chunk::0]. Be concise.\\n\\nYou are an agent. Your internal name is \\""adk_rag_minimal_agent\\"".\\n\\n The description about you is \\""Minimal RAG over CSV corpus\\"""", ""temperature"": 0.0, ""labels"": {""adk_agent_name"": ""adk_rag_minimal_agent""}}, ""contents"": [{""parts"": [{""text"": ""Query: How do I set up VPN access on my laptop so I can work from home and access company resources?\\n\\nContext:\\n[row::2__chunk::0] **Configuring VPN Access for Remote Workers**\\n\\n**Overview**\\n\\nThis article provides step-by-step instructions for configuring VPN access for remote workers. This allows employees working from home or other remote locations to securely connect to the company network and access company resources.\\n\\n**Prerequisites**\\n\\n* The remote worker\'s device (laptop or desktop) must meet the company\'s minimum system requirements for VPN connectivity.\\n* The remote worker must have a valid company login credentials.\\n* The remote worker must have a stable internet connection.\\n\\n**Step 1: Install the VPN Client**\\n\\n1. Go to the company\'s software portal and download the VPN client software.\\n2. Run the installer and follow the prompts to install the software.\\n3. Once installed, launch the VPN client software.\\n\\n**Step 2: Configure the VPN Connection**\\n\\n1. In the VPN client software, click on \\""New Connection\\"" and select \\""Company VPN\\"" as the connection type.\\n2. Enter the company\'s VPN server address: `vpn.company.com`.\\n3. Enter your company login credentials (username and password).\\n4. Select the \\""Save\\"" button to save the connection settings.\\n\\n**Step 3: Establish the VPN Connection**\\n\\n1. Click on the \\""Connec\\n\\n[row::2__chunk::2] nue to experience issues, contact the IT helpdesk for further assistance.\\n\\n**Security Reminders**\\n\\n* Always keep your VPN client software up-to-date.\\n* Never share your login credentials with anyone.\\n* Avoid using public Wi-Fi or unsecured networks to access company resources via VPN.\\n\\nBy following these steps, remote workers can securely connect to the company network and access company resources from anywhere. If you have any questions or issues, please contact the IT helpdesk for further assistance.\\n\\n[row::2__chunk::1] sername and password).\\n4. Select the \\""Save\\"" button to save the connection settings.\\n\\n**Step 3: Establish the VPN Connection**\\n\\n1. Click on the \\""Connect\\"" button to establish the VPN connection.\\n2. You may be prompted to authenticate with two-factor authentication (2FA). Follow the prompts to complete 2FA.\\n3. Once connected, you will see a confirmation message indicating that you are connected to the company VPN.\\n\\n**Step 4: Verify VPN Connection**\\n\\n1. Open a web browser and navigate to `company.com`.\\n2. You should be able to access company resources, such as email, intranet, and file shares.\\n3. Verify that your device\'s IP address has changed to a company-assigned IP address.\\n\\n**Troubleshooting Tips**\\n\\n* If you encounter issues connecting to the VPN, ensure that your device meets the minimum system requirements and that your internet connection is stable.\\n* If you are unable to access company resources, verify that you are connected to the VPN and that your device\'s IP address has changed to a company-assigned IP address.\\n* If you continue to experience issues, contact the IT helpdesk for further assistance.\\n\\n**Security Reminders**\\n\\n* Always keep your VPN client software up-to-date.\\n\\n\\n[row::8__chunk::0] **Resetting a Jammed Printer**\\n\\n**Step 1: Turn Off the Printer**\\n\\nImmediately turn off the printer to prevent any further damage or paper jams. Locate the power button, usually found on the top or front of the printer, and press it to shut down the device.\\n\\n**Step 2: Open the Printer**\\n\\nLocate the printer\'s access panel, which varies depending on the printer model. Common locations include the top, front, or back of the printer. Open the panel by pressing the release latch or sliding it open. This will give you access to the internal mechanisms.\\n\\n**Step 3: Identify and Remove Jammed Paper**\\n\\nCarefully inspect the printer\'s internal mechanisms to locate the jammed paper. Gently pull out any visible paper scraps or torn pieces. Be cautious not to touch any internal components or rollers, as oils from your skin can cause damage.\\n\\n**Step 4: Check for Obstructions**\\n\\nInspect the printer\'s paper path, including the paper tray, rollers, and print head, for any obstructions or debris. Remove any dust, dirt, or other blockages that may be contributing to the jam.\\n\\n**Step 5: Realign the Paper Tray**\\n\\nIf the paper tray was dislodged during the jam, realign it according to the manufacturer\'s i\\n\\nAnswer:""}], ""role"": ""user""}]}', 'session_id': 's-cce8e3cc9a3e', 'invocation_id': 'e-4fde1cb9-ca00-4891-8f6e-230331602408', 'event_id': 'KMHfMVQH'}}}","{""system_instruction"":""You are a strict RAG agent. Use only the provided context. If the context does not contain the answer, reply that you don't know. Cite supporting chunk ids in square brackets, e.g., [row::12__chunk::0]. Be concise.\n\nYou are an agent. Your internal name is \""adk_rag_minimal_agent\"".\n\n The description about you is \""Minimal RAG over CSV corpus\"""",""temperature"":0.0,""labels"":{""adk_agent_name"":""adk_rag_minimal_agent""}}",1316.0,246.0,"{'system': 'gcp.vertex.agent', 'request': {'model': 'gemini-2.0-flash'}}","{""model"": ""gemini-2.0-flash"", ""config"": {""system_instruction"": ""You are a strict RAG agent. Use only the provided context. If the context does not contain the answer, reply that you don't know. Cite supporting chunk ids in square brackets, e.g., [row::12__chunk::0]. Be concise.\n\nYou are an agent. Your internal name is \""adk_rag_minimal_agent\"".\n\n The description about you is \""Minimal RAG over CSV corpus\"""", ""temperature"": 0.0, ""labels"": {""adk_agent_name"": ""adk_rag_minimal_agent""}}, ""contents"": [{""parts"": [{""text"": ""Query: How do I set up VPN access on my laptop so I can work from home and access company resources?\n\nContext:\n[row::2__chunk::0] **Configuring VPN Access for Remote Workers**\n\n**Overview**\n\nThis article provides step-by-step instructions for configuring VPN access for remote workers. This allows employees working from home or other remote locations to securely connect to the company network and access company resources.\n\n**Prerequisites**\n\n* The remote worker's device (laptop or desktop) must meet the company's minimum system requirements for VPN connectivity.\n* The remote worker must have a valid company login credentials.\n* The remote worker must have a stable internet connection.\n\n**Step 1: Install the VPN Client**\n\n1. Go to the company's software portal and download the VPN client software.\n2. Run the installer and follow the prompts to install the software.\n3. Once installed, launch the VPN client software.\n\n**Step 2: Configure the VPN Connection**\n\n1. In the VPN client software, click on \""New Connection\"" and select \""Company VPN\"" as the connection type.\n2. Enter the company's VPN server address: `vpn.company.com`.\n3. Enter your company login credentials (username and password).\n4. Select the \""Save\"" button to save the connection settings.\n\n**Step 3: Establish the VPN Connection**\n\n1. Click on the \""Connec\n\n[row::2__chunk::2] nue to experience issues, contact the IT helpdesk for further assistance.\n\n**Security Reminders**\n\n* Always keep your VPN client software up-to-date.\n* Never share your login credentials with anyone.\n* Avoid using public Wi-Fi or unsecured networks to access company resources via VPN.\n\nBy following these steps, remote workers can securely connect to the company network and access company resources from anywhere. If you have any questions or issues, please contact the IT helpdesk for further assistance.\n\n[row::2__chunk::1] sername and password).\n4. Select the \""Save\"" button to save the connection settings.\n\n**Step 3: Establish the VPN Connection**\n\n1. Click on the \""Connect\"" button to establish the VPN connection.\n2. You may be prompted to authenticate with two-factor authentication (2FA). Follow the prompts to complete 2FA.\n3. Once connected, you will see a confirmation message indicating that you are connected to the company VPN.\n\n**Step 4: Verify VPN Connection**\n\n1. Open a web browser and navigate to `company.com`.\n2. You should be able to access company resources, such as email, intranet, and file shares.\n3. Verify that your device's IP address has changed to a company-assigned IP address.\n\n**Troubleshooting Tips**\n\n* If you encounter issues connecting to the VPN, ensure that your device meets the minimum system requirements and that your internet connection is stable.\n* If you are unable to access company resources, verify that you are connected to the VPN and that your device's IP address has changed to a company-assigned IP address.\n* If you continue to experience issues, contact the IT helpdesk for further assistance.\n\n**Security Reminders**\n\n* Always keep your VPN client software up-to-date.\n\n\n[row::8__chunk::0] **Resetting a Jammed Printer**\n\n**Step 1: Turn Off the Printer**\n\nImmediately turn off the printer to prevent any further damage or paper jams. Locate the power button, usually found on the top or front of the printer, and press it to shut down the device.\n\n**Step 2: Open the Printer**\n\nLocate the printer's access panel, which varies depending on the printer model. Common locations include the top, front, or back of the printer. Open the panel by pressing the release latch or sliding it open. This will give you access to the internal mechanisms.\n\n**Step 3: Identify and Remove Jammed Paper**\n\nCarefully inspect the printer's internal mechanisms to locate the jammed paper. Gently pull out any visible paper scraps or torn pieces. Be cautious not to touch any internal components or rollers, as oils from your skin can cause damage.\n\n**Step 4: Check for Obstructions**\n\nInspect the printer's paper path, including the paper tray, rollers, and print head, for any obstructions or debris. Remove any dust, dirt, or other blockages that may be contributing to the jam.\n\n**Step 5: Realign the Paper Tray**\n\nIf the paper tray was dislodged during the jam, realign it according to the manufacturer's i\n\nAnswer:""}], ""role"": ""user""}]}",1070.0,"{""content"":{""parts"":[{""text"":""To set up VPN access, first install the VPN client from your company's software portal [row::2__chunk::0]. Then, configure a new connection in the VPN client, selecting \""Company VPN\"" as the connection type and entering the company's VPN server address (`vpn.company.com`) and your login credentials [row::2__chunk::0]. Save the connection settings and click \""Connect\"" to establish the VPN connection [row::2__chunk::1]. You may need to complete two-factor authentication [row::2__chunk::1]. Verify the connection by opening a web browser and navigating to `company.com` to access company resources [row::2__chunk::1]. Ensure your device's IP address has changed to a company-assigned IP address [row::2__chunk::1]. If you have issues, ensure your device meets the minimum system requirements and your internet connection is stable [row::2__chunk::1]. Contact the IT helpdesk if you continue to experience issues [row::2__chunk::2]. Always keep your VPN client software up-to-date and never share your login credentials [row::2__chunk::2].\n""}],""role"":""model""},""usage_metadata"":{""candidates_token_count"":246,""candidates_tokens_details"":[{""modality"":""TEXT"",""token_count"":246}],""prompt_token_count"":1070,""prompt_tokens_details"":[{""modality"":""TEXT"",""token_count"":1070}],""total_token_count"":1316,""traffic_type"":""ON_DEMAND""}}","{'query': 'How do I set up VPN access on my laptop so I can work from home and access company resources?', 'context': '[row::2__chunk::0] **Configuring VPN Access for Remote Workers**\n\n**Overview**\n\nThis article provides step-by-step instructions for configuring VPN access for remote workers. This allows employees working from home or other remote locations to securely connect to the company network and access company resources.\n\n**Prerequisites**\n\n* The remote worker\'s device (laptop or desktop) must meet the company\'s minimum system requirements for VPN connectivity.\n* The remote worker must have a valid company login credentials.\n* The remote worker must have a stable internet connection.\n\n**Step 1: Install the VPN Client**\n\n1. Go to the company\'s software portal and download the VPN client software.\n2. Run the installer and follow the prompts to install the software.\n3. Once installed, launch the VPN client software.\n\n**Step 2: Configure the VPN Connection**\n\n1. In the VPN client software, click on ""New Connection"" and select ""Company VPN"" as the connection type.\n2. Enter the company\'s VPN server address: `vpn.company.com`.\n3. Enter your company login credentials (username and password).\n4. Select the ""Save"" button to save the connection settings.\n\n**Step 3: Establish the VPN Connection**\n\n1. Click on the ""Connec\n\n[row::2__chunk::2] nue to experience issues, contact the IT helpdesk for further assistance.\n\n**Security Reminders**\n\n* Always keep your VPN client software up-to-date.\n* Never share your login credentials with anyone.\n* Avoid using public Wi-Fi or unsecured networks to access company resources via VPN.\n\nBy following these steps, remote workers can securely connect to the company network and access company resources from anywhere. If you have any questions or issues, please contact the IT helpdesk for further assistance.\n\n[row::2__chunk::1] sername and password).\n4. Select the ""Save"" button to save the connection settings.\n\n**Step 3: Establish the VPN Connection**\n\n1. Click on the ""Connect"" button to establish the VPN connection.\n2. You may be prompted to authenticate with two-factor authentication (2FA). Follow the prompts to complete 2FA.\n3. Once connected, you will see a confirmation message indicating that you are connected to the company VPN.\n\n**Step 4: Verify VPN Connection**\n\n1. Open a web browser and navigate to `company.com`.\n2. You should be able to access company resources, such as email, intranet, and file shares.\n3. Verify that your device\'s IP address has changed to a company-assigned IP address.\n\n**Troubleshooting Tips**\n\n* If you encounter issues connecting to the VPN, ensure that your device meets the minimum system requirements and that your internet connection is stable.\n* If you are unable to access company resources, verify that you are connected to the VPN and that your device\'s IP address has changed to a company-assigned IP address.\n* If you continue to experience issues, contact the IT helpdesk for further assistance.\n\n**Security Reminders**\n\n* Always keep your VPN client software up-to-date.\n\n\n[row::8__chunk::0] **Resetting a Jammed Printer**\n\n**Step 1: Turn Off the Printer**\n\nImmediately turn off the printer to prevent any further damage or paper jams. Locate the power button, usually found on the top or front of the printer, and press it to shut down the device.\n\n**Step 2: Open the Printer**\n\nLocate the printer\'s access panel, which varies depending on the printer model. Common locations include the top, front, or back of the printer. Open the panel by pressing the release latch or sliding it open. This will give you access to the internal mechanisms.\n\n**Step 3: Identify and Remove Jammed Paper**\n\nCarefully inspect the printer\'s internal mechanisms to locate the jammed paper. Gently pull out any visible paper scraps or torn pieces. Be cautious not to touch any internal components or rollers, as oils from your skin can cause damage.\n\n**Step 4: Check for Obstructions**\n\nInspect the printer\'s paper path, including the paper tray, rollers, and print head, for any obstructions or debris. Remove any dust, dirt, or other blockages that may be contributing to the jam.\n\n**Step 5: Realign the Paper Tray**\n\nIf the paper tray was dislodged during the jam, realign it according to the manufacturer\'s i', 'row_id_for_gt': 2, 'retrieval_chunk_ids': ['row::2__chunk::0', 'row::2__chunk::2', 'row::2__chunk::1', 'row::8__chunk::0'], 'retrieval_row_ids': [2, 2, 2, 8], 'retrieval_scores': [15.7663799018, 12.0901345715, 10.766604199, 8.6396478264], 'top_k': 4}",google,gemini-2.0-flash,s-cce8e3cc9a3e,"[{'message.role': 'model', 'message.contents': [{'message_content.type': 'text', 'message_content.text': 'To set up VPN access, first install the VPN client from your company\'s software portal [row::2__chunk::0]. Then, configure a new connection in the VPN client, selecting ""Company VPN"" as the connection type and entering the company\'s VPN server address (`vpn.company.com`) and your login credentials [row::2__chunk::0]. Save the connection settings and click ""Connect"" to establish the VPN connection [row::2__chunk::1]. You may need to complete two-factor authentication [row::2__chunk::1]. Verify the connection by opening a web browser and navigating to `company.com` to access company resources [row::2__chunk::1]. Ensure your device\'s IP address has changed to a company-assigned IP address [row::2__chunk::1]. If you have issues, ensure your device meets the minimum system requirements and your internet connection is stable [row::2__chunk::1]. Contact the IT helpdesk if you continue to experience issues [row::2__chunk::2]. Always keep your VPN client software up-to-date and never share your login credentials [row::2__chunk::2].\n'}]}]",v1,"Query: {query}

Context:
{context}

Answer:"
agent_run [adk_rag_minimal_agent],AGENT,415ddd70f02bd7a8,2025-08-15 06:50:30.389718+00:00,2025-08-15 06:50:33.186259+00:00,OK,,[],0a69147ae72056da,36931e638996c2149d36c03795ddaf5e,u,,AGENT,application/json,,,,,,,,,"{""content"":{""parts"":[{""text"":""To set up VPN access, first install the VPN client from your company's software portal [row::2__chunk::0]. Then, configure a new connection in the VPN client, selecting \""Company VPN\"" as the connection type and entering the company's VPN server address (`vpn.company.com`) and your login credentials [row::2__chunk::0]. Save the connection settings and click \""Connect\"" to establish the VPN connection [row::2__chunk::1]. You may need to complete two-factor authentication [row::2__chunk::1]. Verify the connection by opening a web browser and navigating to `company.com` to access company resources [row::2__chunk::1]. Ensure your device's IP address has changed to a company-assigned IP address [row::2__chunk::1]. If you have issues, ensure your device meets the minimum system requirements and your internet connection is stable [row::2__chunk::1]. Contact the IT helpdesk if you continue to experience issues [row::2__chunk::2]. Always keep your VPN client software up-to-date and never share your login credentials [row::2__chunk::2].\n""}],""role"":""model""},""usage_metadata"":{""candidates_token_count"":246,""candidates_tokens_details"":[{""modality"":""TEXT"",""token_count"":246}],""prompt_token_count"":1070,""prompt_tokens_details"":[{""modality"":""TEXT"",""token_count"":1070}],""total_token_count"":1316,""traffic_type"":""ON_DEMAND""},""invocation_id"":""e-4fde1cb9-ca00-4891-8f6e-230331602408"",""author"":""adk_rag_minimal_agent"",""actions"":{""state_delta"":{},""artifact_delta"":{},""requested_auth_configs"":{}},""id"":""KMHfMVQH"",""timestamp"":1755240630.390148}","{'query': 'How do I set up VPN access on my laptop so I can work from home and access company resources?', 'context': '[row::2__chunk::0] **Configuring VPN Access for Remote Workers**\n\n**Overview**\n\nThis article provides step-by-step instructions for configuring VPN access for remote workers. This allows employees working from home or other remote locations to securely connect to the company network and access company resources.\n\n**Prerequisites**\n\n* The remote worker\'s device (laptop or desktop) must meet the company\'s minimum system requirements for VPN connectivity.\n* The remote worker must have a valid company login credentials.\n* The remote worker must have a stable internet connection.\n\n**Step 1: Install the VPN Client**\n\n1. Go to the company\'s software portal and download the VPN client software.\n2. Run the installer and follow the prompts to install the software.\n3. Once installed, launch the VPN client software.\n\n**Step 2: Configure the VPN Connection**\n\n1. In the VPN client software, click on ""New Connection"" and select ""Company VPN"" as the connection type.\n2. Enter the company\'s VPN server address: `vpn.company.com`.\n3. Enter your company login credentials (username and password).\n4. Select the ""Save"" button to save the connection settings.\n\n**Step 3: Establish the VPN Connection**\n\n1. Click on the ""Connec\n\n[row::2__chunk::2] nue to experience issues, contact the IT helpdesk for further assistance.\n\n**Security Reminders**\n\n* Always keep your VPN client software up-to-date.\n* Never share your login credentials with anyone.\n* Avoid using public Wi-Fi or unsecured networks to access company resources via VPN.\n\nBy following these steps, remote workers can securely connect to the company network and access company resources from anywhere. If you have any questions or issues, please contact the IT helpdesk for further assistance.\n\n[row::2__chunk::1] sername and password).\n4. Select the ""Save"" button to save the connection settings.\n\n**Step 3: Establish the VPN Connection**\n\n1. Click on the ""Connect"" button to establish the VPN connection.\n2. You may be prompted to authenticate with two-factor authentication (2FA). Follow the prompts to complete 2FA.\n3. Once connected, you will see a confirmation message indicating that you are connected to the company VPN.\n\n**Step 4: Verify VPN Connection**\n\n1. Open a web browser and navigate to `company.com`.\n2. You should be able to access company resources, such as email, intranet, and file shares.\n3. Verify that your device\'s IP address has changed to a company-assigned IP address.\n\n**Troubleshooting Tips**\n\n* If you encounter issues connecting to the VPN, ensure that your device meets the minimum system requirements and that your internet connection is stable.\n* If you are unable to access company resources, verify that you are connected to the VPN and that your device\'s IP address has changed to a company-assigned IP address.\n* If you continue to experience issues, contact the IT helpdesk for further assistance.\n\n**Security Reminders**\n\n* Always keep your VPN client software up-to-date.\n\n\n[row::8__chunk::0] **Resetting a Jammed Printer**\n\n**Step 1: Turn Off the Printer**\n\nImmediately turn off the printer to prevent any further damage or paper jams. Locate the power button, usually found on the top or front of the printer, and press it to shut down the device.\n\n**Step 2: Open the Printer**\n\nLocate the printer\'s access panel, which varies depending on the printer model. Common locations include the top, front, or back of the printer. Open the panel by pressing the release latch or sliding it open. This will give you access to the internal mechanisms.\n\n**Step 3: Identify and Remove Jammed Paper**\n\nCarefully inspect the printer\'s internal mechanisms to locate the jammed paper. Gently pull out any visible paper scraps or torn pieces. Be cautious not to touch any internal components or rollers, as oils from your skin can cause damage.\n\n**Step 4: Check for Obstructions**\n\nInspect the printer\'s paper path, including the paper tray, rollers, and print head, for any obstructions or debris. Remove any dust, dirt, or other blockages that may be contributing to the jam.\n\n**Step 5: Realign the Paper Tray**\n\nIf the paper tray was dislodged during the jam, realign it according to the manufacturer\'s i', 'row_id_for_gt': 2, 'retrieval_chunk_ids': ['row::2__chunk::0', 'row::2__chunk::2', 'row::2__chunk::1', 'row::8__chunk::0'], 'retrieval_row_ids': [2, 2, 2, 8], 'retrieval_scores': [15.7663799018, 12.0901345715, 10.766604199, 8.6396478264], 'top_k': 4}",,,s-cce8e3cc9a3e,,v1,"Query: {query}

Context:
{context}

Answer:"
invocation [adk_rag_minimal],CHAIN,,2025-08-15 06:50:30.389248+00:00,2025-08-15 06:50:33.187095+00:00,OK,,[],415ddd70f02bd7a8,36931e638996c2149d36c03795ddaf5e,u,application/json,CHAIN,application/json,,,,,,,"{""user_id"": ""u"", ""session_id"": ""s-cce8e3cc9a3e"", ""new_message"": {""parts"": [{""text"": ""Query: How do I set up VPN access on my laptop so I can work from home and access company resources?\n\nContext:\n[row::2__chunk::0] **Configuring VPN Access for Remote Workers**\n\n**Overview**\n\nThis article provides step-by-step instructions for configuring VPN access for remote workers. This allows employees working from home or other remote locations to securely connect to the company network and access company resources.\n\n**Prerequisites**\n\n* The remote worker's device (laptop or desktop) must meet the company's minimum system requirements for VPN connectivity.\n* The remote worker must have a valid company login credentials.\n* The remote worker must have a stable internet connection.\n\n**Step 1: Install the VPN Client**\n\n1. Go to the company's software portal and download the VPN client software.\n2. Run the installer and follow the prompts to install the software.\n3. Once installed, launch the VPN client software.\n\n**Step 2: Configure the VPN Connection**\n\n1. In the VPN client software, click on \""New Connection\"" and select \""Company VPN\"" as the connection type.\n2. Enter the company's VPN server address: `vpn.company.com`.\n3. Enter your company login credentials (username and password).\n4. Select the \""Save\"" button to save the connection settings.\n\n**Step 3: Establish the VPN Connection**\n\n1. Click on the \""Connec\n\n[row::2__chunk::2] nue to experience issues, contact the IT helpdesk for further assistance.\n\n**Security Reminders**\n\n* Always keep your VPN client software up-to-date.\n* Never share your login credentials with anyone.\n* Avoid using public Wi-Fi or unsecured networks to access company resources via VPN.\n\nBy following these steps, remote workers can securely connect to the company network and access company resources from anywhere. If you have any questions or issues, please contact the IT helpdesk for further assistance.\n\n[row::2__chunk::1] sername and password).\n4. Select the \""Save\"" button to save the connection settings.\n\n**Step 3: Establish the VPN Connection**\n\n1. Click on the \""Connect\"" button to establish the VPN connection.\n2. You may be prompted to authenticate with two-factor authentication (2FA). Follow the prompts to complete 2FA.\n3. Once connected, you will see a confirmation message indicating that you are connected to the company VPN.\n\n**Step 4: Verify VPN Connection**\n\n1. Open a web browser and navigate to `company.com`.\n2. You should be able to access company resources, such as email, intranet, and file shares.\n3. Verify that your device's IP address has changed to a company-assigned IP address.\n\n**Troubleshooting Tips**\n\n* If you encounter issues connecting to the VPN, ensure that your device meets the minimum system requirements and that your internet connection is stable.\n* If you are unable to access company resources, verify that you are connected to the VPN and that your device's IP address has changed to a company-assigned IP address.\n* If you continue to experience issues, contact the IT helpdesk for further assistance.\n\n**Security Reminders**\n\n* Always keep your VPN client software up-to-date.\n\n\n[row::8__chunk::0] **Resetting a Jammed Printer**\n\n**Step 1: Turn Off the Printer**\n\nImmediately turn off the printer to prevent any further damage or paper jams. Locate the power button, usually found on the top or front of the printer, and press it to shut down the device.\n\n**Step 2: Open the Printer**\n\nLocate the printer's access panel, which varies depending on the printer model. Common locations include the top, front, or back of the printer. Open the panel by pressing the release latch or sliding it open. This will give you access to the internal mechanisms.\n\n**Step 3: Identify and Remove Jammed Paper**\n\nCarefully inspect the printer's internal mechanisms to locate the jammed paper. Gently pull out any visible paper scraps or torn pieces. Be cautious not to touch any internal components or rollers, as oils from your skin can cause damage.\n\n**Step 4: Check for Obstructions**\n\nInspect the printer's paper path, including the paper tray, rollers, and print head, for any obstructions or debris. Remove any dust, dirt, or other blockages that may be contributing to the jam.\n\n**Step 5: Realign the Paper Tray**\n\nIf the paper tray was dislodged during the jam, realign it according to the manufacturer's i\n\nAnswer:""}], ""role"": ""user""}, ""run_config"": {""save_input_blobs_as_artifacts"": false, ""support_cfc"": false, ""streaming_mode"": ""StreamingMode.NONE"", ""max_llm_calls"": 500}}",,"{""content"":{""parts"":[{""text"":""To set up VPN access, first install the VPN client from your company's software portal [row::2__chunk::0]. Then, configure a new connection in the VPN client, selecting \""Company VPN\"" as the connection type and entering the company's VPN server address (`vpn.company.com`) and your login credentials [row::2__chunk::0]. Save the connection settings and click \""Connect\"" to establish the VPN connection [row::2__chunk::1]. You may need to complete two-factor authentication [row::2__chunk::1]. Verify the connection by opening a web browser and navigating to `company.com` to access company resources [row::2__chunk::1]. Ensure your device's IP address has changed to a company-assigned IP address [row::2__chunk::1]. If you have issues, ensure your device meets the minimum system requirements and your internet connection is stable [row::2__chunk::1]. Contact the IT helpdesk if you continue to experience issues [row::2__chunk::2]. Always keep your VPN client software up-to-date and never share your login credentials [row::2__chunk::2].\n""}],""role"":""model""},""usage_metadata"":{""candidates_token_count"":246,""candidates_tokens_details"":[{""modality"":""TEXT"",""token_count"":246}],""prompt_token_count"":1070,""prompt_tokens_details"":[{""modality"":""TEXT"",""token_count"":1070}],""total_token_count"":1316,""traffic_type"":""ON_DEMAND""},""invocation_id"":""e-4fde1cb9-ca00-4891-8f6e-230331602408"",""author"":""adk_rag_minimal_agent"",""actions"":{""state_delta"":{},""artifact_delta"":{},""requested_auth_configs"":{}},""id"":""KMHfMVQH"",""timestamp"":1755240630.390148}","{'query': 'How do I set up VPN access on my laptop so I can work from home and access company resources?', 'context': '[row::2__chunk::0] **Configuring VPN Access for Remote Workers**\n\n**Overview**\n\nThis article provides step-by-step instructions for configuring VPN access for remote workers. This allows employees working from home or other remote locations to securely connect to the company network and access company resources.\n\n**Prerequisites**\n\n* The remote worker\'s device (laptop or desktop) must meet the company\'s minimum system requirements for VPN connectivity.\n* The remote worker must have a valid company login credentials.\n* The remote worker must have a stable internet connection.\n\n**Step 1: Install the VPN Client**\n\n1. Go to the company\'s software portal and download the VPN client software.\n2. Run the installer and follow the prompts to install the software.\n3. Once installed, launch the VPN client software.\n\n**Step 2: Configure the VPN Connection**\n\n1. In the VPN client software, click on ""New Connection"" and select ""Company VPN"" as the connection type.\n2. Enter the company\'s VPN server address: `vpn.company.com`.\n3. Enter your company login credentials (username and password).\n4. Select the ""Save"" button to save the connection settings.\n\n**Step 3: Establish the VPN Connection**\n\n1. Click on the ""Connec\n\n[row::2__chunk::2] nue to experience issues, contact the IT helpdesk for further assistance.\n\n**Security Reminders**\n\n* Always keep your VPN client software up-to-date.\n* Never share your login credentials with anyone.\n* Avoid using public Wi-Fi or unsecured networks to access company resources via VPN.\n\nBy following these steps, remote workers can securely connect to the company network and access company resources from anywhere. If you have any questions or issues, please contact the IT helpdesk for further assistance.\n\n[row::2__chunk::1] sername and password).\n4. Select the ""Save"" button to save the connection settings.\n\n**Step 3: Establish the VPN Connection**\n\n1. Click on the ""Connect"" button to establish the VPN connection.\n2. You may be prompted to authenticate with two-factor authentication (2FA). Follow the prompts to complete 2FA.\n3. Once connected, you will see a confirmation message indicating that you are connected to the company VPN.\n\n**Step 4: Verify VPN Connection**\n\n1. Open a web browser and navigate to `company.com`.\n2. You should be able to access company resources, such as email, intranet, and file shares.\n3. Verify that your device\'s IP address has changed to a company-assigned IP address.\n\n**Troubleshooting Tips**\n\n* If you encounter issues connecting to the VPN, ensure that your device meets the minimum system requirements and that your internet connection is stable.\n* If you are unable to access company resources, verify that you are connected to the VPN and that your device\'s IP address has changed to a company-assigned IP address.\n* If you continue to experience issues, contact the IT helpdesk for further assistance.\n\n**Security Reminders**\n\n* Always keep your VPN client software up-to-date.\n\n\n[row::8__chunk::0] **Resetting a Jammed Printer**\n\n**Step 1: Turn Off the Printer**\n\nImmediately turn off the printer to prevent any further damage or paper jams. Locate the power button, usually found on the top or front of the printer, and press it to shut down the device.\n\n**Step 2: Open the Printer**\n\nLocate the printer\'s access panel, which varies depending on the printer model. Common locations include the top, front, or back of the printer. Open the panel by pressing the release latch or sliding it open. This will give you access to the internal mechanisms.\n\n**Step 3: Identify and Remove Jammed Paper**\n\nCarefully inspect the printer\'s internal mechanisms to locate the jammed paper. Gently pull out any visible paper scraps or torn pieces. Be cautious not to touch any internal components or rollers, as oils from your skin can cause damage.\n\n**Step 4: Check for Obstructions**\n\nInspect the printer\'s paper path, including the paper tray, rollers, and print head, for any obstructions or debris. Remove any dust, dirt, or other blockages that may be contributing to the jam.\n\n**Step 5: Realign the Paper Tray**\n\nIf the paper tray was dislodged during the jam, realign it according to the manufacturer\'s i', 'row_id_for_gt': 2, 'retrieval_chunk_ids': ['row::2__chunk::0', 'row::2__chunk::2', 'row::2__chunk::1', 'row::8__chunk::0'], 'retrieval_row_ids': [2, 2, 2, 8], 'retrieval_scores': [15.7663799018, 12.0901345715, 10.766604199, 8.6396478264], 'top_k': 4}",,,s-cce8e3cc9a3e,,v1,"Query: {query}

Context:
{context}

Answer:"
call_llm,LLM,e22e26e82c4c9101,2025-08-15 06:50:33.190093+00:00,2025-08-15 06:50:35.640401+00:00,OK,,[],b19c7e43bd0f1953,2cd02adca77725cc2768f016c7e1ed99,u,application/json,LLM,application/json,"[{'message.role': 'system', 'message.content': 'You are a strict RAG agent. Use only the provided context. If the context does not contain the answer, reply that you don\'t know. Cite supporting chunk ids in square brackets, e.g., [row::12__chunk::0]. Be concise.\n\nYou are an agent. Your internal name is ""adk_rag_minimal_agent"".\n\n The description about you is ""Minimal RAG over CSV corpus""'}, {'message.role': 'user', 'message.contents': [{'message_content.type': 'text', 'message_content.text': ""Query: My Microsoft Word keeps freezing every time I try to open a document, I've tried closing and reopening it but the issue persists, what can I do to fix it?\n\nContext:\n[row::3__chunk::1]  Files**\n\nCorrupt files can cause issues with Microsoft Office applications. Try opening a new, blank document to see if the issue persists. If the issue does not occur with a new document, it's possible that the original file is corrupt.\n\n**Step 5: Check for Conflicting Programs**\n\nOther programs running on your computer can conflict with Microsoft Office applications. Try closing all other programs and background applications to see if the issue resolves.\n\n**Step 6: Check Office Configuration**\n\nOffice configuration issues can cause problems with Microsoft Office applications. Try resetting Office configuration by following these steps:\n\n* Open the **Command Prompt** as an administrator.\n* Type the following command and press **Enter**: `officec2rclient.exe /uninstall`\n* Wait for the command to complete, then restart your computer.\n\n**Step 7: Reinstall Microsoft Office**\n\nIf none of the above steps resolve the issue, try reinstalling Microsoft Office. Go to the **Control Panel**, select **Programs and Features**, and uninstall Microsoft Office. Then, reinstall Microsoft Office from the company's software portal or by contacting the IT department.\n\n**Additional Troubleshooting Tip\n\n[row::3__chunk::0] **Troubleshooting Issues with Microsoft Office**\n\nThis article provides steps to troubleshoot common issues with Microsoft Office applications, including Word, Excel, PowerPoint, and Outlook.\n\n**Step 1: Restart Microsoft Office**\n\nBefore proceeding with troubleshooting, try restarting the Microsoft Office application that is experiencing issues. This simple step can often resolve problems caused by temporary glitches or corrupted files.\n\n**Step 2: Check for Updates**\n\nEnsure that Microsoft Office is up-to-date. Open any Microsoft Office application, go to **File** > **Account**, and click **Update Options**. If updates are available, install them and restart the application.\n\n**Step 3: Disable Add-ins**\n\nAdd-ins can sometimes cause issues with Microsoft Office applications. To disable add-ins, follow these steps:\n\n* Open the Microsoft Office application experiencing issues.\n* Go to **File** > **Options** > **Add-ins**.\n* Uncheck the boxes next to each add-in to disable them.\n* Click **OK** to save changes.\n\n**Step 4: Check for Corrupt Files**\n\nCorrupt files can cause issues with Microsoft Office applications. Try opening a new, blank document to see if the issue persists. If the is\n\n[row::3__chunk::2] soft Office. Then, reinstall Microsoft Office from the company's software portal or by contacting the IT department.\n\n**Additional Troubleshooting Tips**\n\n* Check for antivirus software conflicts, as some antivirus programs can interfere with Microsoft Office applications.\n* Ensure that your computer meets the system requirements for Microsoft Office.\n* If using a Microsoft Office template, try creating a new document from scratch to see if the issue persists.\n* If experiencing issues with a specific file, try opening the file on a different computer or in a different Microsoft Office application to isolate the problem.\n\nBy following these steps, you should be able to troubleshoot and resolve common issues with Microsoft Office applications. If the issue persists, contact the IT department for further assistance.\n\n[row::8__chunk::0] **Resetting a Jammed Printer**\n\n**Step 1: Turn Off the Printer**\n\nImmediately turn off the printer to prevent any further damage or paper jams. Locate the power button, usually found on the top or front of the printer, and press it to shut down the device.\n\n**Step 2: Open the Printer**\n\nLocate the printer's access panel, which varies depending on the printer model. Common locations include the top, front, or back of the printer. Open the panel by pressing the release latch or sliding it open. This will give you access to the internal mechanisms.\n\n**Step 3: Identify and Remove Jammed Paper**\n\nCarefully inspect the printer's internal mechanisms to locate the jammed paper. Gently pull out any visible paper scraps or torn pieces. Be cautious not to touch any internal components or rollers, as oils from your skin can cause damage.\n\n**Step 4: Check for Obstructions**\n\nInspect the printer's paper path, including the paper tray, rollers, and print head, for any obstructions or debris. Remove any dust, dirt, or other blockages that may be contributing to the jam.\n\n**Step 5: Realign the Paper Tray**\n\nIf the paper tray was dislodged during the jam, realign it according to the manufacturer's i\n\nAnswer:""}]}]","{'vertex': {'agent': {'llm_response': '{""content"":{""parts"":[{""text"":""Here are some troubleshooting steps you can try:\\n\\n1.  **Restart Microsoft Office**: This can resolve temporary glitches [row::3__chunk::0].\\n2.  **Check for Updates**: Make sure your Microsoft Office is up-to-date [row::3__chunk::0].\\n3.  **Disable Add-ins**: Sometimes add-ins can cause issues [row::3__chunk::0].\\n4.  **Check for Corrupt Files**: Try opening a new, blank document to see if the issue persists [row::3__chunk::1].\\n5.  **Check for Conflicting Programs**: Other programs might be conflicting with Microsoft Office [row::3__chunk::1].\\n6.  **Check Office Configuration**: Reset Office configuration [row::3__chunk::1].\\n7.  **Reinstall Microsoft Office**: If nothing else works, try reinstalling Microsoft Office [row::3__chunk::1].\\n""}],""role"":""model""},""usage_metadata"":{""candidates_token_count"":198,""candidates_tokens_details"":[{""modality"":""TEXT"",""token_count"":198}],""prompt_token_count"":1088,""prompt_tokens_details"":[{""modality"":""TEXT"",""token_count"":1088}],""total_token_count"":1286,""traffic_type"":""ON_DEMAND""}}', 'llm_request': '{""model"": ""gemini-2.0-flash"", ""config"": {""system_instruction"": ""You are a strict RAG agent. Use only the provided context. If the context does not contain the answer, reply that you don\'t know. Cite supporting chunk ids in square brackets, e.g., [row::12__chunk::0]. Be concise.\\n\\nYou are an agent. Your internal name is \\""adk_rag_minimal_agent\\"".\\n\\n The description about you is \\""Minimal RAG over CSV corpus\\"""", ""temperature"": 0.0, ""labels"": {""adk_agent_name"": ""adk_rag_minimal_agent""}}, ""contents"": [{""parts"": [{""text"": ""Query: My Microsoft Word keeps freezing every time I try to open a document, I\'ve tried closing and reopening it but the issue persists, what can I do to fix it?\\n\\nContext:\\n[row::3__chunk::1]  Files**\\n\\nCorrupt files can cause issues with Microsoft Office applications. Try opening a new, blank document to see if the issue persists. If the issue does not occur with a new document, it\'s possible that the original file is corrupt.\\n\\n**Step 5: Check for Conflicting Programs**\\n\\nOther programs running on your computer can conflict with Microsoft Office applications. Try closing all other programs and background applications to see if the issue resolves.\\n\\n**Step 6: Check Office Configuration**\\n\\nOffice configuration issues can cause problems with Microsoft Office applications. Try resetting Office configuration by following these steps:\\n\\n* Open the **Command Prompt** as an administrator.\\n* Type the following command and press **Enter**: `officec2rclient.exe /uninstall`\\n* Wait for the command to complete, then restart your computer.\\n\\n**Step 7: Reinstall Microsoft Office**\\n\\nIf none of the above steps resolve the issue, try reinstalling Microsoft Office. Go to the **Control Panel**, select **Programs and Features**, and uninstall Microsoft Office. Then, reinstall Microsoft Office from the company\'s software portal or by contacting the IT department.\\n\\n**Additional Troubleshooting Tip\\n\\n[row::3__chunk::0] **Troubleshooting Issues with Microsoft Office**\\n\\nThis article provides steps to troubleshoot common issues with Microsoft Office applications, including Word, Excel, PowerPoint, and Outlook.\\n\\n**Step 1: Restart Microsoft Office**\\n\\nBefore proceeding with troubleshooting, try restarting the Microsoft Office application that is experiencing issues. This simple step can often resolve problems caused by temporary glitches or corrupted files.\\n\\n**Step 2: Check for Updates**\\n\\nEnsure that Microsoft Office is up-to-date. Open any Microsoft Office application, go to **File** > **Account**, and click **Update Options**. If updates are available, install them and restart the application.\\n\\n**Step 3: Disable Add-ins**\\n\\nAdd-ins can sometimes cause issues with Microsoft Office applications. To disable add-ins, follow these steps:\\n\\n* Open the Microsoft Office application experiencing issues.\\n* Go to **File** > **Options** > **Add-ins**.\\n* Uncheck the boxes next to each add-in to disable them.\\n* Click **OK** to save changes.\\n\\n**Step 4: Check for Corrupt Files**\\n\\nCorrupt files can cause issues with Microsoft Office applications. Try opening a new, blank document to see if the issue persists. If the is\\n\\n[row::3__chunk::2] soft Office. Then, reinstall Microsoft Office from the company\'s software portal or by contacting the IT department.\\n\\n**Additional Troubleshooting Tips**\\n\\n* Check for antivirus software conflicts, as some antivirus programs can interfere with Microsoft Office applications.\\n* Ensure that your computer meets the system requirements for Microsoft Office.\\n* If using a Microsoft Office template, try creating a new document from scratch to see if the issue persists.\\n* If experiencing issues with a specific file, try opening the file on a different computer or in a different Microsoft Office application to isolate the problem.\\n\\nBy following these steps, you should be able to troubleshoot and resolve common issues with Microsoft Office applications. If the issue persists, contact the IT department for further assistance.\\n\\n[row::8__chunk::0] **Resetting a Jammed Printer**\\n\\n**Step 1: Turn Off the Printer**\\n\\nImmediately turn off the printer to prevent any further damage or paper jams. Locate the power button, usually found on the top or front of the printer, and press it to shut down the device.\\n\\n**Step 2: Open the Printer**\\n\\nLocate the printer\'s access panel, which varies depending on the printer model. Common locations include the top, front, or back of the printer. Open the panel by pressing the release latch or sliding it open. This will give you access to the internal mechanisms.\\n\\n**Step 3: Identify and Remove Jammed Paper**\\n\\nCarefully inspect the printer\'s internal mechanisms to locate the jammed paper. Gently pull out any visible paper scraps or torn pieces. Be cautious not to touch any internal components or rollers, as oils from your skin can cause damage.\\n\\n**Step 4: Check for Obstructions**\\n\\nInspect the printer\'s paper path, including the paper tray, rollers, and print head, for any obstructions or debris. Remove any dust, dirt, or other blockages that may be contributing to the jam.\\n\\n**Step 5: Realign the Paper Tray**\\n\\nIf the paper tray was dislodged during the jam, realign it according to the manufacturer\'s i\\n\\nAnswer:""}], ""role"": ""user""}]}', 'session_id': 's-dcb7571d9c2b', 'invocation_id': 'e-1f0fadd3-e633-4879-9dfa-c5833a84bbdf', 'event_id': 'BSdpCCVs'}}}","{""system_instruction"":""You are a strict RAG agent. Use only the provided context. If the context does not contain the answer, reply that you don't know. Cite supporting chunk ids in square brackets, e.g., [row::12__chunk::0]. Be concise.\n\nYou are an agent. Your internal name is \""adk_rag_minimal_agent\"".\n\n The description about you is \""Minimal RAG over CSV corpus\"""",""temperature"":0.0,""labels"":{""adk_agent_name"":""adk_rag_minimal_agent""}}",1286.0,198.0,"{'system': 'gcp.vertex.agent', 'request': {'model': 'gemini-2.0-flash'}}","{""model"": ""gemini-2.0-flash"", ""config"": {""system_instruction"": ""You are a strict RAG agent. Use only the provided context. If the context does not contain the answer, reply that you don't know. Cite supporting chunk ids in square brackets, e.g., [row::12__chunk::0]. Be concise.\n\nYou are an agent. Your internal name is \""adk_rag_minimal_agent\"".\n\n The description about you is \""Minimal RAG over CSV corpus\"""", ""temperature"": 0.0, ""labels"": {""adk_agent_name"": ""adk_rag_minimal_agent""}}, ""contents"": [{""parts"": [{""text"": ""Query: My Microsoft Word keeps freezing every time I try to open a document, I've tried closing and reopening it but the issue persists, what can I do to fix it?\n\nContext:\n[row::3__chunk::1]  Files**\n\nCorrupt files can cause issues with Microsoft Office applications. Try opening a new, blank document to see if the issue persists. If the issue does not occur with a new document, it's possible that the original file is corrupt.\n\n**Step 5: Check for Conflicting Programs**\n\nOther programs running on your computer can conflict with Microsoft Office applications. Try closing all other programs and background applications to see if the issue resolves.\n\n**Step 6: Check Office Configuration**\n\nOffice configuration issues can cause problems with Microsoft Office applications. Try resetting Office configuration by following these steps:\n\n* Open the **Command Prompt** as an administrator.\n* Type the following command and press **Enter**: `officec2rclient.exe /uninstall`\n* Wait for the command to complete, then restart your computer.\n\n**Step 7: Reinstall Microsoft Office**\n\nIf none of the above steps resolve the issue, try reinstalling Microsoft Office. Go to the **Control Panel**, select **Programs and Features**, and uninstall Microsoft Office. Then, reinstall Microsoft Office from the company's software portal or by contacting the IT department.\n\n**Additional Troubleshooting Tip\n\n[row::3__chunk::0] **Troubleshooting Issues with Microsoft Office**\n\nThis article provides steps to troubleshoot common issues with Microsoft Office applications, including Word, Excel, PowerPoint, and Outlook.\n\n**Step 1: Restart Microsoft Office**\n\nBefore proceeding with troubleshooting, try restarting the Microsoft Office application that is experiencing issues. This simple step can often resolve problems caused by temporary glitches or corrupted files.\n\n**Step 2: Check for Updates**\n\nEnsure that Microsoft Office is up-to-date. Open any Microsoft Office application, go to **File** > **Account**, and click **Update Options**. If updates are available, install them and restart the application.\n\n**Step 3: Disable Add-ins**\n\nAdd-ins can sometimes cause issues with Microsoft Office applications. To disable add-ins, follow these steps:\n\n* Open the Microsoft Office application experiencing issues.\n* Go to **File** > **Options** > **Add-ins**.\n* Uncheck the boxes next to each add-in to disable them.\n* Click **OK** to save changes.\n\n**Step 4: Check for Corrupt Files**\n\nCorrupt files can cause issues with Microsoft Office applications. Try opening a new, blank document to see if the issue persists. If the is\n\n[row::3__chunk::2] soft Office. Then, reinstall Microsoft Office from the company's software portal or by contacting the IT department.\n\n**Additional Troubleshooting Tips**\n\n* Check for antivirus software conflicts, as some antivirus programs can interfere with Microsoft Office applications.\n* Ensure that your computer meets the system requirements for Microsoft Office.\n* If using a Microsoft Office template, try creating a new document from scratch to see if the issue persists.\n* If experiencing issues with a specific file, try opening the file on a different computer or in a different Microsoft Office application to isolate the problem.\n\nBy following these steps, you should be able to troubleshoot and resolve common issues with Microsoft Office applications. If the issue persists, contact the IT department for further assistance.\n\n[row::8__chunk::0] **Resetting a Jammed Printer**\n\n**Step 1: Turn Off the Printer**\n\nImmediately turn off the printer to prevent any further damage or paper jams. Locate the power button, usually found on the top or front of the printer, and press it to shut down the device.\n\n**Step 2: Open the Printer**\n\nLocate the printer's access panel, which varies depending on the printer model. Common locations include the top, front, or back of the printer. Open the panel by pressing the release latch or sliding it open. This will give you access to the internal mechanisms.\n\n**Step 3: Identify and Remove Jammed Paper**\n\nCarefully inspect the printer's internal mechanisms to locate the jammed paper. Gently pull out any visible paper scraps or torn pieces. Be cautious not to touch any internal components or rollers, as oils from your skin can cause damage.\n\n**Step 4: Check for Obstructions**\n\nInspect the printer's paper path, including the paper tray, rollers, and print head, for any obstructions or debris. Remove any dust, dirt, or other blockages that may be contributing to the jam.\n\n**Step 5: Realign the Paper Tray**\n\nIf the paper tray was dislodged during the jam, realign it according to the manufacturer's i\n\nAnswer:""}], ""role"": ""user""}]}",1088.0,"{""content"":{""parts"":[{""text"":""Here are some troubleshooting steps you can try:\n\n1.  **Restart Microsoft Office**: This can resolve temporary glitches [row::3__chunk::0].\n2.  **Check for Updates**: Make sure your Microsoft Office is up-to-date [row::3__chunk::0].\n3.  **Disable Add-ins**: Sometimes add-ins can cause issues [row::3__chunk::0].\n4.  **Check for Corrupt Files**: Try opening a new, blank document to see if the issue persists [row::3__chunk::1].\n5.  **Check for Conflicting Programs**: Other programs might be conflicting with Microsoft Office [row::3__chunk::1].\n6.  **Check Office Configuration**: Reset Office configuration [row::3__chunk::1].\n7.  **Reinstall Microsoft Office**: If nothing else works, try reinstalling Microsoft Office [row::3__chunk::1].\n""}],""role"":""model""},""usage_metadata"":{""candidates_token_count"":198,""candidates_tokens_details"":[{""modality"":""TEXT"",""token_count"":198}],""prompt_token_count"":1088,""prompt_tokens_details"":[{""modality"":""TEXT"",""token_count"":1088}],""total_token_count"":1286,""traffic_type"":""ON_DEMAND""}}","{'query': ""My Microsoft Word keeps freezing every time I try to open a document, I've tried closing and reopening it but the issue persists, what can I do to fix it?"", 'context': ""[row::3__chunk::1]  Files**\n\nCorrupt files can cause issues with Microsoft Office applications. Try opening a new, blank document to see if the issue persists. If the issue does not occur with a new document, it's possible that the original file is corrupt.\n\n**Step 5: Check for Conflicting Programs**\n\nOther programs running on your computer can conflict with Microsoft Office applications. Try closing all other programs and background applications to see if the issue resolves.\n\n**Step 6: Check Office Configuration**\n\nOffice configuration issues can cause problems with Microsoft Office applications. Try resetting Office configuration by following these steps:\n\n* Open the **Command Prompt** as an administrator.\n* Type the following command and press **Enter**: `officec2rclient.exe /uninstall`\n* Wait for the command to complete, then restart your computer.\n\n**Step 7: Reinstall Microsoft Office**\n\nIf none of the above steps resolve the issue, try reinstalling Microsoft Office. Go to the **Control Panel**, select **Programs and Features**, and uninstall Microsoft Office. Then, reinstall Microsoft Office from the company's software portal or by contacting the IT department.\n\n**Additional Troubleshooting Tip\n\n[row::3__chunk::0] **Troubleshooting Issues with Microsoft Office**\n\nThis article provides steps to troubleshoot common issues with Microsoft Office applications, including Word, Excel, PowerPoint, and Outlook.\n\n**Step 1: Restart Microsoft Office**\n\nBefore proceeding with troubleshooting, try restarting the Microsoft Office application that is experiencing issues. This simple step can often resolve problems caused by temporary glitches or corrupted files.\n\n**Step 2: Check for Updates**\n\nEnsure that Microsoft Office is up-to-date. Open any Microsoft Office application, go to **File** > **Account**, and click **Update Options**. If updates are available, install them and restart the application.\n\n**Step 3: Disable Add-ins**\n\nAdd-ins can sometimes cause issues with Microsoft Office applications. To disable add-ins, follow these steps:\n\n* Open the Microsoft Office application experiencing issues.\n* Go to **File** > **Options** > **Add-ins**.\n* Uncheck the boxes next to each add-in to disable them.\n* Click **OK** to save changes.\n\n**Step 4: Check for Corrupt Files**\n\nCorrupt files can cause issues with Microsoft Office applications. Try opening a new, blank document to see if the issue persists. If the is\n\n[row::3__chunk::2] soft Office. Then, reinstall Microsoft Office from the company's software portal or by contacting the IT department.\n\n**Additional Troubleshooting Tips**\n\n* Check for antivirus software conflicts, as some antivirus programs can interfere with Microsoft Office applications.\n* Ensure that your computer meets the system requirements for Microsoft Office.\n* If using a Microsoft Office template, try creating a new document from scratch to see if the issue persists.\n* If experiencing issues with a specific file, try opening the file on a different computer or in a different Microsoft Office application to isolate the problem.\n\nBy following these steps, you should be able to troubleshoot and resolve common issues with Microsoft Office applications. If the issue persists, contact the IT department for further assistance.\n\n[row::8__chunk::0] **Resetting a Jammed Printer**\n\n**Step 1: Turn Off the Printer**\n\nImmediately turn off the printer to prevent any further damage or paper jams. Locate the power button, usually found on the top or front of the printer, and press it to shut down the device.\n\n**Step 2: Open the Printer**\n\nLocate the printer's access panel, which varies depending on the printer model. Common locations include the top, front, or back of the printer. Open the panel by pressing the release latch or sliding it open. This will give you access to the internal mechanisms.\n\n**Step 3: Identify and Remove Jammed Paper**\n\nCarefully inspect the printer's internal mechanisms to locate the jammed paper. Gently pull out any visible paper scraps or torn pieces. Be cautious not to touch any internal components or rollers, as oils from your skin can cause damage.\n\n**Step 4: Check for Obstructions**\n\nInspect the printer's paper path, including the paper tray, rollers, and print head, for any obstructions or debris. Remove any dust, dirt, or other blockages that may be contributing to the jam.\n\n**Step 5: Realign the Paper Tray**\n\nIf the paper tray was dislodged during the jam, realign it according to the manufacturer's i"", 'row_id_for_gt': 3, 'retrieval_chunk_ids': ['row::3__chunk::1', 'row::3__chunk::0', 'row::3__chunk::2', 'row::8__chunk::0'], 'retrieval_row_ids': [3, 3, 3, 8], 'retrieval_scores': [22.41808352, 19.6122071331, 18.0742497528, 16.9524251399], 'top_k': 4}",google,gemini-2.0-flash,s-dcb7571d9c2b,"[{'message.role': 'model', 'message.contents': [{'message_content.type': 'text', 'message_content.text': 'Here are some troubleshooting steps you can try:\n\n1.  **Restart Microsoft Office**: This can resolve temporary glitches [row::3__chunk::0].\n2.  **Check for Updates**: Make sure your Microsoft Office is up-to-date [row::3__chunk::0].\n3.  **Disable Add-ins**: Sometimes add-ins can cause issues [row::3__chunk::0].\n4.  **Check for Corrupt Files**: Try opening a new, blank document to see if the issue persists [row::3__chunk::1].\n5.  **Check for Conflicting Programs**: Other programs might be conflicting with Microsoft Office [row::3__chunk::1].\n6.  **Check Office Configuration**: Reset Office configuration [row::3__chunk::1].\n7.  **Reinstall Microsoft Office**: If nothing else works, try reinstalling Microsoft Office [row::3__chunk::1].\n'}]}]",v1,"Query: {query}

Context:
{context}

Answer:"
agent_run [adk_rag_minimal_agent],AGENT,82386bbbd41b74e9,2025-08-15 06:50:33.189742+00:00,2025-08-15 06:50:35.647181+00:00,OK,,[],e22e26e82c4c9101,2cd02adca77725cc2768f016c7e1ed99,u,,AGENT,application/json,,,,,,,,,"{""content"":{""parts"":[{""text"":""Here are some troubleshooting steps you can try:\n\n1.  **Restart Microsoft Office**: This can resolve temporary glitches [row::3__chunk::0].\n2.  **Check for Updates**: Make sure your Microsoft Office is up-to-date [row::3__chunk::0].\n3.  **Disable Add-ins**: Sometimes add-ins can cause issues [row::3__chunk::0].\n4.  **Check for Corrupt Files**: Try opening a new, blank document to see if the issue persists [row::3__chunk::1].\n5.  **Check for Conflicting Programs**: Other programs might be conflicting with Microsoft Office [row::3__chunk::1].\n6.  **Check Office Configuration**: Reset Office configuration [row::3__chunk::1].\n7.  **Reinstall Microsoft Office**: If nothing else works, try reinstalling Microsoft Office [row::3__chunk::1].\n""}],""role"":""model""},""usage_metadata"":{""candidates_token_count"":198,""candidates_tokens_details"":[{""modality"":""TEXT"",""token_count"":198}],""prompt_token_count"":1088,""prompt_tokens_details"":[{""modality"":""TEXT"",""token_count"":1088}],""total_token_count"":1286,""traffic_type"":""ON_DEMAND""},""invocation_id"":""e-1f0fadd3-e633-4879-9dfa-c5833a84bbdf"",""author"":""adk_rag_minimal_agent"",""actions"":{""state_delta"":{},""artifact_delta"":{},""requested_auth_configs"":{}},""id"":""BSdpCCVs"",""timestamp"":1755240633.190021}","{'query': ""My Microsoft Word keeps freezing every time I try to open a document, I've tried closing and reopening it but the issue persists, what can I do to fix it?"", 'context': ""[row::3__chunk::1]  Files**\n\nCorrupt files can cause issues with Microsoft Office applications. Try opening a new, blank document to see if the issue persists. If the issue does not occur with a new document, it's possible that the original file is corrupt.\n\n**Step 5: Check for Conflicting Programs**\n\nOther programs running on your computer can conflict with Microsoft Office applications. Try closing all other programs and background applications to see if the issue resolves.\n\n**Step 6: Check Office Configuration**\n\nOffice configuration issues can cause problems with Microsoft Office applications. Try resetting Office configuration by following these steps:\n\n* Open the **Command Prompt** as an administrator.\n* Type the following command and press **Enter**: `officec2rclient.exe /uninstall`\n* Wait for the command to complete, then restart your computer.\n\n**Step 7: Reinstall Microsoft Office**\n\nIf none of the above steps resolve the issue, try reinstalling Microsoft Office. Go to the **Control Panel**, select **Programs and Features**, and uninstall Microsoft Office. Then, reinstall Microsoft Office from the company's software portal or by contacting the IT department.\n\n**Additional Troubleshooting Tip\n\n[row::3__chunk::0] **Troubleshooting Issues with Microsoft Office**\n\nThis article provides steps to troubleshoot common issues with Microsoft Office applications, including Word, Excel, PowerPoint, and Outlook.\n\n**Step 1: Restart Microsoft Office**\n\nBefore proceeding with troubleshooting, try restarting the Microsoft Office application that is experiencing issues. This simple step can often resolve problems caused by temporary glitches or corrupted files.\n\n**Step 2: Check for Updates**\n\nEnsure that Microsoft Office is up-to-date. Open any Microsoft Office application, go to **File** > **Account**, and click **Update Options**. If updates are available, install them and restart the application.\n\n**Step 3: Disable Add-ins**\n\nAdd-ins can sometimes cause issues with Microsoft Office applications. To disable add-ins, follow these steps:\n\n* Open the Microsoft Office application experiencing issues.\n* Go to **File** > **Options** > **Add-ins**.\n* Uncheck the boxes next to each add-in to disable them.\n* Click **OK** to save changes.\n\n**Step 4: Check for Corrupt Files**\n\nCorrupt files can cause issues with Microsoft Office applications. Try opening a new, blank document to see if the issue persists. If the is\n\n[row::3__chunk::2] soft Office. Then, reinstall Microsoft Office from the company's software portal or by contacting the IT department.\n\n**Additional Troubleshooting Tips**\n\n* Check for antivirus software conflicts, as some antivirus programs can interfere with Microsoft Office applications.\n* Ensure that your computer meets the system requirements for Microsoft Office.\n* If using a Microsoft Office template, try creating a new document from scratch to see if the issue persists.\n* If experiencing issues with a specific file, try opening the file on a different computer or in a different Microsoft Office application to isolate the problem.\n\nBy following these steps, you should be able to troubleshoot and resolve common issues with Microsoft Office applications. If the issue persists, contact the IT department for further assistance.\n\n[row::8__chunk::0] **Resetting a Jammed Printer**\n\n**Step 1: Turn Off the Printer**\n\nImmediately turn off the printer to prevent any further damage or paper jams. Locate the power button, usually found on the top or front of the printer, and press it to shut down the device.\n\n**Step 2: Open the Printer**\n\nLocate the printer's access panel, which varies depending on the printer model. Common locations include the top, front, or back of the printer. Open the panel by pressing the release latch or sliding it open. This will give you access to the internal mechanisms.\n\n**Step 3: Identify and Remove Jammed Paper**\n\nCarefully inspect the printer's internal mechanisms to locate the jammed paper. Gently pull out any visible paper scraps or torn pieces. Be cautious not to touch any internal components or rollers, as oils from your skin can cause damage.\n\n**Step 4: Check for Obstructions**\n\nInspect the printer's paper path, including the paper tray, rollers, and print head, for any obstructions or debris. Remove any dust, dirt, or other blockages that may be contributing to the jam.\n\n**Step 5: Realign the Paper Tray**\n\nIf the paper tray was dislodged during the jam, realign it according to the manufacturer's i"", 'row_id_for_gt': 3, 'retrieval_chunk_ids': ['row::3__chunk::1', 'row::3__chunk::0', 'row::3__chunk::2', 'row::8__chunk::0'], 'retrieval_row_ids': [3, 3, 3, 8], 'retrieval_scores': [22.41808352, 19.6122071331, 18.0742497528, 16.9524251399], 'top_k': 4}",,,s-dcb7571d9c2b,,v1,"Query: {query}

Context:
{context}

Answer:"
invocation [adk_rag_minimal],CHAIN,,2025-08-15 06:50:33.189436+00:00,2025-08-15 06:50:35.649059+00:00,OK,,[],82386bbbd41b74e9,2cd02adca77725cc2768f016c7e1ed99,u,application/json,CHAIN,application/json,,,,,,,"{""user_id"": ""u"", ""session_id"": ""s-dcb7571d9c2b"", ""new_message"": {""parts"": [{""text"": ""Query: My Microsoft Word keeps freezing every time I try to open a document, I've tried closing and reopening it but the issue persists, what can I do to fix it?\n\nContext:\n[row::3__chunk::1]  Files**\n\nCorrupt files can cause issues with Microsoft Office applications. Try opening a new, blank document to see if the issue persists. If the issue does not occur with a new document, it's possible that the original file is corrupt.\n\n**Step 5: Check for Conflicting Programs**\n\nOther programs running on your computer can conflict with Microsoft Office applications. Try closing all other programs and background applications to see if the issue resolves.\n\n**Step 6: Check Office Configuration**\n\nOffice configuration issues can cause problems with Microsoft Office applications. Try resetting Office configuration by following these steps:\n\n* Open the **Command Prompt** as an administrator.\n* Type the following command and press **Enter**: `officec2rclient.exe /uninstall`\n* Wait for the command to complete, then restart your computer.\n\n**Step 7: Reinstall Microsoft Office**\n\nIf none of the above steps resolve the issue, try reinstalling Microsoft Office. Go to the **Control Panel**, select **Programs and Features**, and uninstall Microsoft Office. Then, reinstall Microsoft Office from the company's software portal or by contacting the IT department.\n\n**Additional Troubleshooting Tip\n\n[row::3__chunk::0] **Troubleshooting Issues with Microsoft Office**\n\nThis article provides steps to troubleshoot common issues with Microsoft Office applications, including Word, Excel, PowerPoint, and Outlook.\n\n**Step 1: Restart Microsoft Office**\n\nBefore proceeding with troubleshooting, try restarting the Microsoft Office application that is experiencing issues. This simple step can often resolve problems caused by temporary glitches or corrupted files.\n\n**Step 2: Check for Updates**\n\nEnsure that Microsoft Office is up-to-date. Open any Microsoft Office application, go to **File** > **Account**, and click **Update Options**. If updates are available, install them and restart the application.\n\n**Step 3: Disable Add-ins**\n\nAdd-ins can sometimes cause issues with Microsoft Office applications. To disable add-ins, follow these steps:\n\n* Open the Microsoft Office application experiencing issues.\n* Go to **File** > **Options** > **Add-ins**.\n* Uncheck the boxes next to each add-in to disable them.\n* Click **OK** to save changes.\n\n**Step 4: Check for Corrupt Files**\n\nCorrupt files can cause issues with Microsoft Office applications. Try opening a new, blank document to see if the issue persists. If the is\n\n[row::3__chunk::2] soft Office. Then, reinstall Microsoft Office from the company's software portal or by contacting the IT department.\n\n**Additional Troubleshooting Tips**\n\n* Check for antivirus software conflicts, as some antivirus programs can interfere with Microsoft Office applications.\n* Ensure that your computer meets the system requirements for Microsoft Office.\n* If using a Microsoft Office template, try creating a new document from scratch to see if the issue persists.\n* If experiencing issues with a specific file, try opening the file on a different computer or in a different Microsoft Office application to isolate the problem.\n\nBy following these steps, you should be able to troubleshoot and resolve common issues with Microsoft Office applications. If the issue persists, contact the IT department for further assistance.\n\n[row::8__chunk::0] **Resetting a Jammed Printer**\n\n**Step 1: Turn Off the Printer**\n\nImmediately turn off the printer to prevent any further damage or paper jams. Locate the power button, usually found on the top or front of the printer, and press it to shut down the device.\n\n**Step 2: Open the Printer**\n\nLocate the printer's access panel, which varies depending on the printer model. Common locations include the top, front, or back of the printer. Open the panel by pressing the release latch or sliding it open. This will give you access to the internal mechanisms.\n\n**Step 3: Identify and Remove Jammed Paper**\n\nCarefully inspect the printer's internal mechanisms to locate the jammed paper. Gently pull out any visible paper scraps or torn pieces. Be cautious not to touch any internal components or rollers, as oils from your skin can cause damage.\n\n**Step 4: Check for Obstructions**\n\nInspect the printer's paper path, including the paper tray, rollers, and print head, for any obstructions or debris. Remove any dust, dirt, or other blockages that may be contributing to the jam.\n\n**Step 5: Realign the Paper Tray**\n\nIf the paper tray was dislodged during the jam, realign it according to the manufacturer's i\n\nAnswer:""}], ""role"": ""user""}, ""run_config"": {""save_input_blobs_as_artifacts"": false, ""support_cfc"": false, ""streaming_mode"": ""StreamingMode.NONE"", ""max_llm_calls"": 500}}",,"{""content"":{""parts"":[{""text"":""Here are some troubleshooting steps you can try:\n\n1.  **Restart Microsoft Office**: This can resolve temporary glitches [row::3__chunk::0].\n2.  **Check for Updates**: Make sure your Microsoft Office is up-to-date [row::3__chunk::0].\n3.  **Disable Add-ins**: Sometimes add-ins can cause issues [row::3__chunk::0].\n4.  **Check for Corrupt Files**: Try opening a new, blank document to see if the issue persists [row::3__chunk::1].\n5.  **Check for Conflicting Programs**: Other programs might be conflicting with Microsoft Office [row::3__chunk::1].\n6.  **Check Office Configuration**: Reset Office configuration [row::3__chunk::1].\n7.  **Reinstall Microsoft Office**: If nothing else works, try reinstalling Microsoft Office [row::3__chunk::1].\n""}],""role"":""model""},""usage_metadata"":{""candidates_token_count"":198,""candidates_tokens_details"":[{""modality"":""TEXT"",""token_count"":198}],""prompt_token_count"":1088,""prompt_tokens_details"":[{""modality"":""TEXT"",""token_count"":1088}],""total_token_count"":1286,""traffic_type"":""ON_DEMAND""},""invocation_id"":""e-1f0fadd3-e633-4879-9dfa-c5833a84bbdf"",""author"":""adk_rag_minimal_agent"",""actions"":{""state_delta"":{},""artifact_delta"":{},""requested_auth_configs"":{}},""id"":""BSdpCCVs"",""timestamp"":1755240633.190021}","{'query': ""My Microsoft Word keeps freezing every time I try to open a document, I've tried closing and reopening it but the issue persists, what can I do to fix it?"", 'context': ""[row::3__chunk::1]  Files**\n\nCorrupt files can cause issues with Microsoft Office applications. Try opening a new, blank document to see if the issue persists. If the issue does not occur with a new document, it's possible that the original file is corrupt.\n\n**Step 5: Check for Conflicting Programs**\n\nOther programs running on your computer can conflict with Microsoft Office applications. Try closing all other programs and background applications to see if the issue resolves.\n\n**Step 6: Check Office Configuration**\n\nOffice configuration issues can cause problems with Microsoft Office applications. Try resetting Office configuration by following these steps:\n\n* Open the **Command Prompt** as an administrator.\n* Type the following command and press **Enter**: `officec2rclient.exe /uninstall`\n* Wait for the command to complete, then restart your computer.\n\n**Step 7: Reinstall Microsoft Office**\n\nIf none of the above steps resolve the issue, try reinstalling Microsoft Office. Go to the **Control Panel**, select **Programs and Features**, and uninstall Microsoft Office. Then, reinstall Microsoft Office from the company's software portal or by contacting the IT department.\n\n**Additional Troubleshooting Tip\n\n[row::3__chunk::0] **Troubleshooting Issues with Microsoft Office**\n\nThis article provides steps to troubleshoot common issues with Microsoft Office applications, including Word, Excel, PowerPoint, and Outlook.\n\n**Step 1: Restart Microsoft Office**\n\nBefore proceeding with troubleshooting, try restarting the Microsoft Office application that is experiencing issues. This simple step can often resolve problems caused by temporary glitches or corrupted files.\n\n**Step 2: Check for Updates**\n\nEnsure that Microsoft Office is up-to-date. Open any Microsoft Office application, go to **File** > **Account**, and click **Update Options**. If updates are available, install them and restart the application.\n\n**Step 3: Disable Add-ins**\n\nAdd-ins can sometimes cause issues with Microsoft Office applications. To disable add-ins, follow these steps:\n\n* Open the Microsoft Office application experiencing issues.\n* Go to **File** > **Options** > **Add-ins**.\n* Uncheck the boxes next to each add-in to disable them.\n* Click **OK** to save changes.\n\n**Step 4: Check for Corrupt Files**\n\nCorrupt files can cause issues with Microsoft Office applications. Try opening a new, blank document to see if the issue persists. If the is\n\n[row::3__chunk::2] soft Office. Then, reinstall Microsoft Office from the company's software portal or by contacting the IT department.\n\n**Additional Troubleshooting Tips**\n\n* Check for antivirus software conflicts, as some antivirus programs can interfere with Microsoft Office applications.\n* Ensure that your computer meets the system requirements for Microsoft Office.\n* If using a Microsoft Office template, try creating a new document from scratch to see if the issue persists.\n* If experiencing issues with a specific file, try opening the file on a different computer or in a different Microsoft Office application to isolate the problem.\n\nBy following these steps, you should be able to troubleshoot and resolve common issues with Microsoft Office applications. If the issue persists, contact the IT department for further assistance.\n\n[row::8__chunk::0] **Resetting a Jammed Printer**\n\n**Step 1: Turn Off the Printer**\n\nImmediately turn off the printer to prevent any further damage or paper jams. Locate the power button, usually found on the top or front of the printer, and press it to shut down the device.\n\n**Step 2: Open the Printer**\n\nLocate the printer's access panel, which varies depending on the printer model. Common locations include the top, front, or back of the printer. Open the panel by pressing the release latch or sliding it open. This will give you access to the internal mechanisms.\n\n**Step 3: Identify and Remove Jammed Paper**\n\nCarefully inspect the printer's internal mechanisms to locate the jammed paper. Gently pull out any visible paper scraps or torn pieces. Be cautious not to touch any internal components or rollers, as oils from your skin can cause damage.\n\n**Step 4: Check for Obstructions**\n\nInspect the printer's paper path, including the paper tray, rollers, and print head, for any obstructions or debris. Remove any dust, dirt, or other blockages that may be contributing to the jam.\n\n**Step 5: Realign the Paper Tray**\n\nIf the paper tray was dislodged during the jam, realign it according to the manufacturer's i"", 'row_id_for_gt': 3, 'retrieval_chunk_ids': ['row::3__chunk::1', 'row::3__chunk::0', 'row::3__chunk::2', 'row::8__chunk::0'], 'retrieval_row_ids': [3, 3, 3, 8], 'retrieval_scores': [22.41808352, 19.6122071331, 18.0742497528, 16.9524251399], 'top_k': 4}",,,s-dcb7571d9c2b,,v1,"Query: {query}

Context:
{context}

Answer:"
call_llm,LLM,95f8ef45e9e52274,2025-08-15 06:50:35.654103+00:00,2025-08-15 06:50:38.092821+00:00,OK,,[],0457caa03286b6ec,bda0b6fc02ccd3c642b258320297e23e,u,application/json,LLM,application/json,"[{'message.role': 'system', 'message.content': 'You are a strict RAG agent. Use only the provided context. If the context does not contain the answer, reply that you don\'t know. Cite supporting chunk ids in square brackets, e.g., [row::12__chunk::0]. Be concise.\n\nYou are an agent. Your internal name is ""adk_rag_minimal_agent"".\n\n The description about you is ""Minimal RAG over CSV corpus""'}, {'message.role': 'user', 'message.contents': [{'message_content.type': 'text', 'message_content.text': 'Query: How do I set up a conference call on Cisco Webex with both video and audio for a meeting with multiple participants?\n\nContext:\n[row::4__chunk::0] To set up a conference call on Cisco Webex, follow these steps:\n\n**Step 1: Log in to Cisco Webex**\n\nOpen a web browser and navigate to [company Webex URL]. Enter your company login credentials to access the Webex portal.\n\n**Step 2: Schedule a Meeting**\n\nClick on the ""Meetings"" tab and select ""Schedule a Meeting"" from the drop-down menu. Fill in the required information, including:\n\n* Meeting topic\n* Start and end time\n* Duration\n* Invitees (add email addresses or names from the company directory)\n\n**Step 3: Configure Audio Settings**\n\nIn the ""Audio"" section, select ""Cisco Webex Audio"" as the default audio type. You can also choose to allow participants to join via phone or VoIP.\n\n**Step 4: Set Up Video Settings (Optional)**\n\nIf you want to enable video conferencing, click on the ""Video"" tab and select ""Cisco Webex Video"" as the default video type. You can also choose to allow participants to join via video.\n\n**Step 5: Add Agenda and Notes (Optional)**\n\nYou can add an agenda and notes to the meeting invitation by clicking on the ""Agenda"" tab. This information will be visible to all invitees.\n\n**Step 6: Send Invitations**\n\nClick ""Schedule"" to send the meeting invitation to all invite\n\n[row::4__chunk::2] ssues during the meeting, try restarting your audio or video settings or contacting the IT helpdesk for assistance.\n\nBy following these steps, you can successfully set up and host a conference call on Cisco Webex. If you have any further questions or issues, please contact the IT helpdesk for assistance.\n\n[row::4__chunk::1] a"" tab. This information will be visible to all invitees.\n\n**Step 6: Send Invitations**\n\nClick ""Schedule"" to send the meeting invitation to all invitees. The invitation will include a link to join the meeting, as well as dial-in information for audio-only participants.\n\n**Step 7: Start the Meeting**\n\nAt the scheduled start time, click on the ""Start"" button to begin the conference call. As the host, you will be prompted to enter your audio and video settings before joining the meeting.\n\n**Tips and Best Practices**\n\n* Make sure to test your audio and video settings before the meeting to ensure a smooth experience.\n* Encourage invitees to join the meeting 5-10 minutes early to troubleshoot any technical issues.\n* Use the ""Mute"" feature to minimize background noise and ensure clear audio.\n* Use the ""Share"" feature to share your screen or presentations with participants.\n\n**Troubleshooting**\n\n* If you encounter issues joining the meeting, try restarting your browser or checking your internet connection.\n* If you experience audio or video issues during the meeting, try restarting your audio or video settings or contacting the IT helpdesk for assistance.\n\nBy following these steps, you can\n\n[row::7__chunk::1] (SSID). Enable WPA2-PSK or WPA3-PSK encryption and set the password created in Step 3. Save your changes.\n\n**Step 5: Set Up a Guest Network (Optional)**\n\nIf you need to provide wireless access to guests or visitors, set up a separate guest network. This will isolate your main network from potential security risks. Configure the guest network with a different SSID and password.\n\n**Step 6: Configure Firewall Settings**\n\nEnable the firewall on your router and configure it to block incoming and outgoing traffic on unnecessary ports. Restrict access to your network by only allowing necessary incoming traffic.\n\n**Step 7: Set Up Quality of Service (QoS)**\n\nConfigure QoS settings on your router to prioritize critical network traffic, such as video conferencing or VoIP calls. This ensures that critical applications receive sufficient bandwidth.\n\n**Step 8: Implement Network Segmentation**\n\nSegment your network into different zones or subnets to restrict access to sensitive areas of your network. This limits the spread of malware or unauthorized access in case of a breach.\n\n**Step 9: Regularly Update Your Router\'s Firmware**\n\nRegularly check for and install firmware updates for your router to\n\nAnswer:'}]}]","{'vertex': {'agent': {'llm_response': '{""content"":{""parts"":[{""text"":""To set up a conference call on Cisco Webex with both video and audio, follow these steps:\\n\\n1.  Log in to Cisco Webex using your company credentials [row::4__chunk::0].\\n2.  Schedule a meeting, filling in the required information such as meeting topic, start and end time, duration, and invitees [row::4__chunk::0].\\n3.  In the \\""Audio\\"" section, select \\""Cisco Webex Audio\\"" as the default audio type [row::4__chunk::0].\\n4.  To enable video conferencing, click on the \\""Video\\"" tab and select \\""Cisco Webex Video\\"" as the default video type [row::4__chunk::0].\\n5.  Send the meeting invitation to all invitees by clicking \\""Schedule\\"" [row::4__chunk::0, row::4__chunk::1].\\n""}],""role"":""model""},""usage_metadata"":{""candidates_token_count"":185,""candidates_tokens_details"":[{""modality"":""TEXT"",""token_count"":185}],""prompt_token_count"":1012,""prompt_tokens_details"":[{""modality"":""TEXT"",""token_count"":1012}],""total_token_count"":1197,""traffic_type"":""ON_DEMAND""}}', 'llm_request': '{""model"": ""gemini-2.0-flash"", ""config"": {""system_instruction"": ""You are a strict RAG agent. Use only the provided context. If the context does not contain the answer, reply that you don\'t know. Cite supporting chunk ids in square brackets, e.g., [row::12__chunk::0]. Be concise.\\n\\nYou are an agent. Your internal name is \\""adk_rag_minimal_agent\\"".\\n\\n The description about you is \\""Minimal RAG over CSV corpus\\"""", ""temperature"": 0.0, ""labels"": {""adk_agent_name"": ""adk_rag_minimal_agent""}}, ""contents"": [{""parts"": [{""text"": ""Query: How do I set up a conference call on Cisco Webex with both video and audio for a meeting with multiple participants?\\n\\nContext:\\n[row::4__chunk::0] To set up a conference call on Cisco Webex, follow these steps:\\n\\n**Step 1: Log in to Cisco Webex**\\n\\nOpen a web browser and navigate to [company Webex URL]. Enter your company login credentials to access the Webex portal.\\n\\n**Step 2: Schedule a Meeting**\\n\\nClick on the \\""Meetings\\"" tab and select \\""Schedule a Meeting\\"" from the drop-down menu. Fill in the required information, including:\\n\\n* Meeting topic\\n* Start and end time\\n* Duration\\n* Invitees (add email addresses or names from the company directory)\\n\\n**Step 3: Configure Audio Settings**\\n\\nIn the \\""Audio\\"" section, select \\""Cisco Webex Audio\\"" as the default audio type. You can also choose to allow participants to join via phone or VoIP.\\n\\n**Step 4: Set Up Video Settings (Optional)**\\n\\nIf you want to enable video conferencing, click on the \\""Video\\"" tab and select \\""Cisco Webex Video\\"" as the default video type. You can also choose to allow participants to join via video.\\n\\n**Step 5: Add Agenda and Notes (Optional)**\\n\\nYou can add an agenda and notes to the meeting invitation by clicking on the \\""Agenda\\"" tab. This information will be visible to all invitees.\\n\\n**Step 6: Send Invitations**\\n\\nClick \\""Schedule\\"" to send the meeting invitation to all invite\\n\\n[row::4__chunk::2] ssues during the meeting, try restarting your audio or video settings or contacting the IT helpdesk for assistance.\\n\\nBy following these steps, you can successfully set up and host a conference call on Cisco Webex. If you have any further questions or issues, please contact the IT helpdesk for assistance.\\n\\n[row::4__chunk::1] a\\"" tab. This information will be visible to all invitees.\\n\\n**Step 6: Send Invitations**\\n\\nClick \\""Schedule\\"" to send the meeting invitation to all invitees. The invitation will include a link to join the meeting, as well as dial-in information for audio-only participants.\\n\\n**Step 7: Start the Meeting**\\n\\nAt the scheduled start time, click on the \\""Start\\"" button to begin the conference call. As the host, you will be prompted to enter your audio and video settings before joining the meeting.\\n\\n**Tips and Best Practices**\\n\\n* Make sure to test your audio and video settings before the meeting to ensure a smooth experience.\\n* Encourage invitees to join the meeting 5-10 minutes early to troubleshoot any technical issues.\\n* Use the \\""Mute\\"" feature to minimize background noise and ensure clear audio.\\n* Use the \\""Share\\"" feature to share your screen or presentations with participants.\\n\\n**Troubleshooting**\\n\\n* If you encounter issues joining the meeting, try restarting your browser or checking your internet connection.\\n* If you experience audio or video issues during the meeting, try restarting your audio or video settings or contacting the IT helpdesk for assistance.\\n\\nBy following these steps, you can\\n\\n[row::7__chunk::1] (SSID). Enable WPA2-PSK or WPA3-PSK encryption and set the password created in Step 3. Save your changes.\\n\\n**Step 5: Set Up a Guest Network (Optional)**\\n\\nIf you need to provide wireless access to guests or visitors, set up a separate guest network. This will isolate your main network from potential security risks. Configure the guest network with a different SSID and password.\\n\\n**Step 6: Configure Firewall Settings**\\n\\nEnable the firewall on your router and configure it to block incoming and outgoing traffic on unnecessary ports. Restrict access to your network by only allowing necessary incoming traffic.\\n\\n**Step 7: Set Up Quality of Service (QoS)**\\n\\nConfigure QoS settings on your router to prioritize critical network traffic, such as video conferencing or VoIP calls. This ensures that critical applications receive sufficient bandwidth.\\n\\n**Step 8: Implement Network Segmentation**\\n\\nSegment your network into different zones or subnets to restrict access to sensitive areas of your network. This limits the spread of malware or unauthorized access in case of a breach.\\n\\n**Step 9: Regularly Update Your Router\'s Firmware**\\n\\nRegularly check for and install firmware updates for your router to\\n\\nAnswer:""}], ""role"": ""user""}]}', 'session_id': 's-9b6c54073c56', 'invocation_id': 'e-1f0cd758-770c-45f2-84ad-828376653362', 'event_id': 'TqKgEmqP'}}}","{""system_instruction"":""You are a strict RAG agent. Use only the provided context. If the context does not contain the answer, reply that you don't know. Cite supporting chunk ids in square brackets, e.g., [row::12__chunk::0]. Be concise.\n\nYou are an agent. Your internal name is \""adk_rag_minimal_agent\"".\n\n The description about you is \""Minimal RAG over CSV corpus\"""",""temperature"":0.0,""labels"":{""adk_agent_name"":""adk_rag_minimal_agent""}}",1197.0,185.0,"{'system': 'gcp.vertex.agent', 'request': {'model': 'gemini-2.0-flash'}}","{""model"": ""gemini-2.0-flash"", ""config"": {""system_instruction"": ""You are a strict RAG agent. Use only the provided context. If the context does not contain the answer, reply that you don't know. Cite supporting chunk ids in square brackets, e.g., [row::12__chunk::0]. Be concise.\n\nYou are an agent. Your internal name is \""adk_rag_minimal_agent\"".\n\n The description about you is \""Minimal RAG over CSV corpus\"""", ""temperature"": 0.0, ""labels"": {""adk_agent_name"": ""adk_rag_minimal_agent""}}, ""contents"": [{""parts"": [{""text"": ""Query: How do I set up a conference call on Cisco Webex with both video and audio for a meeting with multiple participants?\n\nContext:\n[row::4__chunk::0] To set up a conference call on Cisco Webex, follow these steps:\n\n**Step 1: Log in to Cisco Webex**\n\nOpen a web browser and navigate to [company Webex URL]. Enter your company login credentials to access the Webex portal.\n\n**Step 2: Schedule a Meeting**\n\nClick on the \""Meetings\"" tab and select \""Schedule a Meeting\"" from the drop-down menu. Fill in the required information, including:\n\n* Meeting topic\n* Start and end time\n* Duration\n* Invitees (add email addresses or names from the company directory)\n\n**Step 3: Configure Audio Settings**\n\nIn the \""Audio\"" section, select \""Cisco Webex Audio\"" as the default audio type. You can also choose to allow participants to join via phone or VoIP.\n\n**Step 4: Set Up Video Settings (Optional)**\n\nIf you want to enable video conferencing, click on the \""Video\"" tab and select \""Cisco Webex Video\"" as the default video type. You can also choose to allow participants to join via video.\n\n**Step 5: Add Agenda and Notes (Optional)**\n\nYou can add an agenda and notes to the meeting invitation by clicking on the \""Agenda\"" tab. This information will be visible to all invitees.\n\n**Step 6: Send Invitations**\n\nClick \""Schedule\"" to send the meeting invitation to all invite\n\n[row::4__chunk::2] ssues during the meeting, try restarting your audio or video settings or contacting the IT helpdesk for assistance.\n\nBy following these steps, you can successfully set up and host a conference call on Cisco Webex. If you have any further questions or issues, please contact the IT helpdesk for assistance.\n\n[row::4__chunk::1] a\"" tab. This information will be visible to all invitees.\n\n**Step 6: Send Invitations**\n\nClick \""Schedule\"" to send the meeting invitation to all invitees. The invitation will include a link to join the meeting, as well as dial-in information for audio-only participants.\n\n**Step 7: Start the Meeting**\n\nAt the scheduled start time, click on the \""Start\"" button to begin the conference call. As the host, you will be prompted to enter your audio and video settings before joining the meeting.\n\n**Tips and Best Practices**\n\n* Make sure to test your audio and video settings before the meeting to ensure a smooth experience.\n* Encourage invitees to join the meeting 5-10 minutes early to troubleshoot any technical issues.\n* Use the \""Mute\"" feature to minimize background noise and ensure clear audio.\n* Use the \""Share\"" feature to share your screen or presentations with participants.\n\n**Troubleshooting**\n\n* If you encounter issues joining the meeting, try restarting your browser or checking your internet connection.\n* If you experience audio or video issues during the meeting, try restarting your audio or video settings or contacting the IT helpdesk for assistance.\n\nBy following these steps, you can\n\n[row::7__chunk::1] (SSID). Enable WPA2-PSK or WPA3-PSK encryption and set the password created in Step 3. Save your changes.\n\n**Step 5: Set Up a Guest Network (Optional)**\n\nIf you need to provide wireless access to guests or visitors, set up a separate guest network. This will isolate your main network from potential security risks. Configure the guest network with a different SSID and password.\n\n**Step 6: Configure Firewall Settings**\n\nEnable the firewall on your router and configure it to block incoming and outgoing traffic on unnecessary ports. Restrict access to your network by only allowing necessary incoming traffic.\n\n**Step 7: Set Up Quality of Service (QoS)**\n\nConfigure QoS settings on your router to prioritize critical network traffic, such as video conferencing or VoIP calls. This ensures that critical applications receive sufficient bandwidth.\n\n**Step 8: Implement Network Segmentation**\n\nSegment your network into different zones or subnets to restrict access to sensitive areas of your network. This limits the spread of malware or unauthorized access in case of a breach.\n\n**Step 9: Regularly Update Your Router's Firmware**\n\nRegularly check for and install firmware updates for your router to\n\nAnswer:""}], ""role"": ""user""}]}",1012.0,"{""content"":{""parts"":[{""text"":""To set up a conference call on Cisco Webex with both video and audio, follow these steps:\n\n1.  Log in to Cisco Webex using your company credentials [row::4__chunk::0].\n2.  Schedule a meeting, filling in the required information such as meeting topic, start and end time, duration, and invitees [row::4__chunk::0].\n3.  In the \""Audio\"" section, select \""Cisco Webex Audio\"" as the default audio type [row::4__chunk::0].\n4.  To enable video conferencing, click on the \""Video\"" tab and select \""Cisco Webex Video\"" as the default video type [row::4__chunk::0].\n5.  Send the meeting invitation to all invitees by clicking \""Schedule\"" [row::4__chunk::0, row::4__chunk::1].\n""}],""role"":""model""},""usage_metadata"":{""candidates_token_count"":185,""candidates_tokens_details"":[{""modality"":""TEXT"",""token_count"":185}],""prompt_token_count"":1012,""prompt_tokens_details"":[{""modality"":""TEXT"",""token_count"":1012}],""total_token_count"":1197,""traffic_type"":""ON_DEMAND""}}","{'query': 'How do I set up a conference call on Cisco Webex with both video and audio for a meeting with multiple participants?', 'context': '[row::4__chunk::0] To set up a conference call on Cisco Webex, follow these steps:\n\n**Step 1: Log in to Cisco Webex**\n\nOpen a web browser and navigate to [company Webex URL]. Enter your company login credentials to access the Webex portal.\n\n**Step 2: Schedule a Meeting**\n\nClick on the ""Meetings"" tab and select ""Schedule a Meeting"" from the drop-down menu. Fill in the required information, including:\n\n* Meeting topic\n* Start and end time\n* Duration\n* Invitees (add email addresses or names from the company directory)\n\n**Step 3: Configure Audio Settings**\n\nIn the ""Audio"" section, select ""Cisco Webex Audio"" as the default audio type. You can also choose to allow participants to join via phone or VoIP.\n\n**Step 4: Set Up Video Settings (Optional)**\n\nIf you want to enable video conferencing, click on the ""Video"" tab and select ""Cisco Webex Video"" as the default video type. You can also choose to allow participants to join via video.\n\n**Step 5: Add Agenda and Notes (Optional)**\n\nYou can add an agenda and notes to the meeting invitation by clicking on the ""Agenda"" tab. This information will be visible to all invitees.\n\n**Step 6: Send Invitations**\n\nClick ""Schedule"" to send the meeting invitation to all invite\n\n[row::4__chunk::2] ssues during the meeting, try restarting your audio or video settings or contacting the IT helpdesk for assistance.\n\nBy following these steps, you can successfully set up and host a conference call on Cisco Webex. If you have any further questions or issues, please contact the IT helpdesk for assistance.\n\n[row::4__chunk::1] a"" tab. This information will be visible to all invitees.\n\n**Step 6: Send Invitations**\n\nClick ""Schedule"" to send the meeting invitation to all invitees. The invitation will include a link to join the meeting, as well as dial-in information for audio-only participants.\n\n**Step 7: Start the Meeting**\n\nAt the scheduled start time, click on the ""Start"" button to begin the conference call. As the host, you will be prompted to enter your audio and video settings before joining the meeting.\n\n**Tips and Best Practices**\n\n* Make sure to test your audio and video settings before the meeting to ensure a smooth experience.\n* Encourage invitees to join the meeting 5-10 minutes early to troubleshoot any technical issues.\n* Use the ""Mute"" feature to minimize background noise and ensure clear audio.\n* Use the ""Share"" feature to share your screen or presentations with participants.\n\n**Troubleshooting**\n\n* If you encounter issues joining the meeting, try restarting your browser or checking your internet connection.\n* If you experience audio or video issues during the meeting, try restarting your audio or video settings or contacting the IT helpdesk for assistance.\n\nBy following these steps, you can\n\n[row::7__chunk::1] (SSID). Enable WPA2-PSK or WPA3-PSK encryption and set the password created in Step 3. Save your changes.\n\n**Step 5: Set Up a Guest Network (Optional)**\n\nIf you need to provide wireless access to guests or visitors, set up a separate guest network. This will isolate your main network from potential security risks. Configure the guest network with a different SSID and password.\n\n**Step 6: Configure Firewall Settings**\n\nEnable the firewall on your router and configure it to block incoming and outgoing traffic on unnecessary ports. Restrict access to your network by only allowing necessary incoming traffic.\n\n**Step 7: Set Up Quality of Service (QoS)**\n\nConfigure QoS settings on your router to prioritize critical network traffic, such as video conferencing or VoIP calls. This ensures that critical applications receive sufficient bandwidth.\n\n**Step 8: Implement Network Segmentation**\n\nSegment your network into different zones or subnets to restrict access to sensitive areas of your network. This limits the spread of malware or unauthorized access in case of a breach.\n\n**Step 9: Regularly Update Your Router\'s Firmware**\n\nRegularly check for and install firmware updates for your router to', 'row_id_for_gt': 4, 'retrieval_chunk_ids': ['row::4__chunk::0', 'row::4__chunk::2', 'row::4__chunk::1', 'row::7__chunk::1'], 'retrieval_row_ids': [4, 4, 4, 7], 'retrieval_scores': [31.3037687004, 26.848242268, 23.0509343235, 9.1081086602], 'top_k': 4}",google,gemini-2.0-flash,s-9b6c54073c56,"[{'message.role': 'model', 'message.contents': [{'message_content.type': 'text', 'message_content.text': 'To set up a conference call on Cisco Webex with both video and audio, follow these steps:\n\n1.  Log in to Cisco Webex using your company credentials [row::4__chunk::0].\n2.  Schedule a meeting, filling in the required information such as meeting topic, start and end time, duration, and invitees [row::4__chunk::0].\n3.  In the ""Audio"" section, select ""Cisco Webex Audio"" as the default audio type [row::4__chunk::0].\n4.  To enable video conferencing, click on the ""Video"" tab and select ""Cisco Webex Video"" as the default video type [row::4__chunk::0].\n5.  Send the meeting invitation to all invitees by clicking ""Schedule"" [row::4__chunk::0, row::4__chunk::1].\n'}]}]",v1,"Query: {query}

Context:
{context}

Answer:"
agent_run [adk_rag_minimal_agent],AGENT,f1ec3a0f931d0d95,2025-08-15 06:50:35.653501+00:00,2025-08-15 06:50:38.099598+00:00,OK,,[],95f8ef45e9e52274,bda0b6fc02ccd3c642b258320297e23e,u,,AGENT,application/json,,,,,,,,,"{""content"":{""parts"":[{""text"":""To set up a conference call on Cisco Webex with both video and audio, follow these steps:\n\n1.  Log in to Cisco Webex using your company credentials [row::4__chunk::0].\n2.  Schedule a meeting, filling in the required information such as meeting topic, start and end time, duration, and invitees [row::4__chunk::0].\n3.  In the \""Audio\"" section, select \""Cisco Webex Audio\"" as the default audio type [row::4__chunk::0].\n4.  To enable video conferencing, click on the \""Video\"" tab and select \""Cisco Webex Video\"" as the default video type [row::4__chunk::0].\n5.  Send the meeting invitation to all invitees by clicking \""Schedule\"" [row::4__chunk::0, row::4__chunk::1].\n""}],""role"":""model""},""usage_metadata"":{""candidates_token_count"":185,""candidates_tokens_details"":[{""modality"":""TEXT"",""token_count"":185}],""prompt_token_count"":1012,""prompt_tokens_details"":[{""modality"":""TEXT"",""token_count"":1012}],""total_token_count"":1197,""traffic_type"":""ON_DEMAND""},""invocation_id"":""e-1f0cd758-770c-45f2-84ad-828376653362"",""author"":""adk_rag_minimal_agent"",""actions"":{""state_delta"":{},""artifact_delta"":{},""requested_auth_configs"":{}},""id"":""TqKgEmqP"",""timestamp"":1755240635.653977}","{'query': 'How do I set up a conference call on Cisco Webex with both video and audio for a meeting with multiple participants?', 'context': '[row::4__chunk::0] To set up a conference call on Cisco Webex, follow these steps:\n\n**Step 1: Log in to Cisco Webex**\n\nOpen a web browser and navigate to [company Webex URL]. Enter your company login credentials to access the Webex portal.\n\n**Step 2: Schedule a Meeting**\n\nClick on the ""Meetings"" tab and select ""Schedule a Meeting"" from the drop-down menu. Fill in the required information, including:\n\n* Meeting topic\n* Start and end time\n* Duration\n* Invitees (add email addresses or names from the company directory)\n\n**Step 3: Configure Audio Settings**\n\nIn the ""Audio"" section, select ""Cisco Webex Audio"" as the default audio type. You can also choose to allow participants to join via phone or VoIP.\n\n**Step 4: Set Up Video Settings (Optional)**\n\nIf you want to enable video conferencing, click on the ""Video"" tab and select ""Cisco Webex Video"" as the default video type. You can also choose to allow participants to join via video.\n\n**Step 5: Add Agenda and Notes (Optional)**\n\nYou can add an agenda and notes to the meeting invitation by clicking on the ""Agenda"" tab. This information will be visible to all invitees.\n\n**Step 6: Send Invitations**\n\nClick ""Schedule"" to send the meeting invitation to all invite\n\n[row::4__chunk::2] ssues during the meeting, try restarting your audio or video settings or contacting the IT helpdesk for assistance.\n\nBy following these steps, you can successfully set up and host a conference call on Cisco Webex. If you have any further questions or issues, please contact the IT helpdesk for assistance.\n\n[row::4__chunk::1] a"" tab. This information will be visible to all invitees.\n\n**Step 6: Send Invitations**\n\nClick ""Schedule"" to send the meeting invitation to all invitees. The invitation will include a link to join the meeting, as well as dial-in information for audio-only participants.\n\n**Step 7: Start the Meeting**\n\nAt the scheduled start time, click on the ""Start"" button to begin the conference call. As the host, you will be prompted to enter your audio and video settings before joining the meeting.\n\n**Tips and Best Practices**\n\n* Make sure to test your audio and video settings before the meeting to ensure a smooth experience.\n* Encourage invitees to join the meeting 5-10 minutes early to troubleshoot any technical issues.\n* Use the ""Mute"" feature to minimize background noise and ensure clear audio.\n* Use the ""Share"" feature to share your screen or presentations with participants.\n\n**Troubleshooting**\n\n* If you encounter issues joining the meeting, try restarting your browser or checking your internet connection.\n* If you experience audio or video issues during the meeting, try restarting your audio or video settings or contacting the IT helpdesk for assistance.\n\nBy following these steps, you can\n\n[row::7__chunk::1] (SSID). Enable WPA2-PSK or WPA3-PSK encryption and set the password created in Step 3. Save your changes.\n\n**Step 5: Set Up a Guest Network (Optional)**\n\nIf you need to provide wireless access to guests or visitors, set up a separate guest network. This will isolate your main network from potential security risks. Configure the guest network with a different SSID and password.\n\n**Step 6: Configure Firewall Settings**\n\nEnable the firewall on your router and configure it to block incoming and outgoing traffic on unnecessary ports. Restrict access to your network by only allowing necessary incoming traffic.\n\n**Step 7: Set Up Quality of Service (QoS)**\n\nConfigure QoS settings on your router to prioritize critical network traffic, such as video conferencing or VoIP calls. This ensures that critical applications receive sufficient bandwidth.\n\n**Step 8: Implement Network Segmentation**\n\nSegment your network into different zones or subnets to restrict access to sensitive areas of your network. This limits the spread of malware or unauthorized access in case of a breach.\n\n**Step 9: Regularly Update Your Router\'s Firmware**\n\nRegularly check for and install firmware updates for your router to', 'row_id_for_gt': 4, 'retrieval_chunk_ids': ['row::4__chunk::0', 'row::4__chunk::2', 'row::4__chunk::1', 'row::7__chunk::1'], 'retrieval_row_ids': [4, 4, 4, 7], 'retrieval_scores': [31.3037687004, 26.848242268, 23.0509343235, 9.1081086602], 'top_k': 4}",,,s-9b6c54073c56,,v1,"Query: {query}

Context:
{context}

Answer:"
invocation [adk_rag_minimal],CHAIN,,2025-08-15 06:50:35.652993+00:00,2025-08-15 06:50:38.101337+00:00,OK,,[],f1ec3a0f931d0d95,bda0b6fc02ccd3c642b258320297e23e,u,application/json,CHAIN,application/json,,,,,,,"{""user_id"": ""u"", ""session_id"": ""s-9b6c54073c56"", ""new_message"": {""parts"": [{""text"": ""Query: How do I set up a conference call on Cisco Webex with both video and audio for a meeting with multiple participants?\n\nContext:\n[row::4__chunk::0] To set up a conference call on Cisco Webex, follow these steps:\n\n**Step 1: Log in to Cisco Webex**\n\nOpen a web browser and navigate to [company Webex URL]. Enter your company login credentials to access the Webex portal.\n\n**Step 2: Schedule a Meeting**\n\nClick on the \""Meetings\"" tab and select \""Schedule a Meeting\"" from the drop-down menu. Fill in the required information, including:\n\n* Meeting topic\n* Start and end time\n* Duration\n* Invitees (add email addresses or names from the company directory)\n\n**Step 3: Configure Audio Settings**\n\nIn the \""Audio\"" section, select \""Cisco Webex Audio\"" as the default audio type. You can also choose to allow participants to join via phone or VoIP.\n\n**Step 4: Set Up Video Settings (Optional)**\n\nIf you want to enable video conferencing, click on the \""Video\"" tab and select \""Cisco Webex Video\"" as the default video type. You can also choose to allow participants to join via video.\n\n**Step 5: Add Agenda and Notes (Optional)**\n\nYou can add an agenda and notes to the meeting invitation by clicking on the \""Agenda\"" tab. This information will be visible to all invitees.\n\n**Step 6: Send Invitations**\n\nClick \""Schedule\"" to send the meeting invitation to all invite\n\n[row::4__chunk::2] ssues during the meeting, try restarting your audio or video settings or contacting the IT helpdesk for assistance.\n\nBy following these steps, you can successfully set up and host a conference call on Cisco Webex. If you have any further questions or issues, please contact the IT helpdesk for assistance.\n\n[row::4__chunk::1] a\"" tab. This information will be visible to all invitees.\n\n**Step 6: Send Invitations**\n\nClick \""Schedule\"" to send the meeting invitation to all invitees. The invitation will include a link to join the meeting, as well as dial-in information for audio-only participants.\n\n**Step 7: Start the Meeting**\n\nAt the scheduled start time, click on the \""Start\"" button to begin the conference call. As the host, you will be prompted to enter your audio and video settings before joining the meeting.\n\n**Tips and Best Practices**\n\n* Make sure to test your audio and video settings before the meeting to ensure a smooth experience.\n* Encourage invitees to join the meeting 5-10 minutes early to troubleshoot any technical issues.\n* Use the \""Mute\"" feature to minimize background noise and ensure clear audio.\n* Use the \""Share\"" feature to share your screen or presentations with participants.\n\n**Troubleshooting**\n\n* If you encounter issues joining the meeting, try restarting your browser or checking your internet connection.\n* If you experience audio or video issues during the meeting, try restarting your audio or video settings or contacting the IT helpdesk for assistance.\n\nBy following these steps, you can\n\n[row::7__chunk::1] (SSID). Enable WPA2-PSK or WPA3-PSK encryption and set the password created in Step 3. Save your changes.\n\n**Step 5: Set Up a Guest Network (Optional)**\n\nIf you need to provide wireless access to guests or visitors, set up a separate guest network. This will isolate your main network from potential security risks. Configure the guest network with a different SSID and password.\n\n**Step 6: Configure Firewall Settings**\n\nEnable the firewall on your router and configure it to block incoming and outgoing traffic on unnecessary ports. Restrict access to your network by only allowing necessary incoming traffic.\n\n**Step 7: Set Up Quality of Service (QoS)**\n\nConfigure QoS settings on your router to prioritize critical network traffic, such as video conferencing or VoIP calls. This ensures that critical applications receive sufficient bandwidth.\n\n**Step 8: Implement Network Segmentation**\n\nSegment your network into different zones or subnets to restrict access to sensitive areas of your network. This limits the spread of malware or unauthorized access in case of a breach.\n\n**Step 9: Regularly Update Your Router's Firmware**\n\nRegularly check for and install firmware updates for your router to\n\nAnswer:""}], ""role"": ""user""}, ""run_config"": {""save_input_blobs_as_artifacts"": false, ""support_cfc"": false, ""streaming_mode"": ""StreamingMode.NONE"", ""max_llm_calls"": 500}}",,"{""content"":{""parts"":[{""text"":""To set up a conference call on Cisco Webex with both video and audio, follow these steps:\n\n1.  Log in to Cisco Webex using your company credentials [row::4__chunk::0].\n2.  Schedule a meeting, filling in the required information such as meeting topic, start and end time, duration, and invitees [row::4__chunk::0].\n3.  In the \""Audio\"" section, select \""Cisco Webex Audio\"" as the default audio type [row::4__chunk::0].\n4.  To enable video conferencing, click on the \""Video\"" tab and select \""Cisco Webex Video\"" as the default video type [row::4__chunk::0].\n5.  Send the meeting invitation to all invitees by clicking \""Schedule\"" [row::4__chunk::0, row::4__chunk::1].\n""}],""role"":""model""},""usage_metadata"":{""candidates_token_count"":185,""candidates_tokens_details"":[{""modality"":""TEXT"",""token_count"":185}],""prompt_token_count"":1012,""prompt_tokens_details"":[{""modality"":""TEXT"",""token_count"":1012}],""total_token_count"":1197,""traffic_type"":""ON_DEMAND""},""invocation_id"":""e-1f0cd758-770c-45f2-84ad-828376653362"",""author"":""adk_rag_minimal_agent"",""actions"":{""state_delta"":{},""artifact_delta"":{},""requested_auth_configs"":{}},""id"":""TqKgEmqP"",""timestamp"":1755240635.653977}","{'query': 'How do I set up a conference call on Cisco Webex with both video and audio for a meeting with multiple participants?', 'context': '[row::4__chunk::0] To set up a conference call on Cisco Webex, follow these steps:\n\n**Step 1: Log in to Cisco Webex**\n\nOpen a web browser and navigate to [company Webex URL]. Enter your company login credentials to access the Webex portal.\n\n**Step 2: Schedule a Meeting**\n\nClick on the ""Meetings"" tab and select ""Schedule a Meeting"" from the drop-down menu. Fill in the required information, including:\n\n* Meeting topic\n* Start and end time\n* Duration\n* Invitees (add email addresses or names from the company directory)\n\n**Step 3: Configure Audio Settings**\n\nIn the ""Audio"" section, select ""Cisco Webex Audio"" as the default audio type. You can also choose to allow participants to join via phone or VoIP.\n\n**Step 4: Set Up Video Settings (Optional)**\n\nIf you want to enable video conferencing, click on the ""Video"" tab and select ""Cisco Webex Video"" as the default video type. You can also choose to allow participants to join via video.\n\n**Step 5: Add Agenda and Notes (Optional)**\n\nYou can add an agenda and notes to the meeting invitation by clicking on the ""Agenda"" tab. This information will be visible to all invitees.\n\n**Step 6: Send Invitations**\n\nClick ""Schedule"" to send the meeting invitation to all invite\n\n[row::4__chunk::2] ssues during the meeting, try restarting your audio or video settings or contacting the IT helpdesk for assistance.\n\nBy following these steps, you can successfully set up and host a conference call on Cisco Webex. If you have any further questions or issues, please contact the IT helpdesk for assistance.\n\n[row::4__chunk::1] a"" tab. This information will be visible to all invitees.\n\n**Step 6: Send Invitations**\n\nClick ""Schedule"" to send the meeting invitation to all invitees. The invitation will include a link to join the meeting, as well as dial-in information for audio-only participants.\n\n**Step 7: Start the Meeting**\n\nAt the scheduled start time, click on the ""Start"" button to begin the conference call. As the host, you will be prompted to enter your audio and video settings before joining the meeting.\n\n**Tips and Best Practices**\n\n* Make sure to test your audio and video settings before the meeting to ensure a smooth experience.\n* Encourage invitees to join the meeting 5-10 minutes early to troubleshoot any technical issues.\n* Use the ""Mute"" feature to minimize background noise and ensure clear audio.\n* Use the ""Share"" feature to share your screen or presentations with participants.\n\n**Troubleshooting**\n\n* If you encounter issues joining the meeting, try restarting your browser or checking your internet connection.\n* If you experience audio or video issues during the meeting, try restarting your audio or video settings or contacting the IT helpdesk for assistance.\n\nBy following these steps, you can\n\n[row::7__chunk::1] (SSID). Enable WPA2-PSK or WPA3-PSK encryption and set the password created in Step 3. Save your changes.\n\n**Step 5: Set Up a Guest Network (Optional)**\n\nIf you need to provide wireless access to guests or visitors, set up a separate guest network. This will isolate your main network from potential security risks. Configure the guest network with a different SSID and password.\n\n**Step 6: Configure Firewall Settings**\n\nEnable the firewall on your router and configure it to block incoming and outgoing traffic on unnecessary ports. Restrict access to your network by only allowing necessary incoming traffic.\n\n**Step 7: Set Up Quality of Service (QoS)**\n\nConfigure QoS settings on your router to prioritize critical network traffic, such as video conferencing or VoIP calls. This ensures that critical applications receive sufficient bandwidth.\n\n**Step 8: Implement Network Segmentation**\n\nSegment your network into different zones or subnets to restrict access to sensitive areas of your network. This limits the spread of malware or unauthorized access in case of a breach.\n\n**Step 9: Regularly Update Your Router\'s Firmware**\n\nRegularly check for and install firmware updates for your router to', 'row_id_for_gt': 4, 'retrieval_chunk_ids': ['row::4__chunk::0', 'row::4__chunk::2', 'row::4__chunk::1', 'row::7__chunk::1'], 'retrieval_row_ids': [4, 4, 4, 7], 'retrieval_scores': [31.3037687004, 26.848242268, 23.0509343235, 9.1081086602], 'top_k': 4}",,,s-9b6c54073c56,,v1,"Query: {query}

Context:
{context}

Answer:"
call_llm,LLM,582bd72bd9ca315f,2025-08-15 06:50:38.106389+00:00,2025-08-15 06:50:40.011245+00:00,OK,,[],4bef5dc088b4c843,189a451b8c15e53a1060b276ad01757a,u,application/json,LLM,application/json,"[{'message.role': 'system', 'message.content': 'You are a strict RAG agent. Use only the provided context. If the context does not contain the answer, reply that you don\'t know. Cite supporting chunk ids in square brackets, e.g., [row::12__chunk::0]. Be concise.\n\nYou are an agent. Your internal name is ""adk_rag_minimal_agent"".\n\n The description about you is ""Minimal RAG over CSV corpus""'}, {'message.role': 'user', 'message.contents': [{'message_content.type': 'text', 'message_content.text': ""Query: How do I back up my important work files to prevent data loss?\n\nContext:\n[row::5__chunk::0] **Creating a Backup of Important Files**\n\nBacking up important files is a crucial step in protecting your data from loss or corruption. This article will guide you through the process of creating a backup of your important files.\n\n**Step 1: Identify Important Files**\n\nThe first step in creating a backup is to identify the important files that need to be backed up. These may include documents, spreadsheets, presentations, and other files that are critical to your work. Make a list of the files and folders that you need to back up.\n\n**Step 2: Choose a Backup Method**\n\nThere are several ways to back up your files, including:\n\n* **External Hard Drive**: Connect an external hard drive to your computer and copy your important files to it.\n* **Cloud Backup**: Use a cloud backup service such as OneDrive, Google Drive, or Dropbox to store your files online.\n* **Network Share**: Save your files to a network share or a shared drive on your company's network.\n* **USB Drive**: Use a USB drive to store your important files.\n\nChoose a backup method that works best for you and your needs.\n\n**Step 3: Connect Your Backup Device**\n\nIf you are using an external hard drive or USB drive, connect it to y\n\n[row::5__chunk::1] that works best for you and your needs.\n\n**Step 3: Connect Your Backup Device**\n\nIf you are using an external hard drive or USB drive, connect it to your computer. If you are using a cloud backup service, log in to your account and ensure that you have sufficient storage space.\n\n**Step 4: Copy Your Files**\n\nCopy your important files to your chosen backup device. Make sure to copy all the files and folders that you identified in Step 1.\n\n**Step 5: Verify Your Backup**\n\nOnce you have copied your files, verify that they have been backed up successfully. Check the contents of your backup device to ensure that all files are present and can be opened.\n\n**Step 6: Schedule Regular Backups**\n\nTo ensure that your important files are always up to date, schedule regular backups. You can set up your backup software to run automatically at a specified time each day or week.\n\n**Additional Tips**\n\n* **Backup Frequency**: Aim to backup your important files at least once a week, or more frequently if you work with sensitive or critical data.\n* **Backup Location**: Store your backup device in a safe location, away from your computer and other electronic devices.\n* **Versioning**: Consider using a bac\n\n[row::5__chunk::2]  Location**: Store your backup device in a safe location, away from your computer and other electronic devices.\n* **Versioning**: Consider using a backup software that supports versioning, which allows you to keep multiple versions of your files in case you need to recover a previous version.\n\nBy following these steps, you can ensure that your important files are safely backed up and protected from loss or corruption.\n\n[row::8__chunk::0] **Resetting a Jammed Printer**\n\n**Step 1: Turn Off the Printer**\n\nImmediately turn off the printer to prevent any further damage or paper jams. Locate the power button, usually found on the top or front of the printer, and press it to shut down the device.\n\n**Step 2: Open the Printer**\n\nLocate the printer's access panel, which varies depending on the printer model. Common locations include the top, front, or back of the printer. Open the panel by pressing the release latch or sliding it open. This will give you access to the internal mechanisms.\n\n**Step 3: Identify and Remove Jammed Paper**\n\nCarefully inspect the printer's internal mechanisms to locate the jammed paper. Gently pull out any visible paper scraps or torn pieces. Be cautious not to touch any internal components or rollers, as oils from your skin can cause damage.\n\n**Step 4: Check for Obstructions**\n\nInspect the printer's paper path, including the paper tray, rollers, and print head, for any obstructions or debris. Remove any dust, dirt, or other blockages that may be contributing to the jam.\n\n**Step 5: Realign the Paper Tray**\n\nIf the paper tray was dislodged during the jam, realign it according to the manufacturer's i\n\nAnswer:""}]}]","{'vertex': {'agent': {'llm_response': '{""content"":{""parts"":[{""text"":""To back up your important work files, follow these steps: identify important files, choose a backup method (external hard drive, cloud backup, network share, USB drive), connect your backup device, copy your files, verify your backup, and schedule regular backups [row::5__chunk::0], [row::5__chunk::1]. Aim to backup your files at least once a week and store your backup device in a safe location [row::5__chunk::1], [row::5__chunk::2]. Consider using backup software with versioning [row::5__chunk::2].\\n""}],""role"":""model""},""usage_metadata"":{""candidates_token_count"":123,""candidates_tokens_details"":[{""modality"":""TEXT"",""token_count"":123}],""prompt_token_count"":1029,""prompt_tokens_details"":[{""modality"":""TEXT"",""token_count"":1029}],""total_token_count"":1152,""traffic_type"":""ON_DEMAND""}}', 'llm_request': '{""model"": ""gemini-2.0-flash"", ""config"": {""system_instruction"": ""You are a strict RAG agent. Use only the provided context. If the context does not contain the answer, reply that you don\'t know. Cite supporting chunk ids in square brackets, e.g., [row::12__chunk::0]. Be concise.\\n\\nYou are an agent. Your internal name is \\""adk_rag_minimal_agent\\"".\\n\\n The description about you is \\""Minimal RAG over CSV corpus\\"""", ""temperature"": 0.0, ""labels"": {""adk_agent_name"": ""adk_rag_minimal_agent""}}, ""contents"": [{""parts"": [{""text"": ""Query: How do I back up my important work files to prevent data loss?\\n\\nContext:\\n[row::5__chunk::0] **Creating a Backup of Important Files**\\n\\nBacking up important files is a crucial step in protecting your data from loss or corruption. This article will guide you through the process of creating a backup of your important files.\\n\\n**Step 1: Identify Important Files**\\n\\nThe first step in creating a backup is to identify the important files that need to be backed up. These may include documents, spreadsheets, presentations, and other files that are critical to your work. Make a list of the files and folders that you need to back up.\\n\\n**Step 2: Choose a Backup Method**\\n\\nThere are several ways to back up your files, including:\\n\\n* **External Hard Drive**: Connect an external hard drive to your computer and copy your important files to it.\\n* **Cloud Backup**: Use a cloud backup service such as OneDrive, Google Drive, or Dropbox to store your files online.\\n* **Network Share**: Save your files to a network share or a shared drive on your company\'s network.\\n* **USB Drive**: Use a USB drive to store your important files.\\n\\nChoose a backup method that works best for you and your needs.\\n\\n**Step 3: Connect Your Backup Device**\\n\\nIf you are using an external hard drive or USB drive, connect it to y\\n\\n[row::5__chunk::1] that works best for you and your needs.\\n\\n**Step 3: Connect Your Backup Device**\\n\\nIf you are using an external hard drive or USB drive, connect it to your computer. If you are using a cloud backup service, log in to your account and ensure that you have sufficient storage space.\\n\\n**Step 4: Copy Your Files**\\n\\nCopy your important files to your chosen backup device. Make sure to copy all the files and folders that you identified in Step 1.\\n\\n**Step 5: Verify Your Backup**\\n\\nOnce you have copied your files, verify that they have been backed up successfully. Check the contents of your backup device to ensure that all files are present and can be opened.\\n\\n**Step 6: Schedule Regular Backups**\\n\\nTo ensure that your important files are always up to date, schedule regular backups. You can set up your backup software to run automatically at a specified time each day or week.\\n\\n**Additional Tips**\\n\\n* **Backup Frequency**: Aim to backup your important files at least once a week, or more frequently if you work with sensitive or critical data.\\n* **Backup Location**: Store your backup device in a safe location, away from your computer and other electronic devices.\\n* **Versioning**: Consider using a bac\\n\\n[row::5__chunk::2]  Location**: Store your backup device in a safe location, away from your computer and other electronic devices.\\n* **Versioning**: Consider using a backup software that supports versioning, which allows you to keep multiple versions of your files in case you need to recover a previous version.\\n\\nBy following these steps, you can ensure that your important files are safely backed up and protected from loss or corruption.\\n\\n[row::8__chunk::0] **Resetting a Jammed Printer**\\n\\n**Step 1: Turn Off the Printer**\\n\\nImmediately turn off the printer to prevent any further damage or paper jams. Locate the power button, usually found on the top or front of the printer, and press it to shut down the device.\\n\\n**Step 2: Open the Printer**\\n\\nLocate the printer\'s access panel, which varies depending on the printer model. Common locations include the top, front, or back of the printer. Open the panel by pressing the release latch or sliding it open. This will give you access to the internal mechanisms.\\n\\n**Step 3: Identify and Remove Jammed Paper**\\n\\nCarefully inspect the printer\'s internal mechanisms to locate the jammed paper. Gently pull out any visible paper scraps or torn pieces. Be cautious not to touch any internal components or rollers, as oils from your skin can cause damage.\\n\\n**Step 4: Check for Obstructions**\\n\\nInspect the printer\'s paper path, including the paper tray, rollers, and print head, for any obstructions or debris. Remove any dust, dirt, or other blockages that may be contributing to the jam.\\n\\n**Step 5: Realign the Paper Tray**\\n\\nIf the paper tray was dislodged during the jam, realign it according to the manufacturer\'s i\\n\\nAnswer:""}], ""role"": ""user""}]}', 'session_id': 's-c91ce068d0b8', 'invocation_id': 'e-e9b9f5c3-6103-4621-bc7c-8dddb7c51bac', 'event_id': 'rtuZknxX'}}}","{""system_instruction"":""You are a strict RAG agent. Use only the provided context. If the context does not contain the answer, reply that you don't know. Cite supporting chunk ids in square brackets, e.g., [row::12__chunk::0]. Be concise.\n\nYou are an agent. Your internal name is \""adk_rag_minimal_agent\"".\n\n The description about you is \""Minimal RAG over CSV corpus\"""",""temperature"":0.0,""labels"":{""adk_agent_name"":""adk_rag_minimal_agent""}}",1152.0,123.0,"{'system': 'gcp.vertex.agent', 'request': {'model': 'gemini-2.0-flash'}}","{""model"": ""gemini-2.0-flash"", ""config"": {""system_instruction"": ""You are a strict RAG agent. Use only the provided context. If the context does not contain the answer, reply that you don't know. Cite supporting chunk ids in square brackets, e.g., [row::12__chunk::0]. Be concise.\n\nYou are an agent. Your internal name is \""adk_rag_minimal_agent\"".\n\n The description about you is \""Minimal RAG over CSV corpus\"""", ""temperature"": 0.0, ""labels"": {""adk_agent_name"": ""adk_rag_minimal_agent""}}, ""contents"": [{""parts"": [{""text"": ""Query: How do I back up my important work files to prevent data loss?\n\nContext:\n[row::5__chunk::0] **Creating a Backup of Important Files**\n\nBacking up important files is a crucial step in protecting your data from loss or corruption. This article will guide you through the process of creating a backup of your important files.\n\n**Step 1: Identify Important Files**\n\nThe first step in creating a backup is to identify the important files that need to be backed up. These may include documents, spreadsheets, presentations, and other files that are critical to your work. Make a list of the files and folders that you need to back up.\n\n**Step 2: Choose a Backup Method**\n\nThere are several ways to back up your files, including:\n\n* **External Hard Drive**: Connect an external hard drive to your computer and copy your important files to it.\n* **Cloud Backup**: Use a cloud backup service such as OneDrive, Google Drive, or Dropbox to store your files online.\n* **Network Share**: Save your files to a network share or a shared drive on your company's network.\n* **USB Drive**: Use a USB drive to store your important files.\n\nChoose a backup method that works best for you and your needs.\n\n**Step 3: Connect Your Backup Device**\n\nIf you are using an external hard drive or USB drive, connect it to y\n\n[row::5__chunk::1] that works best for you and your needs.\n\n**Step 3: Connect Your Backup Device**\n\nIf you are using an external hard drive or USB drive, connect it to your computer. If you are using a cloud backup service, log in to your account and ensure that you have sufficient storage space.\n\n**Step 4: Copy Your Files**\n\nCopy your important files to your chosen backup device. Make sure to copy all the files and folders that you identified in Step 1.\n\n**Step 5: Verify Your Backup**\n\nOnce you have copied your files, verify that they have been backed up successfully. Check the contents of your backup device to ensure that all files are present and can be opened.\n\n**Step 6: Schedule Regular Backups**\n\nTo ensure that your important files are always up to date, schedule regular backups. You can set up your backup software to run automatically at a specified time each day or week.\n\n**Additional Tips**\n\n* **Backup Frequency**: Aim to backup your important files at least once a week, or more frequently if you work with sensitive or critical data.\n* **Backup Location**: Store your backup device in a safe location, away from your computer and other electronic devices.\n* **Versioning**: Consider using a bac\n\n[row::5__chunk::2]  Location**: Store your backup device in a safe location, away from your computer and other electronic devices.\n* **Versioning**: Consider using a backup software that supports versioning, which allows you to keep multiple versions of your files in case you need to recover a previous version.\n\nBy following these steps, you can ensure that your important files are safely backed up and protected from loss or corruption.\n\n[row::8__chunk::0] **Resetting a Jammed Printer**\n\n**Step 1: Turn Off the Printer**\n\nImmediately turn off the printer to prevent any further damage or paper jams. Locate the power button, usually found on the top or front of the printer, and press it to shut down the device.\n\n**Step 2: Open the Printer**\n\nLocate the printer's access panel, which varies depending on the printer model. Common locations include the top, front, or back of the printer. Open the panel by pressing the release latch or sliding it open. This will give you access to the internal mechanisms.\n\n**Step 3: Identify and Remove Jammed Paper**\n\nCarefully inspect the printer's internal mechanisms to locate the jammed paper. Gently pull out any visible paper scraps or torn pieces. Be cautious not to touch any internal components or rollers, as oils from your skin can cause damage.\n\n**Step 4: Check for Obstructions**\n\nInspect the printer's paper path, including the paper tray, rollers, and print head, for any obstructions or debris. Remove any dust, dirt, or other blockages that may be contributing to the jam.\n\n**Step 5: Realign the Paper Tray**\n\nIf the paper tray was dislodged during the jam, realign it according to the manufacturer's i\n\nAnswer:""}], ""role"": ""user""}]}",1029.0,"{""content"":{""parts"":[{""text"":""To back up your important work files, follow these steps: identify important files, choose a backup method (external hard drive, cloud backup, network share, USB drive), connect your backup device, copy your files, verify your backup, and schedule regular backups [row::5__chunk::0], [row::5__chunk::1]. Aim to backup your files at least once a week and store your backup device in a safe location [row::5__chunk::1], [row::5__chunk::2]. Consider using backup software with versioning [row::5__chunk::2].\n""}],""role"":""model""},""usage_metadata"":{""candidates_token_count"":123,""candidates_tokens_details"":[{""modality"":""TEXT"",""token_count"":123}],""prompt_token_count"":1029,""prompt_tokens_details"":[{""modality"":""TEXT"",""token_count"":1029}],""total_token_count"":1152,""traffic_type"":""ON_DEMAND""}}","{'query': 'How do I back up my important work files to prevent data loss?', 'context': ""[row::5__chunk::0] **Creating a Backup of Important Files**\n\nBacking up important files is a crucial step in protecting your data from loss or corruption. This article will guide you through the process of creating a backup of your important files.\n\n**Step 1: Identify Important Files**\n\nThe first step in creating a backup is to identify the important files that need to be backed up. These may include documents, spreadsheets, presentations, and other files that are critical to your work. Make a list of the files and folders that you need to back up.\n\n**Step 2: Choose a Backup Method**\n\nThere are several ways to back up your files, including:\n\n* **External Hard Drive**: Connect an external hard drive to your computer and copy your important files to it.\n* **Cloud Backup**: Use a cloud backup service such as OneDrive, Google Drive, or Dropbox to store your files online.\n* **Network Share**: Save your files to a network share or a shared drive on your company's network.\n* **USB Drive**: Use a USB drive to store your important files.\n\nChoose a backup method that works best for you and your needs.\n\n**Step 3: Connect Your Backup Device**\n\nIf you are using an external hard drive or USB drive, connect it to y\n\n[row::5__chunk::1] that works best for you and your needs.\n\n**Step 3: Connect Your Backup Device**\n\nIf you are using an external hard drive or USB drive, connect it to your computer. If you are using a cloud backup service, log in to your account and ensure that you have sufficient storage space.\n\n**Step 4: Copy Your Files**\n\nCopy your important files to your chosen backup device. Make sure to copy all the files and folders that you identified in Step 1.\n\n**Step 5: Verify Your Backup**\n\nOnce you have copied your files, verify that they have been backed up successfully. Check the contents of your backup device to ensure that all files are present and can be opened.\n\n**Step 6: Schedule Regular Backups**\n\nTo ensure that your important files are always up to date, schedule regular backups. You can set up your backup software to run automatically at a specified time each day or week.\n\n**Additional Tips**\n\n* **Backup Frequency**: Aim to backup your important files at least once a week, or more frequently if you work with sensitive or critical data.\n* **Backup Location**: Store your backup device in a safe location, away from your computer and other electronic devices.\n* **Versioning**: Consider using a bac\n\n[row::5__chunk::2]  Location**: Store your backup device in a safe location, away from your computer and other electronic devices.\n* **Versioning**: Consider using a backup software that supports versioning, which allows you to keep multiple versions of your files in case you need to recover a previous version.\n\nBy following these steps, you can ensure that your important files are safely backed up and protected from loss or corruption.\n\n[row::8__chunk::0] **Resetting a Jammed Printer**\n\n**Step 1: Turn Off the Printer**\n\nImmediately turn off the printer to prevent any further damage or paper jams. Locate the power button, usually found on the top or front of the printer, and press it to shut down the device.\n\n**Step 2: Open the Printer**\n\nLocate the printer's access panel, which varies depending on the printer model. Common locations include the top, front, or back of the printer. Open the panel by pressing the release latch or sliding it open. This will give you access to the internal mechanisms.\n\n**Step 3: Identify and Remove Jammed Paper**\n\nCarefully inspect the printer's internal mechanisms to locate the jammed paper. Gently pull out any visible paper scraps or torn pieces. Be cautious not to touch any internal components or rollers, as oils from your skin can cause damage.\n\n**Step 4: Check for Obstructions**\n\nInspect the printer's paper path, including the paper tray, rollers, and print head, for any obstructions or debris. Remove any dust, dirt, or other blockages that may be contributing to the jam.\n\n**Step 5: Realign the Paper Tray**\n\nIf the paper tray was dislodged during the jam, realign it according to the manufacturer's i"", 'row_id_for_gt': 5, 'retrieval_chunk_ids': ['row::5__chunk::0', 'row::5__chunk::1', 'row::5__chunk::2', 'row::8__chunk::0'], 'retrieval_row_ids': [5, 5, 5, 8], 'retrieval_scores': [15.929862415, 10.6065732186, 9.6222549494, 7.3057022062], 'top_k': 4}",google,gemini-2.0-flash,s-c91ce068d0b8,"[{'message.role': 'model', 'message.contents': [{'message_content.type': 'text', 'message_content.text': 'To back up your important work files, follow these steps: identify important files, choose a backup method (external hard drive, cloud backup, network share, USB drive), connect your backup device, copy your files, verify your backup, and schedule regular backups [row::5__chunk::0], [row::5__chunk::1]. Aim to backup your files at least once a week and store your backup device in a safe location [row::5__chunk::1], [row::5__chunk::2]. Consider using backup software with versioning [row::5__chunk::2].\n'}]}]",v1,"Query: {query}

Context:
{context}

Answer:"
agent_run [adk_rag_minimal_agent],AGENT,726ead86cb1d225a,2025-08-15 06:50:38.105780+00:00,2025-08-15 06:50:40.021865+00:00,OK,,[],582bd72bd9ca315f,189a451b8c15e53a1060b276ad01757a,u,,AGENT,application/json,,,,,,,,,"{""content"":{""parts"":[{""text"":""To back up your important work files, follow these steps: identify important files, choose a backup method (external hard drive, cloud backup, network share, USB drive), connect your backup device, copy your files, verify your backup, and schedule regular backups [row::5__chunk::0], [row::5__chunk::1]. Aim to backup your files at least once a week and store your backup device in a safe location [row::5__chunk::1], [row::5__chunk::2]. Consider using backup software with versioning [row::5__chunk::2].\n""}],""role"":""model""},""usage_metadata"":{""candidates_token_count"":123,""candidates_tokens_details"":[{""modality"":""TEXT"",""token_count"":123}],""prompt_token_count"":1029,""prompt_tokens_details"":[{""modality"":""TEXT"",""token_count"":1029}],""total_token_count"":1152,""traffic_type"":""ON_DEMAND""},""invocation_id"":""e-e9b9f5c3-6103-4621-bc7c-8dddb7c51bac"",""author"":""adk_rag_minimal_agent"",""actions"":{""state_delta"":{},""artifact_delta"":{},""requested_auth_configs"":{}},""id"":""rtuZknxX"",""timestamp"":1755240638.106258}","{'query': 'How do I back up my important work files to prevent data loss?', 'context': ""[row::5__chunk::0] **Creating a Backup of Important Files**\n\nBacking up important files is a crucial step in protecting your data from loss or corruption. This article will guide you through the process of creating a backup of your important files.\n\n**Step 1: Identify Important Files**\n\nThe first step in creating a backup is to identify the important files that need to be backed up. These may include documents, spreadsheets, presentations, and other files that are critical to your work. Make a list of the files and folders that you need to back up.\n\n**Step 2: Choose a Backup Method**\n\nThere are several ways to back up your files, including:\n\n* **External Hard Drive**: Connect an external hard drive to your computer and copy your important files to it.\n* **Cloud Backup**: Use a cloud backup service such as OneDrive, Google Drive, or Dropbox to store your files online.\n* **Network Share**: Save your files to a network share or a shared drive on your company's network.\n* **USB Drive**: Use a USB drive to store your important files.\n\nChoose a backup method that works best for you and your needs.\n\n**Step 3: Connect Your Backup Device**\n\nIf you are using an external hard drive or USB drive, connect it to y\n\n[row::5__chunk::1] that works best for you and your needs.\n\n**Step 3: Connect Your Backup Device**\n\nIf you are using an external hard drive or USB drive, connect it to your computer. If you are using a cloud backup service, log in to your account and ensure that you have sufficient storage space.\n\n**Step 4: Copy Your Files**\n\nCopy your important files to your chosen backup device. Make sure to copy all the files and folders that you identified in Step 1.\n\n**Step 5: Verify Your Backup**\n\nOnce you have copied your files, verify that they have been backed up successfully. Check the contents of your backup device to ensure that all files are present and can be opened.\n\n**Step 6: Schedule Regular Backups**\n\nTo ensure that your important files are always up to date, schedule regular backups. You can set up your backup software to run automatically at a specified time each day or week.\n\n**Additional Tips**\n\n* **Backup Frequency**: Aim to backup your important files at least once a week, or more frequently if you work with sensitive or critical data.\n* **Backup Location**: Store your backup device in a safe location, away from your computer and other electronic devices.\n* **Versioning**: Consider using a bac\n\n[row::5__chunk::2]  Location**: Store your backup device in a safe location, away from your computer and other electronic devices.\n* **Versioning**: Consider using a backup software that supports versioning, which allows you to keep multiple versions of your files in case you need to recover a previous version.\n\nBy following these steps, you can ensure that your important files are safely backed up and protected from loss or corruption.\n\n[row::8__chunk::0] **Resetting a Jammed Printer**\n\n**Step 1: Turn Off the Printer**\n\nImmediately turn off the printer to prevent any further damage or paper jams. Locate the power button, usually found on the top or front of the printer, and press it to shut down the device.\n\n**Step 2: Open the Printer**\n\nLocate the printer's access panel, which varies depending on the printer model. Common locations include the top, front, or back of the printer. Open the panel by pressing the release latch or sliding it open. This will give you access to the internal mechanisms.\n\n**Step 3: Identify and Remove Jammed Paper**\n\nCarefully inspect the printer's internal mechanisms to locate the jammed paper. Gently pull out any visible paper scraps or torn pieces. Be cautious not to touch any internal components or rollers, as oils from your skin can cause damage.\n\n**Step 4: Check for Obstructions**\n\nInspect the printer's paper path, including the paper tray, rollers, and print head, for any obstructions or debris. Remove any dust, dirt, or other blockages that may be contributing to the jam.\n\n**Step 5: Realign the Paper Tray**\n\nIf the paper tray was dislodged during the jam, realign it according to the manufacturer's i"", 'row_id_for_gt': 5, 'retrieval_chunk_ids': ['row::5__chunk::0', 'row::5__chunk::1', 'row::5__chunk::2', 'row::8__chunk::0'], 'retrieval_row_ids': [5, 5, 5, 8], 'retrieval_scores': [15.929862415, 10.6065732186, 9.6222549494, 7.3057022062], 'top_k': 4}",,,s-c91ce068d0b8,,v1,"Query: {query}

Context:
{context}

Answer:"
invocation [adk_rag_minimal],CHAIN,,2025-08-15 06:50:38.105264+00:00,2025-08-15 06:50:40.023375+00:00,OK,,[],726ead86cb1d225a,189a451b8c15e53a1060b276ad01757a,u,application/json,CHAIN,application/json,,,,,,,"{""user_id"": ""u"", ""session_id"": ""s-c91ce068d0b8"", ""new_message"": {""parts"": [{""text"": ""Query: How do I back up my important work files to prevent data loss?\n\nContext:\n[row::5__chunk::0] **Creating a Backup of Important Files**\n\nBacking up important files is a crucial step in protecting your data from loss or corruption. This article will guide you through the process of creating a backup of your important files.\n\n**Step 1: Identify Important Files**\n\nThe first step in creating a backup is to identify the important files that need to be backed up. These may include documents, spreadsheets, presentations, and other files that are critical to your work. Make a list of the files and folders that you need to back up.\n\n**Step 2: Choose a Backup Method**\n\nThere are several ways to back up your files, including:\n\n* **External Hard Drive**: Connect an external hard drive to your computer and copy your important files to it.\n* **Cloud Backup**: Use a cloud backup service such as OneDrive, Google Drive, or Dropbox to store your files online.\n* **Network Share**: Save your files to a network share or a shared drive on your company's network.\n* **USB Drive**: Use a USB drive to store your important files.\n\nChoose a backup method that works best for you and your needs.\n\n**Step 3: Connect Your Backup Device**\n\nIf you are using an external hard drive or USB drive, connect it to y\n\n[row::5__chunk::1] that works best for you and your needs.\n\n**Step 3: Connect Your Backup Device**\n\nIf you are using an external hard drive or USB drive, connect it to your computer. If you are using a cloud backup service, log in to your account and ensure that you have sufficient storage space.\n\n**Step 4: Copy Your Files**\n\nCopy your important files to your chosen backup device. Make sure to copy all the files and folders that you identified in Step 1.\n\n**Step 5: Verify Your Backup**\n\nOnce you have copied your files, verify that they have been backed up successfully. Check the contents of your backup device to ensure that all files are present and can be opened.\n\n**Step 6: Schedule Regular Backups**\n\nTo ensure that your important files are always up to date, schedule regular backups. You can set up your backup software to run automatically at a specified time each day or week.\n\n**Additional Tips**\n\n* **Backup Frequency**: Aim to backup your important files at least once a week, or more frequently if you work with sensitive or critical data.\n* **Backup Location**: Store your backup device in a safe location, away from your computer and other electronic devices.\n* **Versioning**: Consider using a bac\n\n[row::5__chunk::2]  Location**: Store your backup device in a safe location, away from your computer and other electronic devices.\n* **Versioning**: Consider using a backup software that supports versioning, which allows you to keep multiple versions of your files in case you need to recover a previous version.\n\nBy following these steps, you can ensure that your important files are safely backed up and protected from loss or corruption.\n\n[row::8__chunk::0] **Resetting a Jammed Printer**\n\n**Step 1: Turn Off the Printer**\n\nImmediately turn off the printer to prevent any further damage or paper jams. Locate the power button, usually found on the top or front of the printer, and press it to shut down the device.\n\n**Step 2: Open the Printer**\n\nLocate the printer's access panel, which varies depending on the printer model. Common locations include the top, front, or back of the printer. Open the panel by pressing the release latch or sliding it open. This will give you access to the internal mechanisms.\n\n**Step 3: Identify and Remove Jammed Paper**\n\nCarefully inspect the printer's internal mechanisms to locate the jammed paper. Gently pull out any visible paper scraps or torn pieces. Be cautious not to touch any internal components or rollers, as oils from your skin can cause damage.\n\n**Step 4: Check for Obstructions**\n\nInspect the printer's paper path, including the paper tray, rollers, and print head, for any obstructions or debris. Remove any dust, dirt, or other blockages that may be contributing to the jam.\n\n**Step 5: Realign the Paper Tray**\n\nIf the paper tray was dislodged during the jam, realign it according to the manufacturer's i\n\nAnswer:""}], ""role"": ""user""}, ""run_config"": {""save_input_blobs_as_artifacts"": false, ""support_cfc"": false, ""streaming_mode"": ""StreamingMode.NONE"", ""max_llm_calls"": 500}}",,"{""content"":{""parts"":[{""text"":""To back up your important work files, follow these steps: identify important files, choose a backup method (external hard drive, cloud backup, network share, USB drive), connect your backup device, copy your files, verify your backup, and schedule regular backups [row::5__chunk::0], [row::5__chunk::1]. Aim to backup your files at least once a week and store your backup device in a safe location [row::5__chunk::1], [row::5__chunk::2]. Consider using backup software with versioning [row::5__chunk::2].\n""}],""role"":""model""},""usage_metadata"":{""candidates_token_count"":123,""candidates_tokens_details"":[{""modality"":""TEXT"",""token_count"":123}],""prompt_token_count"":1029,""prompt_tokens_details"":[{""modality"":""TEXT"",""token_count"":1029}],""total_token_count"":1152,""traffic_type"":""ON_DEMAND""},""invocation_id"":""e-e9b9f5c3-6103-4621-bc7c-8dddb7c51bac"",""author"":""adk_rag_minimal_agent"",""actions"":{""state_delta"":{},""artifact_delta"":{},""requested_auth_configs"":{}},""id"":""rtuZknxX"",""timestamp"":1755240638.106258}","{'query': 'How do I back up my important work files to prevent data loss?', 'context': ""[row::5__chunk::0] **Creating a Backup of Important Files**\n\nBacking up important files is a crucial step in protecting your data from loss or corruption. This article will guide you through the process of creating a backup of your important files.\n\n**Step 1: Identify Important Files**\n\nThe first step in creating a backup is to identify the important files that need to be backed up. These may include documents, spreadsheets, presentations, and other files that are critical to your work. Make a list of the files and folders that you need to back up.\n\n**Step 2: Choose a Backup Method**\n\nThere are several ways to back up your files, including:\n\n* **External Hard Drive**: Connect an external hard drive to your computer and copy your important files to it.\n* **Cloud Backup**: Use a cloud backup service such as OneDrive, Google Drive, or Dropbox to store your files online.\n* **Network Share**: Save your files to a network share or a shared drive on your company's network.\n* **USB Drive**: Use a USB drive to store your important files.\n\nChoose a backup method that works best for you and your needs.\n\n**Step 3: Connect Your Backup Device**\n\nIf you are using an external hard drive or USB drive, connect it to y\n\n[row::5__chunk::1] that works best for you and your needs.\n\n**Step 3: Connect Your Backup Device**\n\nIf you are using an external hard drive or USB drive, connect it to your computer. If you are using a cloud backup service, log in to your account and ensure that you have sufficient storage space.\n\n**Step 4: Copy Your Files**\n\nCopy your important files to your chosen backup device. Make sure to copy all the files and folders that you identified in Step 1.\n\n**Step 5: Verify Your Backup**\n\nOnce you have copied your files, verify that they have been backed up successfully. Check the contents of your backup device to ensure that all files are present and can be opened.\n\n**Step 6: Schedule Regular Backups**\n\nTo ensure that your important files are always up to date, schedule regular backups. You can set up your backup software to run automatically at a specified time each day or week.\n\n**Additional Tips**\n\n* **Backup Frequency**: Aim to backup your important files at least once a week, or more frequently if you work with sensitive or critical data.\n* **Backup Location**: Store your backup device in a safe location, away from your computer and other electronic devices.\n* **Versioning**: Consider using a bac\n\n[row::5__chunk::2]  Location**: Store your backup device in a safe location, away from your computer and other electronic devices.\n* **Versioning**: Consider using a backup software that supports versioning, which allows you to keep multiple versions of your files in case you need to recover a previous version.\n\nBy following these steps, you can ensure that your important files are safely backed up and protected from loss or corruption.\n\n[row::8__chunk::0] **Resetting a Jammed Printer**\n\n**Step 1: Turn Off the Printer**\n\nImmediately turn off the printer to prevent any further damage or paper jams. Locate the power button, usually found on the top or front of the printer, and press it to shut down the device.\n\n**Step 2: Open the Printer**\n\nLocate the printer's access panel, which varies depending on the printer model. Common locations include the top, front, or back of the printer. Open the panel by pressing the release latch or sliding it open. This will give you access to the internal mechanisms.\n\n**Step 3: Identify and Remove Jammed Paper**\n\nCarefully inspect the printer's internal mechanisms to locate the jammed paper. Gently pull out any visible paper scraps or torn pieces. Be cautious not to touch any internal components or rollers, as oils from your skin can cause damage.\n\n**Step 4: Check for Obstructions**\n\nInspect the printer's paper path, including the paper tray, rollers, and print head, for any obstructions or debris. Remove any dust, dirt, or other blockages that may be contributing to the jam.\n\n**Step 5: Realign the Paper Tray**\n\nIf the paper tray was dislodged during the jam, realign it according to the manufacturer's i"", 'row_id_for_gt': 5, 'retrieval_chunk_ids': ['row::5__chunk::0', 'row::5__chunk::1', 'row::5__chunk::2', 'row::8__chunk::0'], 'retrieval_row_ids': [5, 5, 5, 8], 'retrieval_scores': [15.929862415, 10.6065732186, 9.6222549494, 7.3057022062], 'top_k': 4}",,,s-c91ce068d0b8,,v1,"Query: {query}

Context:
{context}

Answer:"
call_llm,LLM,5415a8515b95107a,2025-08-15 06:50:40.028146+00:00,2025-08-15 06:50:41.719803+00:00,OK,,[],9a64e53dd13d737f,732ec72525096605190d760d4d163d6b,u,application/json,LLM,application/json,"[{'message.role': 'system', 'message.content': 'You are a strict RAG agent. Use only the provided context. If the context does not contain the answer, reply that you don\'t know. Cite supporting chunk ids in square brackets, e.g., [row::12__chunk::0]. Be concise.\n\nYou are an agent. Your internal name is ""adk_rag_minimal_agent"".\n\n The description about you is ""Minimal RAG over CSV corpus""'}, {'message.role': 'user', 'message.contents': [{'message_content.type': 'text', 'message_content.text': 'Query: My company-issued tablet is freezing frequently and I\'m unable to access some of my apps, what can I do to fix the issue?\n\nContext:\n[row::6__chunk::0] **Troubleshooting Issues with Company-Issued Tablets**\n\nThis article provides step-by-step guidance for troubleshooting common issues with company-issued tablets. Please follow the steps outlined below to resolve the issue before escalating to advanced support.\n\n**Step 1: Power Cycle the Tablet**\n\n* Press and hold the power button until the tablet shuts down.\n* Wait for 30 seconds to allow any residual power to drain.\n* Press the power button again to turn the tablet back on.\n* Observe if the issue persists.\n\n**Step 2: Check for Software Updates**\n\n* Ensure the tablet is connected to a stable internet connection.\n* Go to **Settings** > **System** > **System Update**.\n* Check for available software updates and install any pending updates.\n* Restart the tablet after installation.\n\n**Step 3: Restart in Safe Mode**\n\n* Press and hold the power button until the tablet shuts down.\n* Press the power button again to turn the tablet back on.\n* Immediately hold down the **Volume Down** button until the tablet boots into safe mode.\n* Observe if the issue persists in safe mode.\n\n**Step 4: Check for App-Related Issues**\n\n* Identify the app that is experiencing issues.\n* Go to **Settings** > **Ap\n\n[row::6__chunk::1] he issue persists in safe mode.\n\n**Step 4: Check for App-Related Issues**\n\n* Identify the app that is experiencing issues.\n* Go to **Settings** > **Apps** > **[App Name]**.\n* Clear the app\'s cache and data.\n* Restart the app to see if the issue is resolved.\n\n**Step 5: Perform a Factory Reset**\n\n* Go to **Settings** > **System** > **Advanced** > **Reset Options**.\n* Select **Erase all data (factory reset)**.\n* Follow the prompts to complete the reset process.\n* Note: This step will erase all data on the tablet, so ensure that all important data is backed up before proceeding.\n\n**Step 6: Check for Hardware Issues**\n\n* Inspect the tablet for any signs of physical damage or wear.\n* Check the charging port and ensure it is free from debris.\n* Try using a different charging cable or power source.\n\n**Step 7: Gather Diagnostic Information**\n\n* Go to **Settings** > **System** > **About Tablet**.\n* Take note of the tablet\'s operating system version, device ID, and any error messages.\n* Provide this information to advanced support if the issue cannot be resolved through these troubleshooting steps.\n\nIf none of the above steps resolve the issue, please escalate the issue to advanced support, p\n\n[row::1__chunk::1] complete the process.\n\n**Step 5: Confirm PIN Reset**\n\n1. You will receive a confirmation message indicating that your PIN has been successfully reset.\n2. Click the ""OK"" button to close the message.\n\n**Important Notes:**\n\n* If you are unable to reset your PIN using the self-service tool, please contact the IT Helpdesk for assistance.\n* It is recommended to keep your PIN confidential and not share it with anyone.\n* You can reset your PIN a maximum of 3 times in a 24-hour period. If you exceed this limit, you will need to contact the IT Helpdesk to reset your PIN.\n\nBy following these steps, you should be able to reset your forgotten PIN and regain access to company systems and applications. If you encounter any issues during the process, please do not hesitate to reach out to the IT Helpdesk for further assistance.\n\n[row::8__chunk::0] **Resetting a Jammed Printer**\n\n**Step 1: Turn Off the Printer**\n\nImmediately turn off the printer to prevent any further damage or paper jams. Locate the power button, usually found on the top or front of the printer, and press it to shut down the device.\n\n**Step 2: Open the Printer**\n\nLocate the printer\'s access panel, which varies depending on the printer model. Common locations include the top, front, or back of the printer. Open the panel by pressing the release latch or sliding it open. This will give you access to the internal mechanisms.\n\n**Step 3: Identify and Remove Jammed Paper**\n\nCarefully inspect the printer\'s internal mechanisms to locate the jammed paper. Gently pull out any visible paper scraps or torn pieces. Be cautious not to touch any internal components or rollers, as oils from your skin can cause damage.\n\n**Step 4: Check for Obstructions**\n\nInspect the printer\'s paper path, including the paper tray, rollers, and print head, for any obstructions or debris. Remove any dust, dirt, or other blockages that may be contributing to the jam.\n\n**Step 5: Realign the Paper Tray**\n\nIf the paper tray was dislodged during the jam, realign it according to the manufacturer\'s i\n\nAnswer:'}]}]","{'vertex': {'agent': {'llm_response': '{""content"":{""parts"":[{""text"":""You can try power cycling the tablet, checking for software updates, restarting in safe mode, checking for app-related issues, or performing a factory reset [row::6__chunk::0, row::6__chunk::1]. See the context for detailed instructions.""}],""role"":""model""},""usage_metadata"":{""candidates_token_count"":54,""candidates_tokens_details"":[{""modality"":""TEXT"",""token_count"":54}],""prompt_token_count"":1183,""prompt_tokens_details"":[{""modality"":""TEXT"",""token_count"":1183}],""total_token_count"":1237,""traffic_type"":""ON_DEMAND""}}', 'llm_request': '{""model"": ""gemini-2.0-flash"", ""config"": {""system_instruction"": ""You are a strict RAG agent. Use only the provided context. If the context does not contain the answer, reply that you don\'t know. Cite supporting chunk ids in square brackets, e.g., [row::12__chunk::0]. Be concise.\\n\\nYou are an agent. Your internal name is \\""adk_rag_minimal_agent\\"".\\n\\n The description about you is \\""Minimal RAG over CSV corpus\\"""", ""temperature"": 0.0, ""labels"": {""adk_agent_name"": ""adk_rag_minimal_agent""}}, ""contents"": [{""parts"": [{""text"": ""Query: My company-issued tablet is freezing frequently and I\'m unable to access some of my apps, what can I do to fix the issue?\\n\\nContext:\\n[row::6__chunk::0] **Troubleshooting Issues with Company-Issued Tablets**\\n\\nThis article provides step-by-step guidance for troubleshooting common issues with company-issued tablets. Please follow the steps outlined below to resolve the issue before escalating to advanced support.\\n\\n**Step 1: Power Cycle the Tablet**\\n\\n* Press and hold the power button until the tablet shuts down.\\n* Wait for 30 seconds to allow any residual power to drain.\\n* Press the power button again to turn the tablet back on.\\n* Observe if the issue persists.\\n\\n**Step 2: Check for Software Updates**\\n\\n* Ensure the tablet is connected to a stable internet connection.\\n* Go to **Settings** > **System** > **System Update**.\\n* Check for available software updates and install any pending updates.\\n* Restart the tablet after installation.\\n\\n**Step 3: Restart in Safe Mode**\\n\\n* Press and hold the power button until the tablet shuts down.\\n* Press the power button again to turn the tablet back on.\\n* Immediately hold down the **Volume Down** button until the tablet boots into safe mode.\\n* Observe if the issue persists in safe mode.\\n\\n**Step 4: Check for App-Related Issues**\\n\\n* Identify the app that is experiencing issues.\\n* Go to **Settings** > **Ap\\n\\n[row::6__chunk::1] he issue persists in safe mode.\\n\\n**Step 4: Check for App-Related Issues**\\n\\n* Identify the app that is experiencing issues.\\n* Go to **Settings** > **Apps** > **[App Name]**.\\n* Clear the app\'s cache and data.\\n* Restart the app to see if the issue is resolved.\\n\\n**Step 5: Perform a Factory Reset**\\n\\n* Go to **Settings** > **System** > **Advanced** > **Reset Options**.\\n* Select **Erase all data (factory reset)**.\\n* Follow the prompts to complete the reset process.\\n* Note: This step will erase all data on the tablet, so ensure that all important data is backed up before proceeding.\\n\\n**Step 6: Check for Hardware Issues**\\n\\n* Inspect the tablet for any signs of physical damage or wear.\\n* Check the charging port and ensure it is free from debris.\\n* Try using a different charging cable or power source.\\n\\n**Step 7: Gather Diagnostic Information**\\n\\n* Go to **Settings** > **System** > **About Tablet**.\\n* Take note of the tablet\'s operating system version, device ID, and any error messages.\\n* Provide this information to advanced support if the issue cannot be resolved through these troubleshooting steps.\\n\\nIf none of the above steps resolve the issue, please escalate the issue to advanced support, p\\n\\n[row::1__chunk::1] complete the process.\\n\\n**Step 5: Confirm PIN Reset**\\n\\n1. You will receive a confirmation message indicating that your PIN has been successfully reset.\\n2. Click the \\""OK\\"" button to close the message.\\n\\n**Important Notes:**\\n\\n* If you are unable to reset your PIN using the self-service tool, please contact the IT Helpdesk for assistance.\\n* It is recommended to keep your PIN confidential and not share it with anyone.\\n* You can reset your PIN a maximum of 3 times in a 24-hour period. If you exceed this limit, you will need to contact the IT Helpdesk to reset your PIN.\\n\\nBy following these steps, you should be able to reset your forgotten PIN and regain access to company systems and applications. If you encounter any issues during the process, please do not hesitate to reach out to the IT Helpdesk for further assistance.\\n\\n[row::8__chunk::0] **Resetting a Jammed Printer**\\n\\n**Step 1: Turn Off the Printer**\\n\\nImmediately turn off the printer to prevent any further damage or paper jams. Locate the power button, usually found on the top or front of the printer, and press it to shut down the device.\\n\\n**Step 2: Open the Printer**\\n\\nLocate the printer\'s access panel, which varies depending on the printer model. Common locations include the top, front, or back of the printer. Open the panel by pressing the release latch or sliding it open. This will give you access to the internal mechanisms.\\n\\n**Step 3: Identify and Remove Jammed Paper**\\n\\nCarefully inspect the printer\'s internal mechanisms to locate the jammed paper. Gently pull out any visible paper scraps or torn pieces. Be cautious not to touch any internal components or rollers, as oils from your skin can cause damage.\\n\\n**Step 4: Check for Obstructions**\\n\\nInspect the printer\'s paper path, including the paper tray, rollers, and print head, for any obstructions or debris. Remove any dust, dirt, or other blockages that may be contributing to the jam.\\n\\n**Step 5: Realign the Paper Tray**\\n\\nIf the paper tray was dislodged during the jam, realign it according to the manufacturer\'s i\\n\\nAnswer:""}], ""role"": ""user""}]}', 'session_id': 's-24023462183b', 'invocation_id': 'e-0aa3eb23-e569-44b7-959b-6d445e252b4a', 'event_id': 'dkxiNJKX'}}}","{""system_instruction"":""You are a strict RAG agent. Use only the provided context. If the context does not contain the answer, reply that you don't know. Cite supporting chunk ids in square brackets, e.g., [row::12__chunk::0]. Be concise.\n\nYou are an agent. Your internal name is \""adk_rag_minimal_agent\"".\n\n The description about you is \""Minimal RAG over CSV corpus\"""",""temperature"":0.0,""labels"":{""adk_agent_name"":""adk_rag_minimal_agent""}}",1237.0,54.0,"{'system': 'gcp.vertex.agent', 'request': {'model': 'gemini-2.0-flash'}}","{""model"": ""gemini-2.0-flash"", ""config"": {""system_instruction"": ""You are a strict RAG agent. Use only the provided context. If the context does not contain the answer, reply that you don't know. Cite supporting chunk ids in square brackets, e.g., [row::12__chunk::0]. Be concise.\n\nYou are an agent. Your internal name is \""adk_rag_minimal_agent\"".\n\n The description about you is \""Minimal RAG over CSV corpus\"""", ""temperature"": 0.0, ""labels"": {""adk_agent_name"": ""adk_rag_minimal_agent""}}, ""contents"": [{""parts"": [{""text"": ""Query: My company-issued tablet is freezing frequently and I'm unable to access some of my apps, what can I do to fix the issue?\n\nContext:\n[row::6__chunk::0] **Troubleshooting Issues with Company-Issued Tablets**\n\nThis article provides step-by-step guidance for troubleshooting common issues with company-issued tablets. Please follow the steps outlined below to resolve the issue before escalating to advanced support.\n\n**Step 1: Power Cycle the Tablet**\n\n* Press and hold the power button until the tablet shuts down.\n* Wait for 30 seconds to allow any residual power to drain.\n* Press the power button again to turn the tablet back on.\n* Observe if the issue persists.\n\n**Step 2: Check for Software Updates**\n\n* Ensure the tablet is connected to a stable internet connection.\n* Go to **Settings** > **System** > **System Update**.\n* Check for available software updates and install any pending updates.\n* Restart the tablet after installation.\n\n**Step 3: Restart in Safe Mode**\n\n* Press and hold the power button until the tablet shuts down.\n* Press the power button again to turn the tablet back on.\n* Immediately hold down the **Volume Down** button until the tablet boots into safe mode.\n* Observe if the issue persists in safe mode.\n\n**Step 4: Check for App-Related Issues**\n\n* Identify the app that is experiencing issues.\n* Go to **Settings** > **Ap\n\n[row::6__chunk::1] he issue persists in safe mode.\n\n**Step 4: Check for App-Related Issues**\n\n* Identify the app that is experiencing issues.\n* Go to **Settings** > **Apps** > **[App Name]**.\n* Clear the app's cache and data.\n* Restart the app to see if the issue is resolved.\n\n**Step 5: Perform a Factory Reset**\n\n* Go to **Settings** > **System** > **Advanced** > **Reset Options**.\n* Select **Erase all data (factory reset)**.\n* Follow the prompts to complete the reset process.\n* Note: This step will erase all data on the tablet, so ensure that all important data is backed up before proceeding.\n\n**Step 6: Check for Hardware Issues**\n\n* Inspect the tablet for any signs of physical damage or wear.\n* Check the charging port and ensure it is free from debris.\n* Try using a different charging cable or power source.\n\n**Step 7: Gather Diagnostic Information**\n\n* Go to **Settings** > **System** > **About Tablet**.\n* Take note of the tablet's operating system version, device ID, and any error messages.\n* Provide this information to advanced support if the issue cannot be resolved through these troubleshooting steps.\n\nIf none of the above steps resolve the issue, please escalate the issue to advanced support, p\n\n[row::1__chunk::1] complete the process.\n\n**Step 5: Confirm PIN Reset**\n\n1. You will receive a confirmation message indicating that your PIN has been successfully reset.\n2. Click the \""OK\"" button to close the message.\n\n**Important Notes:**\n\n* If you are unable to reset your PIN using the self-service tool, please contact the IT Helpdesk for assistance.\n* It is recommended to keep your PIN confidential and not share it with anyone.\n* You can reset your PIN a maximum of 3 times in a 24-hour period. If you exceed this limit, you will need to contact the IT Helpdesk to reset your PIN.\n\nBy following these steps, you should be able to reset your forgotten PIN and regain access to company systems and applications. If you encounter any issues during the process, please do not hesitate to reach out to the IT Helpdesk for further assistance.\n\n[row::8__chunk::0] **Resetting a Jammed Printer**\n\n**Step 1: Turn Off the Printer**\n\nImmediately turn off the printer to prevent any further damage or paper jams. Locate the power button, usually found on the top or front of the printer, and press it to shut down the device.\n\n**Step 2: Open the Printer**\n\nLocate the printer's access panel, which varies depending on the printer model. Common locations include the top, front, or back of the printer. Open the panel by pressing the release latch or sliding it open. This will give you access to the internal mechanisms.\n\n**Step 3: Identify and Remove Jammed Paper**\n\nCarefully inspect the printer's internal mechanisms to locate the jammed paper. Gently pull out any visible paper scraps or torn pieces. Be cautious not to touch any internal components or rollers, as oils from your skin can cause damage.\n\n**Step 4: Check for Obstructions**\n\nInspect the printer's paper path, including the paper tray, rollers, and print head, for any obstructions or debris. Remove any dust, dirt, or other blockages that may be contributing to the jam.\n\n**Step 5: Realign the Paper Tray**\n\nIf the paper tray was dislodged during the jam, realign it according to the manufacturer's i\n\nAnswer:""}], ""role"": ""user""}]}",1183.0,"{""content"":{""parts"":[{""text"":""You can try power cycling the tablet, checking for software updates, restarting in safe mode, checking for app-related issues, or performing a factory reset [row::6__chunk::0, row::6__chunk::1]. See the context for detailed instructions.""}],""role"":""model""},""usage_metadata"":{""candidates_token_count"":54,""candidates_tokens_details"":[{""modality"":""TEXT"",""token_count"":54}],""prompt_token_count"":1183,""prompt_tokens_details"":[{""modality"":""TEXT"",""token_count"":1183}],""total_token_count"":1237,""traffic_type"":""ON_DEMAND""}}","{'query': ""My company-issued tablet is freezing frequently and I'm unable to access some of my apps, what can I do to fix the issue?"", 'context': '[row::6__chunk::0] **Troubleshooting Issues with Company-Issued Tablets**\n\nThis article provides step-by-step guidance for troubleshooting common issues with company-issued tablets. Please follow the steps outlined below to resolve the issue before escalating to advanced support.\n\n**Step 1: Power Cycle the Tablet**\n\n* Press and hold the power button until the tablet shuts down.\n* Wait for 30 seconds to allow any residual power to drain.\n* Press the power button again to turn the tablet back on.\n* Observe if the issue persists.\n\n**Step 2: Check for Software Updates**\n\n* Ensure the tablet is connected to a stable internet connection.\n* Go to **Settings** > **System** > **System Update**.\n* Check for available software updates and install any pending updates.\n* Restart the tablet after installation.\n\n**Step 3: Restart in Safe Mode**\n\n* Press and hold the power button until the tablet shuts down.\n* Press the power button again to turn the tablet back on.\n* Immediately hold down the **Volume Down** button until the tablet boots into safe mode.\n* Observe if the issue persists in safe mode.\n\n**Step 4: Check for App-Related Issues**\n\n* Identify the app that is experiencing issues.\n* Go to **Settings** > **Ap\n\n[row::6__chunk::1] he issue persists in safe mode.\n\n**Step 4: Check for App-Related Issues**\n\n* Identify the app that is experiencing issues.\n* Go to **Settings** > **Apps** > **[App Name]**.\n* Clear the app\'s cache and data.\n* Restart the app to see if the issue is resolved.\n\n**Step 5: Perform a Factory Reset**\n\n* Go to **Settings** > **System** > **Advanced** > **Reset Options**.\n* Select **Erase all data (factory reset)**.\n* Follow the prompts to complete the reset process.\n* Note: This step will erase all data on the tablet, so ensure that all important data is backed up before proceeding.\n\n**Step 6: Check for Hardware Issues**\n\n* Inspect the tablet for any signs of physical damage or wear.\n* Check the charging port and ensure it is free from debris.\n* Try using a different charging cable or power source.\n\n**Step 7: Gather Diagnostic Information**\n\n* Go to **Settings** > **System** > **About Tablet**.\n* Take note of the tablet\'s operating system version, device ID, and any error messages.\n* Provide this information to advanced support if the issue cannot be resolved through these troubleshooting steps.\n\nIf none of the above steps resolve the issue, please escalate the issue to advanced support, p\n\n[row::1__chunk::1] complete the process.\n\n**Step 5: Confirm PIN Reset**\n\n1. You will receive a confirmation message indicating that your PIN has been successfully reset.\n2. Click the ""OK"" button to close the message.\n\n**Important Notes:**\n\n* If you are unable to reset your PIN using the self-service tool, please contact the IT Helpdesk for assistance.\n* It is recommended to keep your PIN confidential and not share it with anyone.\n* You can reset your PIN a maximum of 3 times in a 24-hour period. If you exceed this limit, you will need to contact the IT Helpdesk to reset your PIN.\n\nBy following these steps, you should be able to reset your forgotten PIN and regain access to company systems and applications. If you encounter any issues during the process, please do not hesitate to reach out to the IT Helpdesk for further assistance.\n\n[row::8__chunk::0] **Resetting a Jammed Printer**\n\n**Step 1: Turn Off the Printer**\n\nImmediately turn off the printer to prevent any further damage or paper jams. Locate the power button, usually found on the top or front of the printer, and press it to shut down the device.\n\n**Step 2: Open the Printer**\n\nLocate the printer\'s access panel, which varies depending on the printer model. Common locations include the top, front, or back of the printer. Open the panel by pressing the release latch or sliding it open. This will give you access to the internal mechanisms.\n\n**Step 3: Identify and Remove Jammed Paper**\n\nCarefully inspect the printer\'s internal mechanisms to locate the jammed paper. Gently pull out any visible paper scraps or torn pieces. Be cautious not to touch any internal components or rollers, as oils from your skin can cause damage.\n\n**Step 4: Check for Obstructions**\n\nInspect the printer\'s paper path, including the paper tray, rollers, and print head, for any obstructions or debris. Remove any dust, dirt, or other blockages that may be contributing to the jam.\n\n**Step 5: Realign the Paper Tray**\n\nIf the paper tray was dislodged during the jam, realign it according to the manufacturer\'s i', 'row_id_for_gt': 6, 'retrieval_chunk_ids': ['row::6__chunk::0', 'row::6__chunk::1', 'row::1__chunk::1', 'row::8__chunk::0'], 'retrieval_row_ids': [6, 6, 1, 8], 'retrieval_scores': [16.1986575437, 13.7491063513, 11.7521404465, 10.6496651007], 'top_k': 4}",google,gemini-2.0-flash,s-24023462183b,"[{'message.role': 'model', 'message.contents': [{'message_content.type': 'text', 'message_content.text': 'You can try power cycling the tablet, checking for software updates, restarting in safe mode, checking for app-related issues, or performing a factory reset [row::6__chunk::0, row::6__chunk::1]. See the context for detailed instructions.'}]}]",v1,"Query: {query}

Context:
{context}

Answer:"
agent_run [adk_rag_minimal_agent],AGENT,977161ba19a19ab7,2025-08-15 06:50:40.027571+00:00,2025-08-15 06:50:41.728418+00:00,OK,,[],5415a8515b95107a,732ec72525096605190d760d4d163d6b,u,,AGENT,application/json,,,,,,,,,"{""content"":{""parts"":[{""text"":""You can try power cycling the tablet, checking for software updates, restarting in safe mode, checking for app-related issues, or performing a factory reset [row::6__chunk::0, row::6__chunk::1]. See the context for detailed instructions.""}],""role"":""model""},""usage_metadata"":{""candidates_token_count"":54,""candidates_tokens_details"":[{""modality"":""TEXT"",""token_count"":54}],""prompt_token_count"":1183,""prompt_tokens_details"":[{""modality"":""TEXT"",""token_count"":1183}],""total_token_count"":1237,""traffic_type"":""ON_DEMAND""},""invocation_id"":""e-0aa3eb23-e569-44b7-959b-6d445e252b4a"",""author"":""adk_rag_minimal_agent"",""actions"":{""state_delta"":{},""artifact_delta"":{},""requested_auth_configs"":{}},""id"":""dkxiNJKX"",""timestamp"":1755240640.028023}","{'query': ""My company-issued tablet is freezing frequently and I'm unable to access some of my apps, what can I do to fix the issue?"", 'context': '[row::6__chunk::0] **Troubleshooting Issues with Company-Issued Tablets**\n\nThis article provides step-by-step guidance for troubleshooting common issues with company-issued tablets. Please follow the steps outlined below to resolve the issue before escalating to advanced support.\n\n**Step 1: Power Cycle the Tablet**\n\n* Press and hold the power button until the tablet shuts down.\n* Wait for 30 seconds to allow any residual power to drain.\n* Press the power button again to turn the tablet back on.\n* Observe if the issue persists.\n\n**Step 2: Check for Software Updates**\n\n* Ensure the tablet is connected to a stable internet connection.\n* Go to **Settings** > **System** > **System Update**.\n* Check for available software updates and install any pending updates.\n* Restart the tablet after installation.\n\n**Step 3: Restart in Safe Mode**\n\n* Press and hold the power button until the tablet shuts down.\n* Press the power button again to turn the tablet back on.\n* Immediately hold down the **Volume Down** button until the tablet boots into safe mode.\n* Observe if the issue persists in safe mode.\n\n**Step 4: Check for App-Related Issues**\n\n* Identify the app that is experiencing issues.\n* Go to **Settings** > **Ap\n\n[row::6__chunk::1] he issue persists in safe mode.\n\n**Step 4: Check for App-Related Issues**\n\n* Identify the app that is experiencing issues.\n* Go to **Settings** > **Apps** > **[App Name]**.\n* Clear the app\'s cache and data.\n* Restart the app to see if the issue is resolved.\n\n**Step 5: Perform a Factory Reset**\n\n* Go to **Settings** > **System** > **Advanced** > **Reset Options**.\n* Select **Erase all data (factory reset)**.\n* Follow the prompts to complete the reset process.\n* Note: This step will erase all data on the tablet, so ensure that all important data is backed up before proceeding.\n\n**Step 6: Check for Hardware Issues**\n\n* Inspect the tablet for any signs of physical damage or wear.\n* Check the charging port and ensure it is free from debris.\n* Try using a different charging cable or power source.\n\n**Step 7: Gather Diagnostic Information**\n\n* Go to **Settings** > **System** > **About Tablet**.\n* Take note of the tablet\'s operating system version, device ID, and any error messages.\n* Provide this information to advanced support if the issue cannot be resolved through these troubleshooting steps.\n\nIf none of the above steps resolve the issue, please escalate the issue to advanced support, p\n\n[row::1__chunk::1] complete the process.\n\n**Step 5: Confirm PIN Reset**\n\n1. You will receive a confirmation message indicating that your PIN has been successfully reset.\n2. Click the ""OK"" button to close the message.\n\n**Important Notes:**\n\n* If you are unable to reset your PIN using the self-service tool, please contact the IT Helpdesk for assistance.\n* It is recommended to keep your PIN confidential and not share it with anyone.\n* You can reset your PIN a maximum of 3 times in a 24-hour period. If you exceed this limit, you will need to contact the IT Helpdesk to reset your PIN.\n\nBy following these steps, you should be able to reset your forgotten PIN and regain access to company systems and applications. If you encounter any issues during the process, please do not hesitate to reach out to the IT Helpdesk for further assistance.\n\n[row::8__chunk::0] **Resetting a Jammed Printer**\n\n**Step 1: Turn Off the Printer**\n\nImmediately turn off the printer to prevent any further damage or paper jams. Locate the power button, usually found on the top or front of the printer, and press it to shut down the device.\n\n**Step 2: Open the Printer**\n\nLocate the printer\'s access panel, which varies depending on the printer model. Common locations include the top, front, or back of the printer. Open the panel by pressing the release latch or sliding it open. This will give you access to the internal mechanisms.\n\n**Step 3: Identify and Remove Jammed Paper**\n\nCarefully inspect the printer\'s internal mechanisms to locate the jammed paper. Gently pull out any visible paper scraps or torn pieces. Be cautious not to touch any internal components or rollers, as oils from your skin can cause damage.\n\n**Step 4: Check for Obstructions**\n\nInspect the printer\'s paper path, including the paper tray, rollers, and print head, for any obstructions or debris. Remove any dust, dirt, or other blockages that may be contributing to the jam.\n\n**Step 5: Realign the Paper Tray**\n\nIf the paper tray was dislodged during the jam, realign it according to the manufacturer\'s i', 'row_id_for_gt': 6, 'retrieval_chunk_ids': ['row::6__chunk::0', 'row::6__chunk::1', 'row::1__chunk::1', 'row::8__chunk::0'], 'retrieval_row_ids': [6, 6, 1, 8], 'retrieval_scores': [16.1986575437, 13.7491063513, 11.7521404465, 10.6496651007], 'top_k': 4}",,,s-24023462183b,,v1,"Query: {query}

Context:
{context}

Answer:"
invocation [adk_rag_minimal],CHAIN,,2025-08-15 06:50:40.027070+00:00,2025-08-15 06:50:41.730057+00:00,OK,,[],977161ba19a19ab7,732ec72525096605190d760d4d163d6b,u,application/json,CHAIN,application/json,,,,,,,"{""user_id"": ""u"", ""session_id"": ""s-24023462183b"", ""new_message"": {""parts"": [{""text"": ""Query: My company-issued tablet is freezing frequently and I'm unable to access some of my apps, what can I do to fix the issue?\n\nContext:\n[row::6__chunk::0] **Troubleshooting Issues with Company-Issued Tablets**\n\nThis article provides step-by-step guidance for troubleshooting common issues with company-issued tablets. Please follow the steps outlined below to resolve the issue before escalating to advanced support.\n\n**Step 1: Power Cycle the Tablet**\n\n* Press and hold the power button until the tablet shuts down.\n* Wait for 30 seconds to allow any residual power to drain.\n* Press the power button again to turn the tablet back on.\n* Observe if the issue persists.\n\n**Step 2: Check for Software Updates**\n\n* Ensure the tablet is connected to a stable internet connection.\n* Go to **Settings** > **System** > **System Update**.\n* Check for available software updates and install any pending updates.\n* Restart the tablet after installation.\n\n**Step 3: Restart in Safe Mode**\n\n* Press and hold the power button until the tablet shuts down.\n* Press the power button again to turn the tablet back on.\n* Immediately hold down the **Volume Down** button until the tablet boots into safe mode.\n* Observe if the issue persists in safe mode.\n\n**Step 4: Check for App-Related Issues**\n\n* Identify the app that is experiencing issues.\n* Go to **Settings** > **Ap\n\n[row::6__chunk::1] he issue persists in safe mode.\n\n**Step 4: Check for App-Related Issues**\n\n* Identify the app that is experiencing issues.\n* Go to **Settings** > **Apps** > **[App Name]**.\n* Clear the app's cache and data.\n* Restart the app to see if the issue is resolved.\n\n**Step 5: Perform a Factory Reset**\n\n* Go to **Settings** > **System** > **Advanced** > **Reset Options**.\n* Select **Erase all data (factory reset)**.\n* Follow the prompts to complete the reset process.\n* Note: This step will erase all data on the tablet, so ensure that all important data is backed up before proceeding.\n\n**Step 6: Check for Hardware Issues**\n\n* Inspect the tablet for any signs of physical damage or wear.\n* Check the charging port and ensure it is free from debris.\n* Try using a different charging cable or power source.\n\n**Step 7: Gather Diagnostic Information**\n\n* Go to **Settings** > **System** > **About Tablet**.\n* Take note of the tablet's operating system version, device ID, and any error messages.\n* Provide this information to advanced support if the issue cannot be resolved through these troubleshooting steps.\n\nIf none of the above steps resolve the issue, please escalate the issue to advanced support, p\n\n[row::1__chunk::1] complete the process.\n\n**Step 5: Confirm PIN Reset**\n\n1. You will receive a confirmation message indicating that your PIN has been successfully reset.\n2. Click the \""OK\"" button to close the message.\n\n**Important Notes:**\n\n* If you are unable to reset your PIN using the self-service tool, please contact the IT Helpdesk for assistance.\n* It is recommended to keep your PIN confidential and not share it with anyone.\n* You can reset your PIN a maximum of 3 times in a 24-hour period. If you exceed this limit, you will need to contact the IT Helpdesk to reset your PIN.\n\nBy following these steps, you should be able to reset your forgotten PIN and regain access to company systems and applications. If you encounter any issues during the process, please do not hesitate to reach out to the IT Helpdesk for further assistance.\n\n[row::8__chunk::0] **Resetting a Jammed Printer**\n\n**Step 1: Turn Off the Printer**\n\nImmediately turn off the printer to prevent any further damage or paper jams. Locate the power button, usually found on the top or front of the printer, and press it to shut down the device.\n\n**Step 2: Open the Printer**\n\nLocate the printer's access panel, which varies depending on the printer model. Common locations include the top, front, or back of the printer. Open the panel by pressing the release latch or sliding it open. This will give you access to the internal mechanisms.\n\n**Step 3: Identify and Remove Jammed Paper**\n\nCarefully inspect the printer's internal mechanisms to locate the jammed paper. Gently pull out any visible paper scraps or torn pieces. Be cautious not to touch any internal components or rollers, as oils from your skin can cause damage.\n\n**Step 4: Check for Obstructions**\n\nInspect the printer's paper path, including the paper tray, rollers, and print head, for any obstructions or debris. Remove any dust, dirt, or other blockages that may be contributing to the jam.\n\n**Step 5: Realign the Paper Tray**\n\nIf the paper tray was dislodged during the jam, realign it according to the manufacturer's i\n\nAnswer:""}], ""role"": ""user""}, ""run_config"": {""save_input_blobs_as_artifacts"": false, ""support_cfc"": false, ""streaming_mode"": ""StreamingMode.NONE"", ""max_llm_calls"": 500}}",,"{""content"":{""parts"":[{""text"":""You can try power cycling the tablet, checking for software updates, restarting in safe mode, checking for app-related issues, or performing a factory reset [row::6__chunk::0, row::6__chunk::1]. See the context for detailed instructions.""}],""role"":""model""},""usage_metadata"":{""candidates_token_count"":54,""candidates_tokens_details"":[{""modality"":""TEXT"",""token_count"":54}],""prompt_token_count"":1183,""prompt_tokens_details"":[{""modality"":""TEXT"",""token_count"":1183}],""total_token_count"":1237,""traffic_type"":""ON_DEMAND""},""invocation_id"":""e-0aa3eb23-e569-44b7-959b-6d445e252b4a"",""author"":""adk_rag_minimal_agent"",""actions"":{""state_delta"":{},""artifact_delta"":{},""requested_auth_configs"":{}},""id"":""dkxiNJKX"",""timestamp"":1755240640.028023}","{'query': ""My company-issued tablet is freezing frequently and I'm unable to access some of my apps, what can I do to fix the issue?"", 'context': '[row::6__chunk::0] **Troubleshooting Issues with Company-Issued Tablets**\n\nThis article provides step-by-step guidance for troubleshooting common issues with company-issued tablets. Please follow the steps outlined below to resolve the issue before escalating to advanced support.\n\n**Step 1: Power Cycle the Tablet**\n\n* Press and hold the power button until the tablet shuts down.\n* Wait for 30 seconds to allow any residual power to drain.\n* Press the power button again to turn the tablet back on.\n* Observe if the issue persists.\n\n**Step 2: Check for Software Updates**\n\n* Ensure the tablet is connected to a stable internet connection.\n* Go to **Settings** > **System** > **System Update**.\n* Check for available software updates and install any pending updates.\n* Restart the tablet after installation.\n\n**Step 3: Restart in Safe Mode**\n\n* Press and hold the power button until the tablet shuts down.\n* Press the power button again to turn the tablet back on.\n* Immediately hold down the **Volume Down** button until the tablet boots into safe mode.\n* Observe if the issue persists in safe mode.\n\n**Step 4: Check for App-Related Issues**\n\n* Identify the app that is experiencing issues.\n* Go to **Settings** > **Ap\n\n[row::6__chunk::1] he issue persists in safe mode.\n\n**Step 4: Check for App-Related Issues**\n\n* Identify the app that is experiencing issues.\n* Go to **Settings** > **Apps** > **[App Name]**.\n* Clear the app\'s cache and data.\n* Restart the app to see if the issue is resolved.\n\n**Step 5: Perform a Factory Reset**\n\n* Go to **Settings** > **System** > **Advanced** > **Reset Options**.\n* Select **Erase all data (factory reset)**.\n* Follow the prompts to complete the reset process.\n* Note: This step will erase all data on the tablet, so ensure that all important data is backed up before proceeding.\n\n**Step 6: Check for Hardware Issues**\n\n* Inspect the tablet for any signs of physical damage or wear.\n* Check the charging port and ensure it is free from debris.\n* Try using a different charging cable or power source.\n\n**Step 7: Gather Diagnostic Information**\n\n* Go to **Settings** > **System** > **About Tablet**.\n* Take note of the tablet\'s operating system version, device ID, and any error messages.\n* Provide this information to advanced support if the issue cannot be resolved through these troubleshooting steps.\n\nIf none of the above steps resolve the issue, please escalate the issue to advanced support, p\n\n[row::1__chunk::1] complete the process.\n\n**Step 5: Confirm PIN Reset**\n\n1. You will receive a confirmation message indicating that your PIN has been successfully reset.\n2. Click the ""OK"" button to close the message.\n\n**Important Notes:**\n\n* If you are unable to reset your PIN using the self-service tool, please contact the IT Helpdesk for assistance.\n* It is recommended to keep your PIN confidential and not share it with anyone.\n* You can reset your PIN a maximum of 3 times in a 24-hour period. If you exceed this limit, you will need to contact the IT Helpdesk to reset your PIN.\n\nBy following these steps, you should be able to reset your forgotten PIN and regain access to company systems and applications. If you encounter any issues during the process, please do not hesitate to reach out to the IT Helpdesk for further assistance.\n\n[row::8__chunk::0] **Resetting a Jammed Printer**\n\n**Step 1: Turn Off the Printer**\n\nImmediately turn off the printer to prevent any further damage or paper jams. Locate the power button, usually found on the top or front of the printer, and press it to shut down the device.\n\n**Step 2: Open the Printer**\n\nLocate the printer\'s access panel, which varies depending on the printer model. Common locations include the top, front, or back of the printer. Open the panel by pressing the release latch or sliding it open. This will give you access to the internal mechanisms.\n\n**Step 3: Identify and Remove Jammed Paper**\n\nCarefully inspect the printer\'s internal mechanisms to locate the jammed paper. Gently pull out any visible paper scraps or torn pieces. Be cautious not to touch any internal components or rollers, as oils from your skin can cause damage.\n\n**Step 4: Check for Obstructions**\n\nInspect the printer\'s paper path, including the paper tray, rollers, and print head, for any obstructions or debris. Remove any dust, dirt, or other blockages that may be contributing to the jam.\n\n**Step 5: Realign the Paper Tray**\n\nIf the paper tray was dislodged during the jam, realign it according to the manufacturer\'s i', 'row_id_for_gt': 6, 'retrieval_chunk_ids': ['row::6__chunk::0', 'row::6__chunk::1', 'row::1__chunk::1', 'row::8__chunk::0'], 'retrieval_row_ids': [6, 6, 1, 8], 'retrieval_scores': [16.1986575437, 13.7491063513, 11.7521404465, 10.6496651007], 'top_k': 4}",,,s-24023462183b,,v1,"Query: {query}

Context:
{context}

Answer:"
call_llm,LLM,a3237ea8319ca328,2025-08-17 20:05:20.424979+00:00,2025-08-17 20:05:23.580219+00:00,OK,,[],72aac0fb2f5eef90,a45eb757ff24e1f3aaac7a5465860866,u,application/json,LLM,application/json,"[{'message.role': 'system', 'message.content': 'You are a strict RAG agent. Use only the provided context. If the context does not contain the answer, reply that you don\'t know. Do not include any internal IDs or citations in your answer. Be concise.\n\nYou are an agent. Your internal name is ""adk_rag_minimal_agent"".\n\n The description about you is ""Minimal RAG over CSV corpus""'}, {'message.role': 'user', 'message.contents': [{'message_content.type': 'text', 'message_content.text': 'Query: How do I set up my company email on my mobile device?\n\nContext:\n**Setting Up a Mobile Device for Company Email**\n\n**Prerequisites:**\n\n* Mobile device with a supported operating system (iOS, Android, or Windows)\n* Company email account credentials\n* Mobile device management (MDM) profile installed (if required by company policy)\n\n**Step 1: Ensure Mobile Device Management (MDM) Profile is Installed (if required)**\n\nIf your company requires MDM for mobile devices, ensure that the profile is installed on your device. This profile will allow your device to connect to the company network and access company email. If you are unsure whether MDM is required, contact your IT department for assistance.\n\n**Step 2: Set Up Email Account on Mobile Device**\n\n1. Go to the Settings app on your mobile device.\n2. Select ""Mail"" or ""Email"" (depending on your device\'s operating system).\n3. Tap ""Add Account"" or ""Create a new account"".\n4. Select ""Exchange"" or ""Corporate"" as the account type.\n5. Enter your company email address and password.\n6. If prompted, enter the company\'s email server address (e.g., mail.company.com).\n7. Select the desired synchronization options (e.g., sync email, contacts, calendar).\n\n**Step 3: Configure Email Settings**\n\n1. In the email account \n\nunt settings.\n\n**Additional Information:**\n\n* For security reasons, it is recommended to set up a password or PIN lock on your mobile device.\n* Company email policies may require additional security measures, such as encryption or two-factor authentication. Contact your IT department for more information.\n* If you need further assistance or have questions about company email policies, contact your IT department or refer to the company\'s email policy documentation.\n\n\n7. Select the desired synchronization options (e.g., sync email, contacts, calendar).\n\n**Step 3: Configure Email Settings**\n\n1. In the email account settings, select the ""Advanced"" or ""Security"" option.\n2. Ensure that the ""Use SSL/TLS"" or ""Use secure connection"" option is enabled.\n3. Set the authentication method to ""Username and Password"" or ""Domain\\Username"".\n4. If prompted, enter your company\'s email domain (e.g., company.com).\n\n**Step 4: Verify Email Account**\n\n1. Wait for the email account to synchronize with the company email server.\n2. Send a test email to yourself or a colleague to verify that email is sending and receiving correctly.\n\n**Troubleshooting Tips:**\n\n* If you encounter issues setting up your email account, ensure that your device has a stable internet connection and that your email credentials are correct.\n* If you are unable to connect to the company email server, contact your IT department for assistance.\n* If you experience issues with email synchronization, try restarting your device or checking the email account settings.\n\n**Additional Information:**\n\n* For security reasons, it is recommended to set up a password or PIN lock on your mobile device.\n* Compan\n\n**Configuring Email on an Android Device**\n\nThis article provides step-by-step instructions on how to configure email on an Android device. Please follow the steps below to set up your email account on your Android device.\n\n**Prerequisites:**\n\n* An Android device with a valid internet connection\n* A valid email account (company email or personal email)\n* Email account credentials (username and password)\n\n**Step 1: Go to the Email App**\n\n* Locate the Email app on your Android device. It may be on the home screen or in the app drawer.\n* Tap on the Email app to open it.\n\n**Step 2: Add a New Account**\n\n* Tap on the ""Add account"" or ""Add email account"" button.\n* Select ""Email"" or ""Corporate"" as the account type, depending on your email provider.\n* Enter your email address and password in the required fields.\n* Tap ""Next"" to proceed.\n\n**Step 3: Configure Server Settings**\n\n* The device will attempt to automatically configure the server settings. If it fails, you will need to enter the settings manually.\n* Tap on ""Manual setup"" or ""Advanced setup"" to enter the server settings manually.\n* Enter the following information:\n\t+ Incoming server: [company email server or personal email server]\n\t\n\nAnswer:'}]}]","{'vertex': {'agent': {'llm_response': '{""content"":{""parts"":[{""text"":""To set up your company email on your mobile device:\\n\\n1.  Ensure a Mobile Device Management (MDM) profile is installed if required by your company.\\n2.  Go to the Settings app on your mobile device.\\n3.  Select \\""Mail\\"" or \\""Email\\"".\\n4.  Tap \\""Add Account\\"" or \\""Create a new account\\"".\\n5.  Select \\""Exchange\\"" or \\""Corporate\\"" as the account type.\\n6.  Enter your company email address and password.\\n7.  If prompted, enter the company\'s email server address.\\n8.  Select the desired synchronization options.\\n9.  In the email account settings, select the \\""Advanced\\"" or \\""Security\\"" option.\\n10. Ensure that the \\""Use SSL/TLS\\"" or \\""Use secure connection\\"" option is enabled.\\n11. Set the authentication method to \\""Username and Password\\"" or \\""Domain\\\\Username\\"".\\n12. If prompted, enter your company\'s email domain.\\n13. Wait for the email account to synchronize with the company email server.\\n14. Send a test email to verify that email is sending and receiving correctly.""}],""role"":""model""},""usage_metadata"":{""candidates_token_count"":244,""candidates_tokens_details"":[{""modality"":""TEXT"",""token_count"":244}],""prompt_token_count"":1018,""prompt_tokens_details"":[{""modality"":""TEXT"",""token_count"":1018}],""total_token_count"":1262,""traffic_type"":""ON_DEMAND""}}', 'llm_request': '{""model"": ""gemini-2.0-flash"", ""config"": {""system_instruction"": ""You are a strict RAG agent. Use only the provided context. If the context does not contain the answer, reply that you don\'t know. Do not include any internal IDs or citations in your answer. Be concise.\\n\\nYou are an agent. Your internal name is \\""adk_rag_minimal_agent\\"".\\n\\n The description about you is \\""Minimal RAG over CSV corpus\\"""", ""temperature"": 0.0, ""labels"": {""adk_agent_name"": ""adk_rag_minimal_agent""}}, ""contents"": [{""parts"": [{""text"": ""Query: How do I set up my company email on my mobile device?\\n\\nContext:\\n**Setting Up a Mobile Device for Company Email**\\n\\n**Prerequisites:**\\n\\n* Mobile device with a supported operating system (iOS, Android, or Windows)\\n* Company email account credentials\\n* Mobile device management (MDM) profile installed (if required by company policy)\\n\\n**Step 1: Ensure Mobile Device Management (MDM) Profile is Installed (if required)**\\n\\nIf your company requires MDM for mobile devices, ensure that the profile is installed on your device. This profile will allow your device to connect to the company network and access company email. If you are unsure whether MDM is required, contact your IT department for assistance.\\n\\n**Step 2: Set Up Email Account on Mobile Device**\\n\\n1. Go to the Settings app on your mobile device.\\n2. Select \\""Mail\\"" or \\""Email\\"" (depending on your device\'s operating system).\\n3. Tap \\""Add Account\\"" or \\""Create a new account\\"".\\n4. Select \\""Exchange\\"" or \\""Corporate\\"" as the account type.\\n5. Enter your company email address and password.\\n6. If prompted, enter the company\'s email server address (e.g., mail.company.com).\\n7. Select the desired synchronization options (e.g., sync email, contacts, calendar).\\n\\n**Step 3: Configure Email Settings**\\n\\n1. In the email account \\n\\nunt settings.\\n\\n**Additional Information:**\\n\\n* For security reasons, it is recommended to set up a password or PIN lock on your mobile device.\\n* Company email policies may require additional security measures, such as encryption or two-factor authentication. Contact your IT department for more information.\\n* If you need further assistance or have questions about company email policies, contact your IT department or refer to the company\'s email policy documentation.\\n\\n\\n7. Select the desired synchronization options (e.g., sync email, contacts, calendar).\\n\\n**Step 3: Configure Email Settings**\\n\\n1. In the email account settings, select the \\""Advanced\\"" or \\""Security\\"" option.\\n2. Ensure that the \\""Use SSL/TLS\\"" or \\""Use secure connection\\"" option is enabled.\\n3. Set the authentication method to \\""Username and Password\\"" or \\""Domain\\\\Username\\"".\\n4. If prompted, enter your company\'s email domain (e.g., company.com).\\n\\n**Step 4: Verify Email Account**\\n\\n1. Wait for the email account to synchronize with the company email server.\\n2. Send a test email to yourself or a colleague to verify that email is sending and receiving correctly.\\n\\n**Troubleshooting Tips:**\\n\\n* If you encounter issues setting up your email account, ensure that your device has a stable internet connection and that your email credentials are correct.\\n* If you are unable to connect to the company email server, contact your IT department for assistance.\\n* If you experience issues with email synchronization, try restarting your device or checking the email account settings.\\n\\n**Additional Information:**\\n\\n* For security reasons, it is recommended to set up a password or PIN lock on your mobile device.\\n* Compan\\n\\n**Configuring Email on an Android Device**\\n\\nThis article provides step-by-step instructions on how to configure email on an Android device. Please follow the steps below to set up your email account on your Android device.\\n\\n**Prerequisites:**\\n\\n* An Android device with a valid internet connection\\n* A valid email account (company email or personal email)\\n* Email account credentials (username and password)\\n\\n**Step 1: Go to the Email App**\\n\\n* Locate the Email app on your Android device. It may be on the home screen or in the app drawer.\\n* Tap on the Email app to open it.\\n\\n**Step 2: Add a New Account**\\n\\n* Tap on the \\""Add account\\"" or \\""Add email account\\"" button.\\n* Select \\""Email\\"" or \\""Corporate\\"" as the account type, depending on your email provider.\\n* Enter your email address and password in the required fields.\\n* Tap \\""Next\\"" to proceed.\\n\\n**Step 3: Configure Server Settings**\\n\\n* The device will attempt to automatically configure the server settings. If it fails, you will need to enter the settings manually.\\n* Tap on \\""Manual setup\\"" or \\""Advanced setup\\"" to enter the server settings manually.\\n* Enter the following information:\\n\\t+ Incoming server: [company email server or personal email server]\\n\\t\\n\\nAnswer:""}], ""role"": ""user""}]}', 'session_id': 's-f329070101f0', 'invocation_id': 'e-d574944e-167e-436c-b120-6c79fa0299f4', 'event_id': 'E3tw3tyn'}}}","{""system_instruction"":""You are a strict RAG agent. Use only the provided context. If the context does not contain the answer, reply that you don't know. Do not include any internal IDs or citations in your answer. Be concise.\n\nYou are an agent. Your internal name is \""adk_rag_minimal_agent\"".\n\n The description about you is \""Minimal RAG over CSV corpus\"""",""temperature"":0.0,""labels"":{""adk_agent_name"":""adk_rag_minimal_agent""}}",1262.0,244.0,"{'system': 'gcp.vertex.agent', 'request': {'model': 'gemini-2.0-flash'}}","{""model"": ""gemini-2.0-flash"", ""config"": {""system_instruction"": ""You are a strict RAG agent. Use only the provided context. If the context does not contain the answer, reply that you don't know. Do not include any internal IDs or citations in your answer. Be concise.\n\nYou are an agent. Your internal name is \""adk_rag_minimal_agent\"".\n\n The description about you is \""Minimal RAG over CSV corpus\"""", ""temperature"": 0.0, ""labels"": {""adk_agent_name"": ""adk_rag_minimal_agent""}}, ""contents"": [{""parts"": [{""text"": ""Query: How do I set up my company email on my mobile device?\n\nContext:\n**Setting Up a Mobile Device for Company Email**\n\n**Prerequisites:**\n\n* Mobile device with a supported operating system (iOS, Android, or Windows)\n* Company email account credentials\n* Mobile device management (MDM) profile installed (if required by company policy)\n\n**Step 1: Ensure Mobile Device Management (MDM) Profile is Installed (if required)**\n\nIf your company requires MDM for mobile devices, ensure that the profile is installed on your device. This profile will allow your device to connect to the company network and access company email. If you are unsure whether MDM is required, contact your IT department for assistance.\n\n**Step 2: Set Up Email Account on Mobile Device**\n\n1. Go to the Settings app on your mobile device.\n2. Select \""Mail\"" or \""Email\"" (depending on your device's operating system).\n3. Tap \""Add Account\"" or \""Create a new account\"".\n4. Select \""Exchange\"" or \""Corporate\"" as the account type.\n5. Enter your company email address and password.\n6. If prompted, enter the company's email server address (e.g., mail.company.com).\n7. Select the desired synchronization options (e.g., sync email, contacts, calendar).\n\n**Step 3: Configure Email Settings**\n\n1. In the email account \n\nunt settings.\n\n**Additional Information:**\n\n* For security reasons, it is recommended to set up a password or PIN lock on your mobile device.\n* Company email policies may require additional security measures, such as encryption or two-factor authentication. Contact your IT department for more information.\n* If you need further assistance or have questions about company email policies, contact your IT department or refer to the company's email policy documentation.\n\n\n7. Select the desired synchronization options (e.g., sync email, contacts, calendar).\n\n**Step 3: Configure Email Settings**\n\n1. In the email account settings, select the \""Advanced\"" or \""Security\"" option.\n2. Ensure that the \""Use SSL/TLS\"" or \""Use secure connection\"" option is enabled.\n3. Set the authentication method to \""Username and Password\"" or \""Domain\\Username\"".\n4. If prompted, enter your company's email domain (e.g., company.com).\n\n**Step 4: Verify Email Account**\n\n1. Wait for the email account to synchronize with the company email server.\n2. Send a test email to yourself or a colleague to verify that email is sending and receiving correctly.\n\n**Troubleshooting Tips:**\n\n* If you encounter issues setting up your email account, ensure that your device has a stable internet connection and that your email credentials are correct.\n* If you are unable to connect to the company email server, contact your IT department for assistance.\n* If you experience issues with email synchronization, try restarting your device or checking the email account settings.\n\n**Additional Information:**\n\n* For security reasons, it is recommended to set up a password or PIN lock on your mobile device.\n* Compan\n\n**Configuring Email on an Android Device**\n\nThis article provides step-by-step instructions on how to configure email on an Android device. Please follow the steps below to set up your email account on your Android device.\n\n**Prerequisites:**\n\n* An Android device with a valid internet connection\n* A valid email account (company email or personal email)\n* Email account credentials (username and password)\n\n**Step 1: Go to the Email App**\n\n* Locate the Email app on your Android device. It may be on the home screen or in the app drawer.\n* Tap on the Email app to open it.\n\n**Step 2: Add a New Account**\n\n* Tap on the \""Add account\"" or \""Add email account\"" button.\n* Select \""Email\"" or \""Corporate\"" as the account type, depending on your email provider.\n* Enter your email address and password in the required fields.\n* Tap \""Next\"" to proceed.\n\n**Step 3: Configure Server Settings**\n\n* The device will attempt to automatically configure the server settings. If it fails, you will need to enter the settings manually.\n* Tap on \""Manual setup\"" or \""Advanced setup\"" to enter the server settings manually.\n* Enter the following information:\n\t+ Incoming server: [company email server or personal email server]\n\t\n\nAnswer:""}], ""role"": ""user""}]}",1018.0,"{""content"":{""parts"":[{""text"":""To set up your company email on your mobile device:\n\n1.  Ensure a Mobile Device Management (MDM) profile is installed if required by your company.\n2.  Go to the Settings app on your mobile device.\n3.  Select \""Mail\"" or \""Email\"".\n4.  Tap \""Add Account\"" or \""Create a new account\"".\n5.  Select \""Exchange\"" or \""Corporate\"" as the account type.\n6.  Enter your company email address and password.\n7.  If prompted, enter the company's email server address.\n8.  Select the desired synchronization options.\n9.  In the email account settings, select the \""Advanced\"" or \""Security\"" option.\n10. Ensure that the \""Use SSL/TLS\"" or \""Use secure connection\"" option is enabled.\n11. Set the authentication method to \""Username and Password\"" or \""Domain\\Username\"".\n12. If prompted, enter your company's email domain.\n13. Wait for the email account to synchronize with the company email server.\n14. Send a test email to verify that email is sending and receiving correctly.""}],""role"":""model""},""usage_metadata"":{""candidates_token_count"":244,""candidates_tokens_details"":[{""modality"":""TEXT"",""token_count"":244}],""prompt_token_count"":1018,""prompt_tokens_details"":[{""modality"":""TEXT"",""token_count"":1018}],""total_token_count"":1262,""traffic_type"":""ON_DEMAND""}}","{'query': 'How do I set up my company email on my mobile device?', 'context': '**Setting Up a Mobile Device for Company Email**\n\n**Prerequisites:**\n\n* Mobile device with a supported operating system (iOS, Android, or Windows)\n* Company email account credentials\n* Mobile device management (MDM) profile installed (if required by company policy)\n\n**Step 1: Ensure Mobile Device Management (MDM) Profile is Installed (if required)**\n\nIf your company requires MDM for mobile devices, ensure that the profile is installed on your device. This profile will allow your device to connect to the company network and access company email. If you are unsure whether MDM is required, contact your IT department for assistance.\n\n**Step 2: Set Up Email Account on Mobile Device**\n\n1. Go to the Settings app on your mobile device.\n2. Select ""Mail"" or ""Email"" (depending on your device\'s operating system).\n3. Tap ""Add Account"" or ""Create a new account"".\n4. Select ""Exchange"" or ""Corporate"" as the account type.\n5. Enter your company email address and password.\n6. If prompted, enter the company\'s email server address (e.g., mail.company.com).\n7. Select the desired synchronization options (e.g., sync email, contacts, calendar).\n\n**Step 3: Configure Email Settings**\n\n1. In the email account \n\nunt settings.\n\n**Additional Information:**\n\n* For security reasons, it is recommended to set up a password or PIN lock on your mobile device.\n* Company email policies may require additional security measures, such as encryption or two-factor authentication. Contact your IT department for more information.\n* If you need further assistance or have questions about company email policies, contact your IT department or refer to the company\'s email policy documentation.\n\n\n7. Select the desired synchronization options (e.g., sync email, contacts, calendar).\n\n**Step 3: Configure Email Settings**\n\n1. In the email account settings, select the ""Advanced"" or ""Security"" option.\n2. Ensure that the ""Use SSL/TLS"" or ""Use secure connection"" option is enabled.\n3. Set the authentication method to ""Username and Password"" or ""Domain\\Username"".\n4. If prompted, enter your company\'s email domain (e.g., company.com).\n\n**Step 4: Verify Email Account**\n\n1. Wait for the email account to synchronize with the company email server.\n2. Send a test email to yourself or a colleague to verify that email is sending and receiving correctly.\n\n**Troubleshooting Tips:**\n\n* If you encounter issues setting up your email account, ensure that your device has a stable internet connection and that your email credentials are correct.\n* If you are unable to connect to the company email server, contact your IT department for assistance.\n* If you experience issues with email synchronization, try restarting your device or checking the email account settings.\n\n**Additional Information:**\n\n* For security reasons, it is recommended to set up a password or PIN lock on your mobile device.\n* Compan\n\n**Configuring Email on an Android Device**\n\nThis article provides step-by-step instructions on how to configure email on an Android device. Please follow the steps below to set up your email account on your Android device.\n\n**Prerequisites:**\n\n* An Android device with a valid internet connection\n* A valid email account (company email or personal email)\n* Email account credentials (username and password)\n\n**Step 1: Go to the Email App**\n\n* Locate the Email app on your Android device. It may be on the home screen or in the app drawer.\n* Tap on the Email app to open it.\n\n**Step 2: Add a New Account**\n\n* Tap on the ""Add account"" or ""Add email account"" button.\n* Select ""Email"" or ""Corporate"" as the account type, depending on your email provider.\n* Enter your email address and password in the required fields.\n* Tap ""Next"" to proceed.\n\n**Step 3: Configure Server Settings**\n\n* The device will attempt to automatically configure the server settings. If it fails, you will need to enter the settings manually.\n* Tap on ""Manual setup"" or ""Advanced setup"" to enter the server settings manually.\n* Enter the following information:\n\t+ Incoming server: [company email server or personal email server]\n\t', 'row_id_for_gt': 0, 'retrieval_chunk_ids': ['row::0__chunk::0', 'row::0__chunk::2', 'row::0__chunk::1', 'row::9__chunk::0'], 'retrieval_row_ids': [0, 0, 0, 9], 'retrieval_scores': [9.8409513347, 8.0218741166, 7.1464003217, 6.9649705296], 'top_k': 4}",google,gemini-2.0-flash,s-f329070101f0,"[{'message.role': 'model', 'message.contents': [{'message_content.type': 'text', 'message_content.text': 'To set up your company email on your mobile device:\n\n1.  Ensure a Mobile Device Management (MDM) profile is installed if required by your company.\n2.  Go to the Settings app on your mobile device.\n3.  Select ""Mail"" or ""Email"".\n4.  Tap ""Add Account"" or ""Create a new account"".\n5.  Select ""Exchange"" or ""Corporate"" as the account type.\n6.  Enter your company email address and password.\n7.  If prompted, enter the company\'s email server address.\n8.  Select the desired synchronization options.\n9.  In the email account settings, select the ""Advanced"" or ""Security"" option.\n10. Ensure that the ""Use SSL/TLS"" or ""Use secure connection"" option is enabled.\n11. Set the authentication method to ""Username and Password"" or ""Domain\\Username"".\n12. If prompted, enter your company\'s email domain.\n13. Wait for the email account to synchronize with the company email server.\n14. Send a test email to verify that email is sending and receiving correctly.'}]}]",v1,"Query: {query}

Context:
{context}

Answer:"
agent_run [adk_rag_minimal_agent],AGENT,947df9728af6316e,2025-08-17 20:05:20.424213+00:00,2025-08-17 20:05:23.597023+00:00,OK,,[],a3237ea8319ca328,a45eb757ff24e1f3aaac7a5465860866,u,,AGENT,application/json,,,,,,,,,"{""content"":{""parts"":[{""text"":""To set up your company email on your mobile device:\n\n1.  Ensure a Mobile Device Management (MDM) profile is installed if required by your company.\n2.  Go to the Settings app on your mobile device.\n3.  Select \""Mail\"" or \""Email\"".\n4.  Tap \""Add Account\"" or \""Create a new account\"".\n5.  Select \""Exchange\"" or \""Corporate\"" as the account type.\n6.  Enter your company email address and password.\n7.  If prompted, enter the company's email server address.\n8.  Select the desired synchronization options.\n9.  In the email account settings, select the \""Advanced\"" or \""Security\"" option.\n10. Ensure that the \""Use SSL/TLS\"" or \""Use secure connection\"" option is enabled.\n11. Set the authentication method to \""Username and Password\"" or \""Domain\\Username\"".\n12. If prompted, enter your company's email domain.\n13. Wait for the email account to synchronize with the company email server.\n14. Send a test email to verify that email is sending and receiving correctly.""}],""role"":""model""},""usage_metadata"":{""candidates_token_count"":244,""candidates_tokens_details"":[{""modality"":""TEXT"",""token_count"":244}],""prompt_token_count"":1018,""prompt_tokens_details"":[{""modality"":""TEXT"",""token_count"":1018}],""total_token_count"":1262,""traffic_type"":""ON_DEMAND""},""invocation_id"":""e-d574944e-167e-436c-b120-6c79fa0299f4"",""author"":""adk_rag_minimal_agent"",""actions"":{""state_delta"":{},""artifact_delta"":{},""requested_auth_configs"":{}},""id"":""E3tw3tyn"",""timestamp"":1755461120.424882}","{'query': 'How do I set up my company email on my mobile device?', 'context': '**Setting Up a Mobile Device for Company Email**\n\n**Prerequisites:**\n\n* Mobile device with a supported operating system (iOS, Android, or Windows)\n* Company email account credentials\n* Mobile device management (MDM) profile installed (if required by company policy)\n\n**Step 1: Ensure Mobile Device Management (MDM) Profile is Installed (if required)**\n\nIf your company requires MDM for mobile devices, ensure that the profile is installed on your device. This profile will allow your device to connect to the company network and access company email. If you are unsure whether MDM is required, contact your IT department for assistance.\n\n**Step 2: Set Up Email Account on Mobile Device**\n\n1. Go to the Settings app on your mobile device.\n2. Select ""Mail"" or ""Email"" (depending on your device\'s operating system).\n3. Tap ""Add Account"" or ""Create a new account"".\n4. Select ""Exchange"" or ""Corporate"" as the account type.\n5. Enter your company email address and password.\n6. If prompted, enter the company\'s email server address (e.g., mail.company.com).\n7. Select the desired synchronization options (e.g., sync email, contacts, calendar).\n\n**Step 3: Configure Email Settings**\n\n1. In the email account \n\nunt settings.\n\n**Additional Information:**\n\n* For security reasons, it is recommended to set up a password or PIN lock on your mobile device.\n* Company email policies may require additional security measures, such as encryption or two-factor authentication. Contact your IT department for more information.\n* If you need further assistance or have questions about company email policies, contact your IT department or refer to the company\'s email policy documentation.\n\n\n7. Select the desired synchronization options (e.g., sync email, contacts, calendar).\n\n**Step 3: Configure Email Settings**\n\n1. In the email account settings, select the ""Advanced"" or ""Security"" option.\n2. Ensure that the ""Use SSL/TLS"" or ""Use secure connection"" option is enabled.\n3. Set the authentication method to ""Username and Password"" or ""Domain\\Username"".\n4. If prompted, enter your company\'s email domain (e.g., company.com).\n\n**Step 4: Verify Email Account**\n\n1. Wait for the email account to synchronize with the company email server.\n2. Send a test email to yourself or a colleague to verify that email is sending and receiving correctly.\n\n**Troubleshooting Tips:**\n\n* If you encounter issues setting up your email account, ensure that your device has a stable internet connection and that your email credentials are correct.\n* If you are unable to connect to the company email server, contact your IT department for assistance.\n* If you experience issues with email synchronization, try restarting your device or checking the email account settings.\n\n**Additional Information:**\n\n* For security reasons, it is recommended to set up a password or PIN lock on your mobile device.\n* Compan\n\n**Configuring Email on an Android Device**\n\nThis article provides step-by-step instructions on how to configure email on an Android device. Please follow the steps below to set up your email account on your Android device.\n\n**Prerequisites:**\n\n* An Android device with a valid internet connection\n* A valid email account (company email or personal email)\n* Email account credentials (username and password)\n\n**Step 1: Go to the Email App**\n\n* Locate the Email app on your Android device. It may be on the home screen or in the app drawer.\n* Tap on the Email app to open it.\n\n**Step 2: Add a New Account**\n\n* Tap on the ""Add account"" or ""Add email account"" button.\n* Select ""Email"" or ""Corporate"" as the account type, depending on your email provider.\n* Enter your email address and password in the required fields.\n* Tap ""Next"" to proceed.\n\n**Step 3: Configure Server Settings**\n\n* The device will attempt to automatically configure the server settings. If it fails, you will need to enter the settings manually.\n* Tap on ""Manual setup"" or ""Advanced setup"" to enter the server settings manually.\n* Enter the following information:\n\t+ Incoming server: [company email server or personal email server]\n\t', 'row_id_for_gt': 0, 'retrieval_chunk_ids': ['row::0__chunk::0', 'row::0__chunk::2', 'row::0__chunk::1', 'row::9__chunk::0'], 'retrieval_row_ids': [0, 0, 0, 9], 'retrieval_scores': [9.8409513347, 8.0218741166, 7.1464003217, 6.9649705296], 'top_k': 4}",,,s-f329070101f0,,v1,"Query: {query}

Context:
{context}

Answer:"
invocation [adk_rag_minimal],CHAIN,,2025-08-17 20:05:20.423775+00:00,2025-08-17 20:05:23.598234+00:00,OK,,[],947df9728af6316e,a45eb757ff24e1f3aaac7a5465860866,u,application/json,CHAIN,application/json,,,,,,,"{""user_id"": ""u"", ""session_id"": ""s-f329070101f0"", ""new_message"": {""parts"": [{""text"": ""Query: How do I set up my company email on my mobile device?\n\nContext:\n**Setting Up a Mobile Device for Company Email**\n\n**Prerequisites:**\n\n* Mobile device with a supported operating system (iOS, Android, or Windows)\n* Company email account credentials\n* Mobile device management (MDM) profile installed (if required by company policy)\n\n**Step 1: Ensure Mobile Device Management (MDM) Profile is Installed (if required)**\n\nIf your company requires MDM for mobile devices, ensure that the profile is installed on your device. This profile will allow your device to connect to the company network and access company email. If you are unsure whether MDM is required, contact your IT department for assistance.\n\n**Step 2: Set Up Email Account on Mobile Device**\n\n1. Go to the Settings app on your mobile device.\n2. Select \""Mail\"" or \""Email\"" (depending on your device's operating system).\n3. Tap \""Add Account\"" or \""Create a new account\"".\n4. Select \""Exchange\"" or \""Corporate\"" as the account type.\n5. Enter your company email address and password.\n6. If prompted, enter the company's email server address (e.g., mail.company.com).\n7. Select the desired synchronization options (e.g., sync email, contacts, calendar).\n\n**Step 3: Configure Email Settings**\n\n1. In the email account \n\nunt settings.\n\n**Additional Information:**\n\n* For security reasons, it is recommended to set up a password or PIN lock on your mobile device.\n* Company email policies may require additional security measures, such as encryption or two-factor authentication. Contact your IT department for more information.\n* If you need further assistance or have questions about company email policies, contact your IT department or refer to the company's email policy documentation.\n\n\n7. Select the desired synchronization options (e.g., sync email, contacts, calendar).\n\n**Step 3: Configure Email Settings**\n\n1. In the email account settings, select the \""Advanced\"" or \""Security\"" option.\n2. Ensure that the \""Use SSL/TLS\"" or \""Use secure connection\"" option is enabled.\n3. Set the authentication method to \""Username and Password\"" or \""Domain\\Username\"".\n4. If prompted, enter your company's email domain (e.g., company.com).\n\n**Step 4: Verify Email Account**\n\n1. Wait for the email account to synchronize with the company email server.\n2. Send a test email to yourself or a colleague to verify that email is sending and receiving correctly.\n\n**Troubleshooting Tips:**\n\n* If you encounter issues setting up your email account, ensure that your device has a stable internet connection and that your email credentials are correct.\n* If you are unable to connect to the company email server, contact your IT department for assistance.\n* If you experience issues with email synchronization, try restarting your device or checking the email account settings.\n\n**Additional Information:**\n\n* For security reasons, it is recommended to set up a password or PIN lock on your mobile device.\n* Compan\n\n**Configuring Email on an Android Device**\n\nThis article provides step-by-step instructions on how to configure email on an Android device. Please follow the steps below to set up your email account on your Android device.\n\n**Prerequisites:**\n\n* An Android device with a valid internet connection\n* A valid email account (company email or personal email)\n* Email account credentials (username and password)\n\n**Step 1: Go to the Email App**\n\n* Locate the Email app on your Android device. It may be on the home screen or in the app drawer.\n* Tap on the Email app to open it.\n\n**Step 2: Add a New Account**\n\n* Tap on the \""Add account\"" or \""Add email account\"" button.\n* Select \""Email\"" or \""Corporate\"" as the account type, depending on your email provider.\n* Enter your email address and password in the required fields.\n* Tap \""Next\"" to proceed.\n\n**Step 3: Configure Server Settings**\n\n* The device will attempt to automatically configure the server settings. If it fails, you will need to enter the settings manually.\n* Tap on \""Manual setup\"" or \""Advanced setup\"" to enter the server settings manually.\n* Enter the following information:\n\t+ Incoming server: [company email server or personal email server]\n\t\n\nAnswer:""}], ""role"": ""user""}, ""run_config"": {""save_input_blobs_as_artifacts"": false, ""support_cfc"": false, ""streaming_mode"": ""StreamingMode.NONE"", ""max_llm_calls"": 500}}",,"{""content"":{""parts"":[{""text"":""To set up your company email on your mobile device:\n\n1.  Ensure a Mobile Device Management (MDM) profile is installed if required by your company.\n2.  Go to the Settings app on your mobile device.\n3.  Select \""Mail\"" or \""Email\"".\n4.  Tap \""Add Account\"" or \""Create a new account\"".\n5.  Select \""Exchange\"" or \""Corporate\"" as the account type.\n6.  Enter your company email address and password.\n7.  If prompted, enter the company's email server address.\n8.  Select the desired synchronization options.\n9.  In the email account settings, select the \""Advanced\"" or \""Security\"" option.\n10. Ensure that the \""Use SSL/TLS\"" or \""Use secure connection\"" option is enabled.\n11. Set the authentication method to \""Username and Password\"" or \""Domain\\Username\"".\n12. If prompted, enter your company's email domain.\n13. Wait for the email account to synchronize with the company email server.\n14. Send a test email to verify that email is sending and receiving correctly.""}],""role"":""model""},""usage_metadata"":{""candidates_token_count"":244,""candidates_tokens_details"":[{""modality"":""TEXT"",""token_count"":244}],""prompt_token_count"":1018,""prompt_tokens_details"":[{""modality"":""TEXT"",""token_count"":1018}],""total_token_count"":1262,""traffic_type"":""ON_DEMAND""},""invocation_id"":""e-d574944e-167e-436c-b120-6c79fa0299f4"",""author"":""adk_rag_minimal_agent"",""actions"":{""state_delta"":{},""artifact_delta"":{},""requested_auth_configs"":{}},""id"":""E3tw3tyn"",""timestamp"":1755461120.424882}","{'query': 'How do I set up my company email on my mobile device?', 'context': '**Setting Up a Mobile Device for Company Email**\n\n**Prerequisites:**\n\n* Mobile device with a supported operating system (iOS, Android, or Windows)\n* Company email account credentials\n* Mobile device management (MDM) profile installed (if required by company policy)\n\n**Step 1: Ensure Mobile Device Management (MDM) Profile is Installed (if required)**\n\nIf your company requires MDM for mobile devices, ensure that the profile is installed on your device. This profile will allow your device to connect to the company network and access company email. If you are unsure whether MDM is required, contact your IT department for assistance.\n\n**Step 2: Set Up Email Account on Mobile Device**\n\n1. Go to the Settings app on your mobile device.\n2. Select ""Mail"" or ""Email"" (depending on your device\'s operating system).\n3. Tap ""Add Account"" or ""Create a new account"".\n4. Select ""Exchange"" or ""Corporate"" as the account type.\n5. Enter your company email address and password.\n6. If prompted, enter the company\'s email server address (e.g., mail.company.com).\n7. Select the desired synchronization options (e.g., sync email, contacts, calendar).\n\n**Step 3: Configure Email Settings**\n\n1. In the email account \n\nunt settings.\n\n**Additional Information:**\n\n* For security reasons, it is recommended to set up a password or PIN lock on your mobile device.\n* Company email policies may require additional security measures, such as encryption or two-factor authentication. Contact your IT department for more information.\n* If you need further assistance or have questions about company email policies, contact your IT department or refer to the company\'s email policy documentation.\n\n\n7. Select the desired synchronization options (e.g., sync email, contacts, calendar).\n\n**Step 3: Configure Email Settings**\n\n1. In the email account settings, select the ""Advanced"" or ""Security"" option.\n2. Ensure that the ""Use SSL/TLS"" or ""Use secure connection"" option is enabled.\n3. Set the authentication method to ""Username and Password"" or ""Domain\\Username"".\n4. If prompted, enter your company\'s email domain (e.g., company.com).\n\n**Step 4: Verify Email Account**\n\n1. Wait for the email account to synchronize with the company email server.\n2. Send a test email to yourself or a colleague to verify that email is sending and receiving correctly.\n\n**Troubleshooting Tips:**\n\n* If you encounter issues setting up your email account, ensure that your device has a stable internet connection and that your email credentials are correct.\n* If you are unable to connect to the company email server, contact your IT department for assistance.\n* If you experience issues with email synchronization, try restarting your device or checking the email account settings.\n\n**Additional Information:**\n\n* For security reasons, it is recommended to set up a password or PIN lock on your mobile device.\n* Compan\n\n**Configuring Email on an Android Device**\n\nThis article provides step-by-step instructions on how to configure email on an Android device. Please follow the steps below to set up your email account on your Android device.\n\n**Prerequisites:**\n\n* An Android device with a valid internet connection\n* A valid email account (company email or personal email)\n* Email account credentials (username and password)\n\n**Step 1: Go to the Email App**\n\n* Locate the Email app on your Android device. It may be on the home screen or in the app drawer.\n* Tap on the Email app to open it.\n\n**Step 2: Add a New Account**\n\n* Tap on the ""Add account"" or ""Add email account"" button.\n* Select ""Email"" or ""Corporate"" as the account type, depending on your email provider.\n* Enter your email address and password in the required fields.\n* Tap ""Next"" to proceed.\n\n**Step 3: Configure Server Settings**\n\n* The device will attempt to automatically configure the server settings. If it fails, you will need to enter the settings manually.\n* Tap on ""Manual setup"" or ""Advanced setup"" to enter the server settings manually.\n* Enter the following information:\n\t+ Incoming server: [company email server or personal email server]\n\t', 'row_id_for_gt': 0, 'retrieval_chunk_ids': ['row::0__chunk::0', 'row::0__chunk::2', 'row::0__chunk::1', 'row::9__chunk::0'], 'retrieval_row_ids': [0, 0, 0, 9], 'retrieval_scores': [9.8409513347, 8.0218741166, 7.1464003217, 6.9649705296], 'top_k': 4}",,,s-f329070101f0,,v1,"Query: {query}

Context:
{context}

Answer:"
call_llm,LLM,af50ebc4b280711a,2025-08-17 20:05:23.602068+00:00,2025-08-17 20:05:25.643215+00:00,OK,,[],a03e81386c74cd5f,691235e6bac6fb4a66ead0b1975e7310,u,application/json,LLM,application/json,"[{'message.role': 'system', 'message.content': 'You are a strict RAG agent. Use only the provided context. If the context does not contain the answer, reply that you don\'t know. Do not include any internal IDs or citations in your answer. Be concise.\n\nYou are an agent. Your internal name is ""adk_rag_minimal_agent"".\n\n The description about you is ""Minimal RAG over CSV corpus""'}, {'message.role': 'user', 'message.contents': [{'message_content.type': 'text', 'message_content.text': 'Query: I forgot my PIN, how can I reset it?\n\nContext:\ncomplete the process.\n\n**Step 5: Confirm PIN Reset**\n\n1. You will receive a confirmation message indicating that your PIN has been successfully reset.\n2. Click the ""OK"" button to close the message.\n\n**Important Notes:**\n\n* If you are unable to reset your PIN using the self-service tool, please contact the IT Helpdesk for assistance.\n* It is recommended to keep your PIN confidential and not share it with anyone.\n* You can reset your PIN a maximum of 3 times in a 24-hour period. If you exceed this limit, you will need to contact the IT Helpdesk to reset your PIN.\n\nBy following these steps, you should be able to reset your forgotten PIN and regain access to company systems and applications. If you encounter any issues during the process, please do not hesitate to reach out to the IT Helpdesk for further assistance.\n\n**Resetting a Forgotten PIN**\n\nIf you have forgotten your PIN, you can reset it using the following steps:\n\n**Step 1: Access the PIN Reset Tool**\n\n1. Go to the company\'s intranet homepage and click on the ""IT Support"" link at the top right corner of the page.\n2. Click on the ""Self-Service"" tab and then select ""PIN Reset"" from the drop-down menu.\n3. You will be redirected to the PIN Reset Tool login page.\n\n**Step 2: Authenticate with Your Credentials**\n\n1. Enter your company username and password in the required fields.\n2. Click the ""Login"" button to authenticate.\n\n**Step 3: Verify Your Identity**\n\n1. You will be prompted to answer your security question. Enter your answer in the required field.\n2. Click the ""Next"" button to proceed.\n\n**Step 4: Reset Your PIN**\n\n1. Enter a new PIN in the required field. The PIN must be at least 8 characters long and contain a mix of uppercase and lowercase letters, numbers, and special characters.\n2. Re-enter your new PIN in the confirmation field to ensure accuracy.\n3. Click the ""Reset PIN"" button to complete the process.\n\n**Step 5: Confirm PIN Reset**\n\n1. You will receive a confirmation message indicating that your PIN has been successfully reset.\n\nthe paper tray, as this can cause paper jams and other issues.\n* If you are unsure about how to reset a jammed printer or if the issue persists after following these steps, contact the IT helpdesk for assistance.\n\n**Resetting a Jammed Printer**\n\n**Step 1: Turn Off the Printer**\n\nImmediately turn off the printer to prevent any further damage or paper jams. Locate the power button, usually found on the top or front of the printer, and press it to shut down the device.\n\n**Step 2: Open the Printer**\n\nLocate the printer\'s access panel, which varies depending on the printer model. Common locations include the top, front, or back of the printer. Open the panel by pressing the release latch or sliding it open. This will give you access to the internal mechanisms.\n\n**Step 3: Identify and Remove Jammed Paper**\n\nCarefully inspect the printer\'s internal mechanisms to locate the jammed paper. Gently pull out any visible paper scraps or torn pieces. Be cautious not to touch any internal components or rollers, as oils from your skin can cause damage.\n\n**Step 4: Check for Obstructions**\n\nInspect the printer\'s paper path, including the paper tray, rollers, and print head, for any obstructions or debris. Remove any dust, dirt, or other blockages that may be contributing to the jam.\n\n**Step 5: Realign the Paper Tray**\n\nIf the paper tray was dislodged during the jam, realign it according to the manufacturer\'s i\n\nAnswer:'}]}]","{'vertex': {'agent': {'llm_response': '{""content"":{""parts"":[{""text"":""To reset your PIN:\\n1. Go to the company\'s intranet homepage and click on the \\""IT Support\\"" link.\\n2. Click on the \\""Self-Service\\"" tab and then select \\""PIN Reset\\"" from the drop-down menu.\\n3. Enter your company username and password.\\n4. Answer your security question.\\n5. Enter a new PIN (at least 8 characters long with uppercase and lowercase letters, numbers, and special characters).\\n6. Re-enter your new PIN to confirm.\\n7. Click the \\""Reset PIN\\"" button.\\n""}],""role"":""model""},""usage_metadata"":{""candidates_token_count"":121,""candidates_tokens_details"":[{""modality"":""TEXT"",""token_count"":121}],""prompt_token_count"":900,""prompt_tokens_details"":[{""modality"":""TEXT"",""token_count"":900}],""total_token_count"":1021,""traffic_type"":""ON_DEMAND""}}', 'llm_request': '{""model"": ""gemini-2.0-flash"", ""config"": {""system_instruction"": ""You are a strict RAG agent. Use only the provided context. If the context does not contain the answer, reply that you don\'t know. Do not include any internal IDs or citations in your answer. Be concise.\\n\\nYou are an agent. Your internal name is \\""adk_rag_minimal_agent\\"".\\n\\n The description about you is \\""Minimal RAG over CSV corpus\\"""", ""temperature"": 0.0, ""labels"": {""adk_agent_name"": ""adk_rag_minimal_agent""}}, ""contents"": [{""parts"": [{""text"": ""Query: I forgot my PIN, how can I reset it?\\n\\nContext:\\ncomplete the process.\\n\\n**Step 5: Confirm PIN Reset**\\n\\n1. You will receive a confirmation message indicating that your PIN has been successfully reset.\\n2. Click the \\""OK\\"" button to close the message.\\n\\n**Important Notes:**\\n\\n* If you are unable to reset your PIN using the self-service tool, please contact the IT Helpdesk for assistance.\\n* It is recommended to keep your PIN confidential and not share it with anyone.\\n* You can reset your PIN a maximum of 3 times in a 24-hour period. If you exceed this limit, you will need to contact the IT Helpdesk to reset your PIN.\\n\\nBy following these steps, you should be able to reset your forgotten PIN and regain access to company systems and applications. If you encounter any issues during the process, please do not hesitate to reach out to the IT Helpdesk for further assistance.\\n\\n**Resetting a Forgotten PIN**\\n\\nIf you have forgotten your PIN, you can reset it using the following steps:\\n\\n**Step 1: Access the PIN Reset Tool**\\n\\n1. Go to the company\'s intranet homepage and click on the \\""IT Support\\"" link at the top right corner of the page.\\n2. Click on the \\""Self-Service\\"" tab and then select \\""PIN Reset\\"" from the drop-down menu.\\n3. You will be redirected to the PIN Reset Tool login page.\\n\\n**Step 2: Authenticate with Your Credentials**\\n\\n1. Enter your company username and password in the required fields.\\n2. Click the \\""Login\\"" button to authenticate.\\n\\n**Step 3: Verify Your Identity**\\n\\n1. You will be prompted to answer your security question. Enter your answer in the required field.\\n2. Click the \\""Next\\"" button to proceed.\\n\\n**Step 4: Reset Your PIN**\\n\\n1. Enter a new PIN in the required field. The PIN must be at least 8 characters long and contain a mix of uppercase and lowercase letters, numbers, and special characters.\\n2. Re-enter your new PIN in the confirmation field to ensure accuracy.\\n3. Click the \\""Reset PIN\\"" button to complete the process.\\n\\n**Step 5: Confirm PIN Reset**\\n\\n1. You will receive a confirmation message indicating that your PIN has been successfully reset.\\n\\nthe paper tray, as this can cause paper jams and other issues.\\n* If you are unsure about how to reset a jammed printer or if the issue persists after following these steps, contact the IT helpdesk for assistance.\\n\\n**Resetting a Jammed Printer**\\n\\n**Step 1: Turn Off the Printer**\\n\\nImmediately turn off the printer to prevent any further damage or paper jams. Locate the power button, usually found on the top or front of the printer, and press it to shut down the device.\\n\\n**Step 2: Open the Printer**\\n\\nLocate the printer\'s access panel, which varies depending on the printer model. Common locations include the top, front, or back of the printer. Open the panel by pressing the release latch or sliding it open. This will give you access to the internal mechanisms.\\n\\n**Step 3: Identify and Remove Jammed Paper**\\n\\nCarefully inspect the printer\'s internal mechanisms to locate the jammed paper. Gently pull out any visible paper scraps or torn pieces. Be cautious not to touch any internal components or rollers, as oils from your skin can cause damage.\\n\\n**Step 4: Check for Obstructions**\\n\\nInspect the printer\'s paper path, including the paper tray, rollers, and print head, for any obstructions or debris. Remove any dust, dirt, or other blockages that may be contributing to the jam.\\n\\n**Step 5: Realign the Paper Tray**\\n\\nIf the paper tray was dislodged during the jam, realign it according to the manufacturer\'s i\\n\\nAnswer:""}], ""role"": ""user""}]}', 'session_id': 's-17441f422428', 'invocation_id': 'e-5c03cc9c-84a8-41d9-9431-b90913f04692', 'event_id': 'ky88XvOV'}}}","{""system_instruction"":""You are a strict RAG agent. Use only the provided context. If the context does not contain the answer, reply that you don't know. Do not include any internal IDs or citations in your answer. Be concise.\n\nYou are an agent. Your internal name is \""adk_rag_minimal_agent\"".\n\n The description about you is \""Minimal RAG over CSV corpus\"""",""temperature"":0.0,""labels"":{""adk_agent_name"":""adk_rag_minimal_agent""}}",1021.0,121.0,"{'system': 'gcp.vertex.agent', 'request': {'model': 'gemini-2.0-flash'}}","{""model"": ""gemini-2.0-flash"", ""config"": {""system_instruction"": ""You are a strict RAG agent. Use only the provided context. If the context does not contain the answer, reply that you don't know. Do not include any internal IDs or citations in your answer. Be concise.\n\nYou are an agent. Your internal name is \""adk_rag_minimal_agent\"".\n\n The description about you is \""Minimal RAG over CSV corpus\"""", ""temperature"": 0.0, ""labels"": {""adk_agent_name"": ""adk_rag_minimal_agent""}}, ""contents"": [{""parts"": [{""text"": ""Query: I forgot my PIN, how can I reset it?\n\nContext:\ncomplete the process.\n\n**Step 5: Confirm PIN Reset**\n\n1. You will receive a confirmation message indicating that your PIN has been successfully reset.\n2. Click the \""OK\"" button to close the message.\n\n**Important Notes:**\n\n* If you are unable to reset your PIN using the self-service tool, please contact the IT Helpdesk for assistance.\n* It is recommended to keep your PIN confidential and not share it with anyone.\n* You can reset your PIN a maximum of 3 times in a 24-hour period. If you exceed this limit, you will need to contact the IT Helpdesk to reset your PIN.\n\nBy following these steps, you should be able to reset your forgotten PIN and regain access to company systems and applications. If you encounter any issues during the process, please do not hesitate to reach out to the IT Helpdesk for further assistance.\n\n**Resetting a Forgotten PIN**\n\nIf you have forgotten your PIN, you can reset it using the following steps:\n\n**Step 1: Access the PIN Reset Tool**\n\n1. Go to the company's intranet homepage and click on the \""IT Support\"" link at the top right corner of the page.\n2. Click on the \""Self-Service\"" tab and then select \""PIN Reset\"" from the drop-down menu.\n3. You will be redirected to the PIN Reset Tool login page.\n\n**Step 2: Authenticate with Your Credentials**\n\n1. Enter your company username and password in the required fields.\n2. Click the \""Login\"" button to authenticate.\n\n**Step 3: Verify Your Identity**\n\n1. You will be prompted to answer your security question. Enter your answer in the required field.\n2. Click the \""Next\"" button to proceed.\n\n**Step 4: Reset Your PIN**\n\n1. Enter a new PIN in the required field. The PIN must be at least 8 characters long and contain a mix of uppercase and lowercase letters, numbers, and special characters.\n2. Re-enter your new PIN in the confirmation field to ensure accuracy.\n3. Click the \""Reset PIN\"" button to complete the process.\n\n**Step 5: Confirm PIN Reset**\n\n1. You will receive a confirmation message indicating that your PIN has been successfully reset.\n\nthe paper tray, as this can cause paper jams and other issues.\n* If you are unsure about how to reset a jammed printer or if the issue persists after following these steps, contact the IT helpdesk for assistance.\n\n**Resetting a Jammed Printer**\n\n**Step 1: Turn Off the Printer**\n\nImmediately turn off the printer to prevent any further damage or paper jams. Locate the power button, usually found on the top or front of the printer, and press it to shut down the device.\n\n**Step 2: Open the Printer**\n\nLocate the printer's access panel, which varies depending on the printer model. Common locations include the top, front, or back of the printer. Open the panel by pressing the release latch or sliding it open. This will give you access to the internal mechanisms.\n\n**Step 3: Identify and Remove Jammed Paper**\n\nCarefully inspect the printer's internal mechanisms to locate the jammed paper. Gently pull out any visible paper scraps or torn pieces. Be cautious not to touch any internal components or rollers, as oils from your skin can cause damage.\n\n**Step 4: Check for Obstructions**\n\nInspect the printer's paper path, including the paper tray, rollers, and print head, for any obstructions or debris. Remove any dust, dirt, or other blockages that may be contributing to the jam.\n\n**Step 5: Realign the Paper Tray**\n\nIf the paper tray was dislodged during the jam, realign it according to the manufacturer's i\n\nAnswer:""}], ""role"": ""user""}]}",900.0,"{""content"":{""parts"":[{""text"":""To reset your PIN:\n1. Go to the company's intranet homepage and click on the \""IT Support\"" link.\n2. Click on the \""Self-Service\"" tab and then select \""PIN Reset\"" from the drop-down menu.\n3. Enter your company username and password.\n4. Answer your security question.\n5. Enter a new PIN (at least 8 characters long with uppercase and lowercase letters, numbers, and special characters).\n6. Re-enter your new PIN to confirm.\n7. Click the \""Reset PIN\"" button.\n""}],""role"":""model""},""usage_metadata"":{""candidates_token_count"":121,""candidates_tokens_details"":[{""modality"":""TEXT"",""token_count"":121}],""prompt_token_count"":900,""prompt_tokens_details"":[{""modality"":""TEXT"",""token_count"":900}],""total_token_count"":1021,""traffic_type"":""ON_DEMAND""}}","{'query': 'I forgot my PIN, how can I reset it?', 'context': 'complete the process.\n\n**Step 5: Confirm PIN Reset**\n\n1. You will receive a confirmation message indicating that your PIN has been successfully reset.\n2. Click the ""OK"" button to close the message.\n\n**Important Notes:**\n\n* If you are unable to reset your PIN using the self-service tool, please contact the IT Helpdesk for assistance.\n* It is recommended to keep your PIN confidential and not share it with anyone.\n* You can reset your PIN a maximum of 3 times in a 24-hour period. If you exceed this limit, you will need to contact the IT Helpdesk to reset your PIN.\n\nBy following these steps, you should be able to reset your forgotten PIN and regain access to company systems and applications. If you encounter any issues during the process, please do not hesitate to reach out to the IT Helpdesk for further assistance.\n\n**Resetting a Forgotten PIN**\n\nIf you have forgotten your PIN, you can reset it using the following steps:\n\n**Step 1: Access the PIN Reset Tool**\n\n1. Go to the company\'s intranet homepage and click on the ""IT Support"" link at the top right corner of the page.\n2. Click on the ""Self-Service"" tab and then select ""PIN Reset"" from the drop-down menu.\n3. You will be redirected to the PIN Reset Tool login page.\n\n**Step 2: Authenticate with Your Credentials**\n\n1. Enter your company username and password in the required fields.\n2. Click the ""Login"" button to authenticate.\n\n**Step 3: Verify Your Identity**\n\n1. You will be prompted to answer your security question. Enter your answer in the required field.\n2. Click the ""Next"" button to proceed.\n\n**Step 4: Reset Your PIN**\n\n1. Enter a new PIN in the required field. The PIN must be at least 8 characters long and contain a mix of uppercase and lowercase letters, numbers, and special characters.\n2. Re-enter your new PIN in the confirmation field to ensure accuracy.\n3. Click the ""Reset PIN"" button to complete the process.\n\n**Step 5: Confirm PIN Reset**\n\n1. You will receive a confirmation message indicating that your PIN has been successfully reset.\n\nthe paper tray, as this can cause paper jams and other issues.\n* If you are unsure about how to reset a jammed printer or if the issue persists after following these steps, contact the IT helpdesk for assistance.\n\n**Resetting a Jammed Printer**\n\n**Step 1: Turn Off the Printer**\n\nImmediately turn off the printer to prevent any further damage or paper jams. Locate the power button, usually found on the top or front of the printer, and press it to shut down the device.\n\n**Step 2: Open the Printer**\n\nLocate the printer\'s access panel, which varies depending on the printer model. Common locations include the top, front, or back of the printer. Open the panel by pressing the release latch or sliding it open. This will give you access to the internal mechanisms.\n\n**Step 3: Identify and Remove Jammed Paper**\n\nCarefully inspect the printer\'s internal mechanisms to locate the jammed paper. Gently pull out any visible paper scraps or torn pieces. Be cautious not to touch any internal components or rollers, as oils from your skin can cause damage.\n\n**Step 4: Check for Obstructions**\n\nInspect the printer\'s paper path, including the paper tray, rollers, and print head, for any obstructions or debris. Remove any dust, dirt, or other blockages that may be contributing to the jam.\n\n**Step 5: Realign the Paper Tray**\n\nIf the paper tray was dislodged during the jam, realign it according to the manufacturer\'s i', 'row_id_for_gt': 1, 'retrieval_chunk_ids': ['row::1__chunk::1', 'row::1__chunk::0', 'row::8__chunk::2', 'row::8__chunk::0'], 'retrieval_row_ids': [1, 1, 8, 8], 'retrieval_scores': [8.3335327637, 7.9856155009, 6.6193885877, 6.522960162], 'top_k': 4}",google,gemini-2.0-flash,s-17441f422428,"[{'message.role': 'model', 'message.contents': [{'message_content.type': 'text', 'message_content.text': 'To reset your PIN:\n1. Go to the company\'s intranet homepage and click on the ""IT Support"" link.\n2. Click on the ""Self-Service"" tab and then select ""PIN Reset"" from the drop-down menu.\n3. Enter your company username and password.\n4. Answer your security question.\n5. Enter a new PIN (at least 8 characters long with uppercase and lowercase letters, numbers, and special characters).\n6. Re-enter your new PIN to confirm.\n7. Click the ""Reset PIN"" button.\n'}]}]",v1,"Query: {query}

Context:
{context}

Answer:"
agent_run [adk_rag_minimal_agent],AGENT,d71f83175e47f128,2025-08-17 20:05:23.601566+00:00,2025-08-17 20:05:25.646414+00:00,OK,,[],af50ebc4b280711a,691235e6bac6fb4a66ead0b1975e7310,u,,AGENT,application/json,,,,,,,,,"{""content"":{""parts"":[{""text"":""To reset your PIN:\n1. Go to the company's intranet homepage and click on the \""IT Support\"" link.\n2. Click on the \""Self-Service\"" tab and then select \""PIN Reset\"" from the drop-down menu.\n3. Enter your company username and password.\n4. Answer your security question.\n5. Enter a new PIN (at least 8 characters long with uppercase and lowercase letters, numbers, and special characters).\n6. Re-enter your new PIN to confirm.\n7. Click the \""Reset PIN\"" button.\n""}],""role"":""model""},""usage_metadata"":{""candidates_token_count"":121,""candidates_tokens_details"":[{""modality"":""TEXT"",""token_count"":121}],""prompt_token_count"":900,""prompt_tokens_details"":[{""modality"":""TEXT"",""token_count"":900}],""total_token_count"":1021,""traffic_type"":""ON_DEMAND""},""invocation_id"":""e-5c03cc9c-84a8-41d9-9431-b90913f04692"",""author"":""adk_rag_minimal_agent"",""actions"":{""state_delta"":{},""artifact_delta"":{},""requested_auth_configs"":{}},""id"":""ky88XvOV"",""timestamp"":1755461123.601969}","{'query': 'I forgot my PIN, how can I reset it?', 'context': 'complete the process.\n\n**Step 5: Confirm PIN Reset**\n\n1. You will receive a confirmation message indicating that your PIN has been successfully reset.\n2. Click the ""OK"" button to close the message.\n\n**Important Notes:**\n\n* If you are unable to reset your PIN using the self-service tool, please contact the IT Helpdesk for assistance.\n* It is recommended to keep your PIN confidential and not share it with anyone.\n* You can reset your PIN a maximum of 3 times in a 24-hour period. If you exceed this limit, you will need to contact the IT Helpdesk to reset your PIN.\n\nBy following these steps, you should be able to reset your forgotten PIN and regain access to company systems and applications. If you encounter any issues during the process, please do not hesitate to reach out to the IT Helpdesk for further assistance.\n\n**Resetting a Forgotten PIN**\n\nIf you have forgotten your PIN, you can reset it using the following steps:\n\n**Step 1: Access the PIN Reset Tool**\n\n1. Go to the company\'s intranet homepage and click on the ""IT Support"" link at the top right corner of the page.\n2. Click on the ""Self-Service"" tab and then select ""PIN Reset"" from the drop-down menu.\n3. You will be redirected to the PIN Reset Tool login page.\n\n**Step 2: Authenticate with Your Credentials**\n\n1. Enter your company username and password in the required fields.\n2. Click the ""Login"" button to authenticate.\n\n**Step 3: Verify Your Identity**\n\n1. You will be prompted to answer your security question. Enter your answer in the required field.\n2. Click the ""Next"" button to proceed.\n\n**Step 4: Reset Your PIN**\n\n1. Enter a new PIN in the required field. The PIN must be at least 8 characters long and contain a mix of uppercase and lowercase letters, numbers, and special characters.\n2. Re-enter your new PIN in the confirmation field to ensure accuracy.\n3. Click the ""Reset PIN"" button to complete the process.\n\n**Step 5: Confirm PIN Reset**\n\n1. You will receive a confirmation message indicating that your PIN has been successfully reset.\n\nthe paper tray, as this can cause paper jams and other issues.\n* If you are unsure about how to reset a jammed printer or if the issue persists after following these steps, contact the IT helpdesk for assistance.\n\n**Resetting a Jammed Printer**\n\n**Step 1: Turn Off the Printer**\n\nImmediately turn off the printer to prevent any further damage or paper jams. Locate the power button, usually found on the top or front of the printer, and press it to shut down the device.\n\n**Step 2: Open the Printer**\n\nLocate the printer\'s access panel, which varies depending on the printer model. Common locations include the top, front, or back of the printer. Open the panel by pressing the release latch or sliding it open. This will give you access to the internal mechanisms.\n\n**Step 3: Identify and Remove Jammed Paper**\n\nCarefully inspect the printer\'s internal mechanisms to locate the jammed paper. Gently pull out any visible paper scraps or torn pieces. Be cautious not to touch any internal components or rollers, as oils from your skin can cause damage.\n\n**Step 4: Check for Obstructions**\n\nInspect the printer\'s paper path, including the paper tray, rollers, and print head, for any obstructions or debris. Remove any dust, dirt, or other blockages that may be contributing to the jam.\n\n**Step 5: Realign the Paper Tray**\n\nIf the paper tray was dislodged during the jam, realign it according to the manufacturer\'s i', 'row_id_for_gt': 1, 'retrieval_chunk_ids': ['row::1__chunk::1', 'row::1__chunk::0', 'row::8__chunk::2', 'row::8__chunk::0'], 'retrieval_row_ids': [1, 1, 8, 8], 'retrieval_scores': [8.3335327637, 7.9856155009, 6.6193885877, 6.522960162], 'top_k': 4}",,,s-17441f422428,,v1,"Query: {query}

Context:
{context}

Answer:"
invocation [adk_rag_minimal],CHAIN,,2025-08-17 20:05:23.601120+00:00,2025-08-17 20:05:25.647121+00:00,OK,,[],d71f83175e47f128,691235e6bac6fb4a66ead0b1975e7310,u,application/json,CHAIN,application/json,,,,,,,"{""user_id"": ""u"", ""session_id"": ""s-17441f422428"", ""new_message"": {""parts"": [{""text"": ""Query: I forgot my PIN, how can I reset it?\n\nContext:\ncomplete the process.\n\n**Step 5: Confirm PIN Reset**\n\n1. You will receive a confirmation message indicating that your PIN has been successfully reset.\n2. Click the \""OK\"" button to close the message.\n\n**Important Notes:**\n\n* If you are unable to reset your PIN using the self-service tool, please contact the IT Helpdesk for assistance.\n* It is recommended to keep your PIN confidential and not share it with anyone.\n* You can reset your PIN a maximum of 3 times in a 24-hour period. If you exceed this limit, you will need to contact the IT Helpdesk to reset your PIN.\n\nBy following these steps, you should be able to reset your forgotten PIN and regain access to company systems and applications. If you encounter any issues during the process, please do not hesitate to reach out to the IT Helpdesk for further assistance.\n\n**Resetting a Forgotten PIN**\n\nIf you have forgotten your PIN, you can reset it using the following steps:\n\n**Step 1: Access the PIN Reset Tool**\n\n1. Go to the company's intranet homepage and click on the \""IT Support\"" link at the top right corner of the page.\n2. Click on the \""Self-Service\"" tab and then select \""PIN Reset\"" from the drop-down menu.\n3. You will be redirected to the PIN Reset Tool login page.\n\n**Step 2: Authenticate with Your Credentials**\n\n1. Enter your company username and password in the required fields.\n2. Click the \""Login\"" button to authenticate.\n\n**Step 3: Verify Your Identity**\n\n1. You will be prompted to answer your security question. Enter your answer in the required field.\n2. Click the \""Next\"" button to proceed.\n\n**Step 4: Reset Your PIN**\n\n1. Enter a new PIN in the required field. The PIN must be at least 8 characters long and contain a mix of uppercase and lowercase letters, numbers, and special characters.\n2. Re-enter your new PIN in the confirmation field to ensure accuracy.\n3. Click the \""Reset PIN\"" button to complete the process.\n\n**Step 5: Confirm PIN Reset**\n\n1. You will receive a confirmation message indicating that your PIN has been successfully reset.\n\nthe paper tray, as this can cause paper jams and other issues.\n* If you are unsure about how to reset a jammed printer or if the issue persists after following these steps, contact the IT helpdesk for assistance.\n\n**Resetting a Jammed Printer**\n\n**Step 1: Turn Off the Printer**\n\nImmediately turn off the printer to prevent any further damage or paper jams. Locate the power button, usually found on the top or front of the printer, and press it to shut down the device.\n\n**Step 2: Open the Printer**\n\nLocate the printer's access panel, which varies depending on the printer model. Common locations include the top, front, or back of the printer. Open the panel by pressing the release latch or sliding it open. This will give you access to the internal mechanisms.\n\n**Step 3: Identify and Remove Jammed Paper**\n\nCarefully inspect the printer's internal mechanisms to locate the jammed paper. Gently pull out any visible paper scraps or torn pieces. Be cautious not to touch any internal components or rollers, as oils from your skin can cause damage.\n\n**Step 4: Check for Obstructions**\n\nInspect the printer's paper path, including the paper tray, rollers, and print head, for any obstructions or debris. Remove any dust, dirt, or other blockages that may be contributing to the jam.\n\n**Step 5: Realign the Paper Tray**\n\nIf the paper tray was dislodged during the jam, realign it according to the manufacturer's i\n\nAnswer:""}], ""role"": ""user""}, ""run_config"": {""save_input_blobs_as_artifacts"": false, ""support_cfc"": false, ""streaming_mode"": ""StreamingMode.NONE"", ""max_llm_calls"": 500}}",,"{""content"":{""parts"":[{""text"":""To reset your PIN:\n1. Go to the company's intranet homepage and click on the \""IT Support\"" link.\n2. Click on the \""Self-Service\"" tab and then select \""PIN Reset\"" from the drop-down menu.\n3. Enter your company username and password.\n4. Answer your security question.\n5. Enter a new PIN (at least 8 characters long with uppercase and lowercase letters, numbers, and special characters).\n6. Re-enter your new PIN to confirm.\n7. Click the \""Reset PIN\"" button.\n""}],""role"":""model""},""usage_metadata"":{""candidates_token_count"":121,""candidates_tokens_details"":[{""modality"":""TEXT"",""token_count"":121}],""prompt_token_count"":900,""prompt_tokens_details"":[{""modality"":""TEXT"",""token_count"":900}],""total_token_count"":1021,""traffic_type"":""ON_DEMAND""},""invocation_id"":""e-5c03cc9c-84a8-41d9-9431-b90913f04692"",""author"":""adk_rag_minimal_agent"",""actions"":{""state_delta"":{},""artifact_delta"":{},""requested_auth_configs"":{}},""id"":""ky88XvOV"",""timestamp"":1755461123.601969}","{'query': 'I forgot my PIN, how can I reset it?', 'context': 'complete the process.\n\n**Step 5: Confirm PIN Reset**\n\n1. You will receive a confirmation message indicating that your PIN has been successfully reset.\n2. Click the ""OK"" button to close the message.\n\n**Important Notes:**\n\n* If you are unable to reset your PIN using the self-service tool, please contact the IT Helpdesk for assistance.\n* It is recommended to keep your PIN confidential and not share it with anyone.\n* You can reset your PIN a maximum of 3 times in a 24-hour period. If you exceed this limit, you will need to contact the IT Helpdesk to reset your PIN.\n\nBy following these steps, you should be able to reset your forgotten PIN and regain access to company systems and applications. If you encounter any issues during the process, please do not hesitate to reach out to the IT Helpdesk for further assistance.\n\n**Resetting a Forgotten PIN**\n\nIf you have forgotten your PIN, you can reset it using the following steps:\n\n**Step 1: Access the PIN Reset Tool**\n\n1. Go to the company\'s intranet homepage and click on the ""IT Support"" link at the top right corner of the page.\n2. Click on the ""Self-Service"" tab and then select ""PIN Reset"" from the drop-down menu.\n3. You will be redirected to the PIN Reset Tool login page.\n\n**Step 2: Authenticate with Your Credentials**\n\n1. Enter your company username and password in the required fields.\n2. Click the ""Login"" button to authenticate.\n\n**Step 3: Verify Your Identity**\n\n1. You will be prompted to answer your security question. Enter your answer in the required field.\n2. Click the ""Next"" button to proceed.\n\n**Step 4: Reset Your PIN**\n\n1. Enter a new PIN in the required field. The PIN must be at least 8 characters long and contain a mix of uppercase and lowercase letters, numbers, and special characters.\n2. Re-enter your new PIN in the confirmation field to ensure accuracy.\n3. Click the ""Reset PIN"" button to complete the process.\n\n**Step 5: Confirm PIN Reset**\n\n1. You will receive a confirmation message indicating that your PIN has been successfully reset.\n\nthe paper tray, as this can cause paper jams and other issues.\n* If you are unsure about how to reset a jammed printer or if the issue persists after following these steps, contact the IT helpdesk for assistance.\n\n**Resetting a Jammed Printer**\n\n**Step 1: Turn Off the Printer**\n\nImmediately turn off the printer to prevent any further damage or paper jams. Locate the power button, usually found on the top or front of the printer, and press it to shut down the device.\n\n**Step 2: Open the Printer**\n\nLocate the printer\'s access panel, which varies depending on the printer model. Common locations include the top, front, or back of the printer. Open the panel by pressing the release latch or sliding it open. This will give you access to the internal mechanisms.\n\n**Step 3: Identify and Remove Jammed Paper**\n\nCarefully inspect the printer\'s internal mechanisms to locate the jammed paper. Gently pull out any visible paper scraps or torn pieces. Be cautious not to touch any internal components or rollers, as oils from your skin can cause damage.\n\n**Step 4: Check for Obstructions**\n\nInspect the printer\'s paper path, including the paper tray, rollers, and print head, for any obstructions or debris. Remove any dust, dirt, or other blockages that may be contributing to the jam.\n\n**Step 5: Realign the Paper Tray**\n\nIf the paper tray was dislodged during the jam, realign it according to the manufacturer\'s i', 'row_id_for_gt': 1, 'retrieval_chunk_ids': ['row::1__chunk::1', 'row::1__chunk::0', 'row::8__chunk::2', 'row::8__chunk::0'], 'retrieval_row_ids': [1, 1, 8, 8], 'retrieval_scores': [8.3335327637, 7.9856155009, 6.6193885877, 6.522960162], 'top_k': 4}",,,s-17441f422428,,v1,"Query: {query}

Context:
{context}

Answer:"
call_llm,LLM,30985add025cdf8d,2025-08-17 20:05:25.649827+00:00,2025-08-17 20:05:27.671914+00:00,OK,,[],6343d1c28d3f1111,c5588ba726dea92b58b2acdb1a45bbb6,u,application/json,LLM,application/json,"[{'message.role': 'system', 'message.content': 'You are a strict RAG agent. Use only the provided context. If the context does not contain the answer, reply that you don\'t know. Do not include any internal IDs or citations in your answer. Be concise.\n\nYou are an agent. Your internal name is ""adk_rag_minimal_agent"".\n\n The description about you is ""Minimal RAG over CSV corpus""'}, {'message.role': 'user', 'message.contents': [{'message_content.type': 'text', 'message_content.text': 'Query: How do I set up VPN access on my laptop so I can work from home and access company resources?\n\nContext:\n**Configuring VPN Access for Remote Workers**\n\n**Overview**\n\nThis article provides step-by-step instructions for configuring VPN access for remote workers. This allows employees working from home or other remote locations to securely connect to the company network and access company resources.\n\n**Prerequisites**\n\n* The remote worker\'s device (laptop or desktop) must meet the company\'s minimum system requirements for VPN connectivity.\n* The remote worker must have a valid company login credentials.\n* The remote worker must have a stable internet connection.\n\n**Step 1: Install the VPN Client**\n\n1. Go to the company\'s software portal and download the VPN client software.\n2. Run the installer and follow the prompts to install the software.\n3. Once installed, launch the VPN client software.\n\n**Step 2: Configure the VPN Connection**\n\n1. In the VPN client software, click on ""New Connection"" and select ""Company VPN"" as the connection type.\n2. Enter the company\'s VPN server address: `vpn.company.com`.\n3. Enter your company login credentials (username and password).\n4. Select the ""Save"" button to save the connection settings.\n\n**Step 3: Establish the VPN Connection**\n\n1. Click on the ""Connec\n\nnue to experience issues, contact the IT helpdesk for further assistance.\n\n**Security Reminders**\n\n* Always keep your VPN client software up-to-date.\n* Never share your login credentials with anyone.\n* Avoid using public Wi-Fi or unsecured networks to access company resources via VPN.\n\nBy following these steps, remote workers can securely connect to the company network and access company resources from anywhere. If you have any questions or issues, please contact the IT helpdesk for further assistance.\n\nsername and password).\n4. Select the ""Save"" button to save the connection settings.\n\n**Step 3: Establish the VPN Connection**\n\n1. Click on the ""Connect"" button to establish the VPN connection.\n2. You may be prompted to authenticate with two-factor authentication (2FA). Follow the prompts to complete 2FA.\n3. Once connected, you will see a confirmation message indicating that you are connected to the company VPN.\n\n**Step 4: Verify VPN Connection**\n\n1. Open a web browser and navigate to `company.com`.\n2. You should be able to access company resources, such as email, intranet, and file shares.\n3. Verify that your device\'s IP address has changed to a company-assigned IP address.\n\n**Troubleshooting Tips**\n\n* If you encounter issues connecting to the VPN, ensure that your device meets the minimum system requirements and that your internet connection is stable.\n* If you are unable to access company resources, verify that you are connected to the VPN and that your device\'s IP address has changed to a company-assigned IP address.\n* If you continue to experience issues, contact the IT helpdesk for further assistance.\n\n**Security Reminders**\n\n* Always keep your VPN client software up-to-date.\n\n\n**Resetting a Jammed Printer**\n\n**Step 1: Turn Off the Printer**\n\nImmediately turn off the printer to prevent any further damage or paper jams. Locate the power button, usually found on the top or front of the printer, and press it to shut down the device.\n\n**Step 2: Open the Printer**\n\nLocate the printer\'s access panel, which varies depending on the printer model. Common locations include the top, front, or back of the printer. Open the panel by pressing the release latch or sliding it open. This will give you access to the internal mechanisms.\n\n**Step 3: Identify and Remove Jammed Paper**\n\nCarefully inspect the printer\'s internal mechanisms to locate the jammed paper. Gently pull out any visible paper scraps or torn pieces. Be cautious not to touch any internal components or rollers, as oils from your skin can cause damage.\n\n**Step 4: Check for Obstructions**\n\nInspect the printer\'s paper path, including the paper tray, rollers, and print head, for any obstructions or debris. Remove any dust, dirt, or other blockages that may be contributing to the jam.\n\n**Step 5: Realign the Paper Tray**\n\nIf the paper tray was dislodged during the jam, realign it according to the manufacturer\'s i\n\nAnswer:'}]}]","{'vertex': {'agent': {'llm_response': '{""content"":{""parts"":[{""text"":""To set up VPN access:\\n\\n1.  Download the VPN client software from the company\'s software portal and install it.\\n2.  In the VPN client, create a new connection, selecting \\""Company VPN\\"" as the type.\\n3.  Enter the company\'s VPN server address: `vpn.company.com`.\\n4.  Enter your company login credentials and save the connection settings.\\n5.  Click \\""Connect\\"" to establish the VPN connection, and follow any prompts for two-factor authentication.\\n6.  Verify the connection by opening a web browser and navigating to `company.com` to access company resources. Also, check that your device\'s IP address has changed to a company-assigned IP address.""}],""role"":""model""},""usage_metadata"":{""candidates_token_count"":153,""candidates_tokens_details"":[{""modality"":""TEXT"",""token_count"":153}],""prompt_token_count"":1024,""prompt_tokens_details"":[{""modality"":""TEXT"",""token_count"":1024}],""total_token_count"":1177,""traffic_type"":""ON_DEMAND""}}', 'llm_request': '{""model"": ""gemini-2.0-flash"", ""config"": {""system_instruction"": ""You are a strict RAG agent. Use only the provided context. If the context does not contain the answer, reply that you don\'t know. Do not include any internal IDs or citations in your answer. Be concise.\\n\\nYou are an agent. Your internal name is \\""adk_rag_minimal_agent\\"".\\n\\n The description about you is \\""Minimal RAG over CSV corpus\\"""", ""temperature"": 0.0, ""labels"": {""adk_agent_name"": ""adk_rag_minimal_agent""}}, ""contents"": [{""parts"": [{""text"": ""Query: How do I set up VPN access on my laptop so I can work from home and access company resources?\\n\\nContext:\\n**Configuring VPN Access for Remote Workers**\\n\\n**Overview**\\n\\nThis article provides step-by-step instructions for configuring VPN access for remote workers. This allows employees working from home or other remote locations to securely connect to the company network and access company resources.\\n\\n**Prerequisites**\\n\\n* The remote worker\'s device (laptop or desktop) must meet the company\'s minimum system requirements for VPN connectivity.\\n* The remote worker must have a valid company login credentials.\\n* The remote worker must have a stable internet connection.\\n\\n**Step 1: Install the VPN Client**\\n\\n1. Go to the company\'s software portal and download the VPN client software.\\n2. Run the installer and follow the prompts to install the software.\\n3. Once installed, launch the VPN client software.\\n\\n**Step 2: Configure the VPN Connection**\\n\\n1. In the VPN client software, click on \\""New Connection\\"" and select \\""Company VPN\\"" as the connection type.\\n2. Enter the company\'s VPN server address: `vpn.company.com`.\\n3. Enter your company login credentials (username and password).\\n4. Select the \\""Save\\"" button to save the connection settings.\\n\\n**Step 3: Establish the VPN Connection**\\n\\n1. Click on the \\""Connec\\n\\nnue to experience issues, contact the IT helpdesk for further assistance.\\n\\n**Security Reminders**\\n\\n* Always keep your VPN client software up-to-date.\\n* Never share your login credentials with anyone.\\n* Avoid using public Wi-Fi or unsecured networks to access company resources via VPN.\\n\\nBy following these steps, remote workers can securely connect to the company network and access company resources from anywhere. If you have any questions or issues, please contact the IT helpdesk for further assistance.\\n\\nsername and password).\\n4. Select the \\""Save\\"" button to save the connection settings.\\n\\n**Step 3: Establish the VPN Connection**\\n\\n1. Click on the \\""Connect\\"" button to establish the VPN connection.\\n2. You may be prompted to authenticate with two-factor authentication (2FA). Follow the prompts to complete 2FA.\\n3. Once connected, you will see a confirmation message indicating that you are connected to the company VPN.\\n\\n**Step 4: Verify VPN Connection**\\n\\n1. Open a web browser and navigate to `company.com`.\\n2. You should be able to access company resources, such as email, intranet, and file shares.\\n3. Verify that your device\'s IP address has changed to a company-assigned IP address.\\n\\n**Troubleshooting Tips**\\n\\n* If you encounter issues connecting to the VPN, ensure that your device meets the minimum system requirements and that your internet connection is stable.\\n* If you are unable to access company resources, verify that you are connected to the VPN and that your device\'s IP address has changed to a company-assigned IP address.\\n* If you continue to experience issues, contact the IT helpdesk for further assistance.\\n\\n**Security Reminders**\\n\\n* Always keep your VPN client software up-to-date.\\n\\n\\n**Resetting a Jammed Printer**\\n\\n**Step 1: Turn Off the Printer**\\n\\nImmediately turn off the printer to prevent any further damage or paper jams. Locate the power button, usually found on the top or front of the printer, and press it to shut down the device.\\n\\n**Step 2: Open the Printer**\\n\\nLocate the printer\'s access panel, which varies depending on the printer model. Common locations include the top, front, or back of the printer. Open the panel by pressing the release latch or sliding it open. This will give you access to the internal mechanisms.\\n\\n**Step 3: Identify and Remove Jammed Paper**\\n\\nCarefully inspect the printer\'s internal mechanisms to locate the jammed paper. Gently pull out any visible paper scraps or torn pieces. Be cautious not to touch any internal components or rollers, as oils from your skin can cause damage.\\n\\n**Step 4: Check for Obstructions**\\n\\nInspect the printer\'s paper path, including the paper tray, rollers, and print head, for any obstructions or debris. Remove any dust, dirt, or other blockages that may be contributing to the jam.\\n\\n**Step 5: Realign the Paper Tray**\\n\\nIf the paper tray was dislodged during the jam, realign it according to the manufacturer\'s i\\n\\nAnswer:""}], ""role"": ""user""}]}', 'session_id': 's-afc401456488', 'invocation_id': 'e-30a3cfaa-3767-4c80-976f-c480787f603a', 'event_id': 'OcAhi4Sg'}}}","{""system_instruction"":""You are a strict RAG agent. Use only the provided context. If the context does not contain the answer, reply that you don't know. Do not include any internal IDs or citations in your answer. Be concise.\n\nYou are an agent. Your internal name is \""adk_rag_minimal_agent\"".\n\n The description about you is \""Minimal RAG over CSV corpus\"""",""temperature"":0.0,""labels"":{""adk_agent_name"":""adk_rag_minimal_agent""}}",1177.0,153.0,"{'system': 'gcp.vertex.agent', 'request': {'model': 'gemini-2.0-flash'}}","{""model"": ""gemini-2.0-flash"", ""config"": {""system_instruction"": ""You are a strict RAG agent. Use only the provided context. If the context does not contain the answer, reply that you don't know. Do not include any internal IDs or citations in your answer. Be concise.\n\nYou are an agent. Your internal name is \""adk_rag_minimal_agent\"".\n\n The description about you is \""Minimal RAG over CSV corpus\"""", ""temperature"": 0.0, ""labels"": {""adk_agent_name"": ""adk_rag_minimal_agent""}}, ""contents"": [{""parts"": [{""text"": ""Query: How do I set up VPN access on my laptop so I can work from home and access company resources?\n\nContext:\n**Configuring VPN Access for Remote Workers**\n\n**Overview**\n\nThis article provides step-by-step instructions for configuring VPN access for remote workers. This allows employees working from home or other remote locations to securely connect to the company network and access company resources.\n\n**Prerequisites**\n\n* The remote worker's device (laptop or desktop) must meet the company's minimum system requirements for VPN connectivity.\n* The remote worker must have a valid company login credentials.\n* The remote worker must have a stable internet connection.\n\n**Step 1: Install the VPN Client**\n\n1. Go to the company's software portal and download the VPN client software.\n2. Run the installer and follow the prompts to install the software.\n3. Once installed, launch the VPN client software.\n\n**Step 2: Configure the VPN Connection**\n\n1. In the VPN client software, click on \""New Connection\"" and select \""Company VPN\"" as the connection type.\n2. Enter the company's VPN server address: `vpn.company.com`.\n3. Enter your company login credentials (username and password).\n4. Select the \""Save\"" button to save the connection settings.\n\n**Step 3: Establish the VPN Connection**\n\n1. Click on the \""Connec\n\nnue to experience issues, contact the IT helpdesk for further assistance.\n\n**Security Reminders**\n\n* Always keep your VPN client software up-to-date.\n* Never share your login credentials with anyone.\n* Avoid using public Wi-Fi or unsecured networks to access company resources via VPN.\n\nBy following these steps, remote workers can securely connect to the company network and access company resources from anywhere. If you have any questions or issues, please contact the IT helpdesk for further assistance.\n\nsername and password).\n4. Select the \""Save\"" button to save the connection settings.\n\n**Step 3: Establish the VPN Connection**\n\n1. Click on the \""Connect\"" button to establish the VPN connection.\n2. You may be prompted to authenticate with two-factor authentication (2FA). Follow the prompts to complete 2FA.\n3. Once connected, you will see a confirmation message indicating that you are connected to the company VPN.\n\n**Step 4: Verify VPN Connection**\n\n1. Open a web browser and navigate to `company.com`.\n2. You should be able to access company resources, such as email, intranet, and file shares.\n3. Verify that your device's IP address has changed to a company-assigned IP address.\n\n**Troubleshooting Tips**\n\n* If you encounter issues connecting to the VPN, ensure that your device meets the minimum system requirements and that your internet connection is stable.\n* If you are unable to access company resources, verify that you are connected to the VPN and that your device's IP address has changed to a company-assigned IP address.\n* If you continue to experience issues, contact the IT helpdesk for further assistance.\n\n**Security Reminders**\n\n* Always keep your VPN client software up-to-date.\n\n\n**Resetting a Jammed Printer**\n\n**Step 1: Turn Off the Printer**\n\nImmediately turn off the printer to prevent any further damage or paper jams. Locate the power button, usually found on the top or front of the printer, and press it to shut down the device.\n\n**Step 2: Open the Printer**\n\nLocate the printer's access panel, which varies depending on the printer model. Common locations include the top, front, or back of the printer. Open the panel by pressing the release latch or sliding it open. This will give you access to the internal mechanisms.\n\n**Step 3: Identify and Remove Jammed Paper**\n\nCarefully inspect the printer's internal mechanisms to locate the jammed paper. Gently pull out any visible paper scraps or torn pieces. Be cautious not to touch any internal components or rollers, as oils from your skin can cause damage.\n\n**Step 4: Check for Obstructions**\n\nInspect the printer's paper path, including the paper tray, rollers, and print head, for any obstructions or debris. Remove any dust, dirt, or other blockages that may be contributing to the jam.\n\n**Step 5: Realign the Paper Tray**\n\nIf the paper tray was dislodged during the jam, realign it according to the manufacturer's i\n\nAnswer:""}], ""role"": ""user""}]}",1024.0,"{""content"":{""parts"":[{""text"":""To set up VPN access:\n\n1.  Download the VPN client software from the company's software portal and install it.\n2.  In the VPN client, create a new connection, selecting \""Company VPN\"" as the type.\n3.  Enter the company's VPN server address: `vpn.company.com`.\n4.  Enter your company login credentials and save the connection settings.\n5.  Click \""Connect\"" to establish the VPN connection, and follow any prompts for two-factor authentication.\n6.  Verify the connection by opening a web browser and navigating to `company.com` to access company resources. Also, check that your device's IP address has changed to a company-assigned IP address.""}],""role"":""model""},""usage_metadata"":{""candidates_token_count"":153,""candidates_tokens_details"":[{""modality"":""TEXT"",""token_count"":153}],""prompt_token_count"":1024,""prompt_tokens_details"":[{""modality"":""TEXT"",""token_count"":1024}],""total_token_count"":1177,""traffic_type"":""ON_DEMAND""}}","{'query': 'How do I set up VPN access on my laptop so I can work from home and access company resources?', 'context': '**Configuring VPN Access for Remote Workers**\n\n**Overview**\n\nThis article provides step-by-step instructions for configuring VPN access for remote workers. This allows employees working from home or other remote locations to securely connect to the company network and access company resources.\n\n**Prerequisites**\n\n* The remote worker\'s device (laptop or desktop) must meet the company\'s minimum system requirements for VPN connectivity.\n* The remote worker must have a valid company login credentials.\n* The remote worker must have a stable internet connection.\n\n**Step 1: Install the VPN Client**\n\n1. Go to the company\'s software portal and download the VPN client software.\n2. Run the installer and follow the prompts to install the software.\n3. Once installed, launch the VPN client software.\n\n**Step 2: Configure the VPN Connection**\n\n1. In the VPN client software, click on ""New Connection"" and select ""Company VPN"" as the connection type.\n2. Enter the company\'s VPN server address: `vpn.company.com`.\n3. Enter your company login credentials (username and password).\n4. Select the ""Save"" button to save the connection settings.\n\n**Step 3: Establish the VPN Connection**\n\n1. Click on the ""Connec\n\nnue to experience issues, contact the IT helpdesk for further assistance.\n\n**Security Reminders**\n\n* Always keep your VPN client software up-to-date.\n* Never share your login credentials with anyone.\n* Avoid using public Wi-Fi or unsecured networks to access company resources via VPN.\n\nBy following these steps, remote workers can securely connect to the company network and access company resources from anywhere. If you have any questions or issues, please contact the IT helpdesk for further assistance.\n\nsername and password).\n4. Select the ""Save"" button to save the connection settings.\n\n**Step 3: Establish the VPN Connection**\n\n1. Click on the ""Connect"" button to establish the VPN connection.\n2. You may be prompted to authenticate with two-factor authentication (2FA). Follow the prompts to complete 2FA.\n3. Once connected, you will see a confirmation message indicating that you are connected to the company VPN.\n\n**Step 4: Verify VPN Connection**\n\n1. Open a web browser and navigate to `company.com`.\n2. You should be able to access company resources, such as email, intranet, and file shares.\n3. Verify that your device\'s IP address has changed to a company-assigned IP address.\n\n**Troubleshooting Tips**\n\n* If you encounter issues connecting to the VPN, ensure that your device meets the minimum system requirements and that your internet connection is stable.\n* If you are unable to access company resources, verify that you are connected to the VPN and that your device\'s IP address has changed to a company-assigned IP address.\n* If you continue to experience issues, contact the IT helpdesk for further assistance.\n\n**Security Reminders**\n\n* Always keep your VPN client software up-to-date.\n\n\n**Resetting a Jammed Printer**\n\n**Step 1: Turn Off the Printer**\n\nImmediately turn off the printer to prevent any further damage or paper jams. Locate the power button, usually found on the top or front of the printer, and press it to shut down the device.\n\n**Step 2: Open the Printer**\n\nLocate the printer\'s access panel, which varies depending on the printer model. Common locations include the top, front, or back of the printer. Open the panel by pressing the release latch or sliding it open. This will give you access to the internal mechanisms.\n\n**Step 3: Identify and Remove Jammed Paper**\n\nCarefully inspect the printer\'s internal mechanisms to locate the jammed paper. Gently pull out any visible paper scraps or torn pieces. Be cautious not to touch any internal components or rollers, as oils from your skin can cause damage.\n\n**Step 4: Check for Obstructions**\n\nInspect the printer\'s paper path, including the paper tray, rollers, and print head, for any obstructions or debris. Remove any dust, dirt, or other blockages that may be contributing to the jam.\n\n**Step 5: Realign the Paper Tray**\n\nIf the paper tray was dislodged during the jam, realign it according to the manufacturer\'s i', 'row_id_for_gt': 2, 'retrieval_chunk_ids': ['row::2__chunk::0', 'row::2__chunk::2', 'row::2__chunk::1', 'row::8__chunk::0'], 'retrieval_row_ids': [2, 2, 2, 8], 'retrieval_scores': [15.7663799018, 12.0901345715, 10.766604199, 8.6396478264], 'top_k': 4}",google,gemini-2.0-flash,s-afc401456488,"[{'message.role': 'model', 'message.contents': [{'message_content.type': 'text', 'message_content.text': 'To set up VPN access:\n\n1.  Download the VPN client software from the company\'s software portal and install it.\n2.  In the VPN client, create a new connection, selecting ""Company VPN"" as the type.\n3.  Enter the company\'s VPN server address: `vpn.company.com`.\n4.  Enter your company login credentials and save the connection settings.\n5.  Click ""Connect"" to establish the VPN connection, and follow any prompts for two-factor authentication.\n6.  Verify the connection by opening a web browser and navigating to `company.com` to access company resources. Also, check that your device\'s IP address has changed to a company-assigned IP address.'}]}]",v1,"Query: {query}

Context:
{context}

Answer:"
agent_run [adk_rag_minimal_agent],AGENT,56ba0a9bb42c0d6b,2025-08-17 20:05:25.649505+00:00,2025-08-17 20:05:27.678065+00:00,OK,,[],30985add025cdf8d,c5588ba726dea92b58b2acdb1a45bbb6,u,,AGENT,application/json,,,,,,,,,"{""content"":{""parts"":[{""text"":""To set up VPN access:\n\n1.  Download the VPN client software from the company's software portal and install it.\n2.  In the VPN client, create a new connection, selecting \""Company VPN\"" as the type.\n3.  Enter the company's VPN server address: `vpn.company.com`.\n4.  Enter your company login credentials and save the connection settings.\n5.  Click \""Connect\"" to establish the VPN connection, and follow any prompts for two-factor authentication.\n6.  Verify the connection by opening a web browser and navigating to `company.com` to access company resources. Also, check that your device's IP address has changed to a company-assigned IP address.""}],""role"":""model""},""usage_metadata"":{""candidates_token_count"":153,""candidates_tokens_details"":[{""modality"":""TEXT"",""token_count"":153}],""prompt_token_count"":1024,""prompt_tokens_details"":[{""modality"":""TEXT"",""token_count"":1024}],""total_token_count"":1177,""traffic_type"":""ON_DEMAND""},""invocation_id"":""e-30a3cfaa-3767-4c80-976f-c480787f603a"",""author"":""adk_rag_minimal_agent"",""actions"":{""state_delta"":{},""artifact_delta"":{},""requested_auth_configs"":{}},""id"":""OcAhi4Sg"",""timestamp"":1755461125.649759}","{'query': 'How do I set up VPN access on my laptop so I can work from home and access company resources?', 'context': '**Configuring VPN Access for Remote Workers**\n\n**Overview**\n\nThis article provides step-by-step instructions for configuring VPN access for remote workers. This allows employees working from home or other remote locations to securely connect to the company network and access company resources.\n\n**Prerequisites**\n\n* The remote worker\'s device (laptop or desktop) must meet the company\'s minimum system requirements for VPN connectivity.\n* The remote worker must have a valid company login credentials.\n* The remote worker must have a stable internet connection.\n\n**Step 1: Install the VPN Client**\n\n1. Go to the company\'s software portal and download the VPN client software.\n2. Run the installer and follow the prompts to install the software.\n3. Once installed, launch the VPN client software.\n\n**Step 2: Configure the VPN Connection**\n\n1. In the VPN client software, click on ""New Connection"" and select ""Company VPN"" as the connection type.\n2. Enter the company\'s VPN server address: `vpn.company.com`.\n3. Enter your company login credentials (username and password).\n4. Select the ""Save"" button to save the connection settings.\n\n**Step 3: Establish the VPN Connection**\n\n1. Click on the ""Connec\n\nnue to experience issues, contact the IT helpdesk for further assistance.\n\n**Security Reminders**\n\n* Always keep your VPN client software up-to-date.\n* Never share your login credentials with anyone.\n* Avoid using public Wi-Fi or unsecured networks to access company resources via VPN.\n\nBy following these steps, remote workers can securely connect to the company network and access company resources from anywhere. If you have any questions or issues, please contact the IT helpdesk for further assistance.\n\nsername and password).\n4. Select the ""Save"" button to save the connection settings.\n\n**Step 3: Establish the VPN Connection**\n\n1. Click on the ""Connect"" button to establish the VPN connection.\n2. You may be prompted to authenticate with two-factor authentication (2FA). Follow the prompts to complete 2FA.\n3. Once connected, you will see a confirmation message indicating that you are connected to the company VPN.\n\n**Step 4: Verify VPN Connection**\n\n1. Open a web browser and navigate to `company.com`.\n2. You should be able to access company resources, such as email, intranet, and file shares.\n3. Verify that your device\'s IP address has changed to a company-assigned IP address.\n\n**Troubleshooting Tips**\n\n* If you encounter issues connecting to the VPN, ensure that your device meets the minimum system requirements and that your internet connection is stable.\n* If you are unable to access company resources, verify that you are connected to the VPN and that your device\'s IP address has changed to a company-assigned IP address.\n* If you continue to experience issues, contact the IT helpdesk for further assistance.\n\n**Security Reminders**\n\n* Always keep your VPN client software up-to-date.\n\n\n**Resetting a Jammed Printer**\n\n**Step 1: Turn Off the Printer**\n\nImmediately turn off the printer to prevent any further damage or paper jams. Locate the power button, usually found on the top or front of the printer, and press it to shut down the device.\n\n**Step 2: Open the Printer**\n\nLocate the printer\'s access panel, which varies depending on the printer model. Common locations include the top, front, or back of the printer. Open the panel by pressing the release latch or sliding it open. This will give you access to the internal mechanisms.\n\n**Step 3: Identify and Remove Jammed Paper**\n\nCarefully inspect the printer\'s internal mechanisms to locate the jammed paper. Gently pull out any visible paper scraps or torn pieces. Be cautious not to touch any internal components or rollers, as oils from your skin can cause damage.\n\n**Step 4: Check for Obstructions**\n\nInspect the printer\'s paper path, including the paper tray, rollers, and print head, for any obstructions or debris. Remove any dust, dirt, or other blockages that may be contributing to the jam.\n\n**Step 5: Realign the Paper Tray**\n\nIf the paper tray was dislodged during the jam, realign it according to the manufacturer\'s i', 'row_id_for_gt': 2, 'retrieval_chunk_ids': ['row::2__chunk::0', 'row::2__chunk::2', 'row::2__chunk::1', 'row::8__chunk::0'], 'retrieval_row_ids': [2, 2, 2, 8], 'retrieval_scores': [15.7663799018, 12.0901345715, 10.766604199, 8.6396478264], 'top_k': 4}",,,s-afc401456488,,v1,"Query: {query}

Context:
{context}

Answer:"
invocation [adk_rag_minimal],CHAIN,,2025-08-17 20:05:25.649226+00:00,2025-08-17 20:05:27.679823+00:00,OK,,[],56ba0a9bb42c0d6b,c5588ba726dea92b58b2acdb1a45bbb6,u,application/json,CHAIN,application/json,,,,,,,"{""user_id"": ""u"", ""session_id"": ""s-afc401456488"", ""new_message"": {""parts"": [{""text"": ""Query: How do I set up VPN access on my laptop so I can work from home and access company resources?\n\nContext:\n**Configuring VPN Access for Remote Workers**\n\n**Overview**\n\nThis article provides step-by-step instructions for configuring VPN access for remote workers. This allows employees working from home or other remote locations to securely connect to the company network and access company resources.\n\n**Prerequisites**\n\n* The remote worker's device (laptop or desktop) must meet the company's minimum system requirements for VPN connectivity.\n* The remote worker must have a valid company login credentials.\n* The remote worker must have a stable internet connection.\n\n**Step 1: Install the VPN Client**\n\n1. Go to the company's software portal and download the VPN client software.\n2. Run the installer and follow the prompts to install the software.\n3. Once installed, launch the VPN client software.\n\n**Step 2: Configure the VPN Connection**\n\n1. In the VPN client software, click on \""New Connection\"" and select \""Company VPN\"" as the connection type.\n2. Enter the company's VPN server address: `vpn.company.com`.\n3. Enter your company login credentials (username and password).\n4. Select the \""Save\"" button to save the connection settings.\n\n**Step 3: Establish the VPN Connection**\n\n1. Click on the \""Connec\n\nnue to experience issues, contact the IT helpdesk for further assistance.\n\n**Security Reminders**\n\n* Always keep your VPN client software up-to-date.\n* Never share your login credentials with anyone.\n* Avoid using public Wi-Fi or unsecured networks to access company resources via VPN.\n\nBy following these steps, remote workers can securely connect to the company network and access company resources from anywhere. If you have any questions or issues, please contact the IT helpdesk for further assistance.\n\nsername and password).\n4. Select the \""Save\"" button to save the connection settings.\n\n**Step 3: Establish the VPN Connection**\n\n1. Click on the \""Connect\"" button to establish the VPN connection.\n2. You may be prompted to authenticate with two-factor authentication (2FA). Follow the prompts to complete 2FA.\n3. Once connected, you will see a confirmation message indicating that you are connected to the company VPN.\n\n**Step 4: Verify VPN Connection**\n\n1. Open a web browser and navigate to `company.com`.\n2. You should be able to access company resources, such as email, intranet, and file shares.\n3. Verify that your device's IP address has changed to a company-assigned IP address.\n\n**Troubleshooting Tips**\n\n* If you encounter issues connecting to the VPN, ensure that your device meets the minimum system requirements and that your internet connection is stable.\n* If you are unable to access company resources, verify that you are connected to the VPN and that your device's IP address has changed to a company-assigned IP address.\n* If you continue to experience issues, contact the IT helpdesk for further assistance.\n\n**Security Reminders**\n\n* Always keep your VPN client software up-to-date.\n\n\n**Resetting a Jammed Printer**\n\n**Step 1: Turn Off the Printer**\n\nImmediately turn off the printer to prevent any further damage or paper jams. Locate the power button, usually found on the top or front of the printer, and press it to shut down the device.\n\n**Step 2: Open the Printer**\n\nLocate the printer's access panel, which varies depending on the printer model. Common locations include the top, front, or back of the printer. Open the panel by pressing the release latch or sliding it open. This will give you access to the internal mechanisms.\n\n**Step 3: Identify and Remove Jammed Paper**\n\nCarefully inspect the printer's internal mechanisms to locate the jammed paper. Gently pull out any visible paper scraps or torn pieces. Be cautious not to touch any internal components or rollers, as oils from your skin can cause damage.\n\n**Step 4: Check for Obstructions**\n\nInspect the printer's paper path, including the paper tray, rollers, and print head, for any obstructions or debris. Remove any dust, dirt, or other blockages that may be contributing to the jam.\n\n**Step 5: Realign the Paper Tray**\n\nIf the paper tray was dislodged during the jam, realign it according to the manufacturer's i\n\nAnswer:""}], ""role"": ""user""}, ""run_config"": {""save_input_blobs_as_artifacts"": false, ""support_cfc"": false, ""streaming_mode"": ""StreamingMode.NONE"", ""max_llm_calls"": 500}}",,"{""content"":{""parts"":[{""text"":""To set up VPN access:\n\n1.  Download the VPN client software from the company's software portal and install it.\n2.  In the VPN client, create a new connection, selecting \""Company VPN\"" as the type.\n3.  Enter the company's VPN server address: `vpn.company.com`.\n4.  Enter your company login credentials and save the connection settings.\n5.  Click \""Connect\"" to establish the VPN connection, and follow any prompts for two-factor authentication.\n6.  Verify the connection by opening a web browser and navigating to `company.com` to access company resources. Also, check that your device's IP address has changed to a company-assigned IP address.""}],""role"":""model""},""usage_metadata"":{""candidates_token_count"":153,""candidates_tokens_details"":[{""modality"":""TEXT"",""token_count"":153}],""prompt_token_count"":1024,""prompt_tokens_details"":[{""modality"":""TEXT"",""token_count"":1024}],""total_token_count"":1177,""traffic_type"":""ON_DEMAND""},""invocation_id"":""e-30a3cfaa-3767-4c80-976f-c480787f603a"",""author"":""adk_rag_minimal_agent"",""actions"":{""state_delta"":{},""artifact_delta"":{},""requested_auth_configs"":{}},""id"":""OcAhi4Sg"",""timestamp"":1755461125.649759}","{'query': 'How do I set up VPN access on my laptop so I can work from home and access company resources?', 'context': '**Configuring VPN Access for Remote Workers**\n\n**Overview**\n\nThis article provides step-by-step instructions for configuring VPN access for remote workers. This allows employees working from home or other remote locations to securely connect to the company network and access company resources.\n\n**Prerequisites**\n\n* The remote worker\'s device (laptop or desktop) must meet the company\'s minimum system requirements for VPN connectivity.\n* The remote worker must have a valid company login credentials.\n* The remote worker must have a stable internet connection.\n\n**Step 1: Install the VPN Client**\n\n1. Go to the company\'s software portal and download the VPN client software.\n2. Run the installer and follow the prompts to install the software.\n3. Once installed, launch the VPN client software.\n\n**Step 2: Configure the VPN Connection**\n\n1. In the VPN client software, click on ""New Connection"" and select ""Company VPN"" as the connection type.\n2. Enter the company\'s VPN server address: `vpn.company.com`.\n3. Enter your company login credentials (username and password).\n4. Select the ""Save"" button to save the connection settings.\n\n**Step 3: Establish the VPN Connection**\n\n1. Click on the ""Connec\n\nnue to experience issues, contact the IT helpdesk for further assistance.\n\n**Security Reminders**\n\n* Always keep your VPN client software up-to-date.\n* Never share your login credentials with anyone.\n* Avoid using public Wi-Fi or unsecured networks to access company resources via VPN.\n\nBy following these steps, remote workers can securely connect to the company network and access company resources from anywhere. If you have any questions or issues, please contact the IT helpdesk for further assistance.\n\nsername and password).\n4. Select the ""Save"" button to save the connection settings.\n\n**Step 3: Establish the VPN Connection**\n\n1. Click on the ""Connect"" button to establish the VPN connection.\n2. You may be prompted to authenticate with two-factor authentication (2FA). Follow the prompts to complete 2FA.\n3. Once connected, you will see a confirmation message indicating that you are connected to the company VPN.\n\n**Step 4: Verify VPN Connection**\n\n1. Open a web browser and navigate to `company.com`.\n2. You should be able to access company resources, such as email, intranet, and file shares.\n3. Verify that your device\'s IP address has changed to a company-assigned IP address.\n\n**Troubleshooting Tips**\n\n* If you encounter issues connecting to the VPN, ensure that your device meets the minimum system requirements and that your internet connection is stable.\n* If you are unable to access company resources, verify that you are connected to the VPN and that your device\'s IP address has changed to a company-assigned IP address.\n* If you continue to experience issues, contact the IT helpdesk for further assistance.\n\n**Security Reminders**\n\n* Always keep your VPN client software up-to-date.\n\n\n**Resetting a Jammed Printer**\n\n**Step 1: Turn Off the Printer**\n\nImmediately turn off the printer to prevent any further damage or paper jams. Locate the power button, usually found on the top or front of the printer, and press it to shut down the device.\n\n**Step 2: Open the Printer**\n\nLocate the printer\'s access panel, which varies depending on the printer model. Common locations include the top, front, or back of the printer. Open the panel by pressing the release latch or sliding it open. This will give you access to the internal mechanisms.\n\n**Step 3: Identify and Remove Jammed Paper**\n\nCarefully inspect the printer\'s internal mechanisms to locate the jammed paper. Gently pull out any visible paper scraps or torn pieces. Be cautious not to touch any internal components or rollers, as oils from your skin can cause damage.\n\n**Step 4: Check for Obstructions**\n\nInspect the printer\'s paper path, including the paper tray, rollers, and print head, for any obstructions or debris. Remove any dust, dirt, or other blockages that may be contributing to the jam.\n\n**Step 5: Realign the Paper Tray**\n\nIf the paper tray was dislodged during the jam, realign it according to the manufacturer\'s i', 'row_id_for_gt': 2, 'retrieval_chunk_ids': ['row::2__chunk::0', 'row::2__chunk::2', 'row::2__chunk::1', 'row::8__chunk::0'], 'retrieval_row_ids': [2, 2, 2, 8], 'retrieval_scores': [15.7663799018, 12.0901345715, 10.766604199, 8.6396478264], 'top_k': 4}",,,s-afc401456488,,v1,"Query: {query}

Context:
{context}

Answer:"
call_llm,LLM,2e33965d46c814d5,2025-08-17 20:05:27.684963+00:00,2025-08-17 20:05:30.026623+00:00,OK,,[],10a1a4fe16ad1320,9170bec17d54a4b25096ad1ba64254bb,u,application/json,LLM,application/json,"[{'message.role': 'system', 'message.content': 'You are a strict RAG agent. Use only the provided context. If the context does not contain the answer, reply that you don\'t know. Do not include any internal IDs or citations in your answer. Be concise.\n\nYou are an agent. Your internal name is ""adk_rag_minimal_agent"".\n\n The description about you is ""Minimal RAG over CSV corpus""'}, {'message.role': 'user', 'message.contents': [{'message_content.type': 'text', 'message_content.text': ""Query: My Microsoft Word keeps freezing every time I try to open a document, I've tried closing and reopening it but the issue persists, what can I do to fix it?\n\nContext:\n Files**\n\nCorrupt files can cause issues with Microsoft Office applications. Try opening a new, blank document to see if the issue persists. If the issue does not occur with a new document, it's possible that the original file is corrupt.\n\n**Step 5: Check for Conflicting Programs**\n\nOther programs running on your computer can conflict with Microsoft Office applications. Try closing all other programs and background applications to see if the issue resolves.\n\n**Step 6: Check Office Configuration**\n\nOffice configuration issues can cause problems with Microsoft Office applications. Try resetting Office configuration by following these steps:\n\n* Open the **Command Prompt** as an administrator.\n* Type the following command and press **Enter**: `officec2rclient.exe /uninstall`\n* Wait for the command to complete, then restart your computer.\n\n**Step 7: Reinstall Microsoft Office**\n\nIf none of the above steps resolve the issue, try reinstalling Microsoft Office. Go to the **Control Panel**, select **Programs and Features**, and uninstall Microsoft Office. Then, reinstall Microsoft Office from the company's software portal or by contacting the IT department.\n\n**Additional Troubleshooting Tip\n\n**Troubleshooting Issues with Microsoft Office**\n\nThis article provides steps to troubleshoot common issues with Microsoft Office applications, including Word, Excel, PowerPoint, and Outlook.\n\n**Step 1: Restart Microsoft Office**\n\nBefore proceeding with troubleshooting, try restarting the Microsoft Office application that is experiencing issues. This simple step can often resolve problems caused by temporary glitches or corrupted files.\n\n**Step 2: Check for Updates**\n\nEnsure that Microsoft Office is up-to-date. Open any Microsoft Office application, go to **File** > **Account**, and click **Update Options**. If updates are available, install them and restart the application.\n\n**Step 3: Disable Add-ins**\n\nAdd-ins can sometimes cause issues with Microsoft Office applications. To disable add-ins, follow these steps:\n\n* Open the Microsoft Office application experiencing issues.\n* Go to **File** > **Options** > **Add-ins**.\n* Uncheck the boxes next to each add-in to disable them.\n* Click **OK** to save changes.\n\n**Step 4: Check for Corrupt Files**\n\nCorrupt files can cause issues with Microsoft Office applications. Try opening a new, blank document to see if the issue persists. If the is\n\nsoft Office. Then, reinstall Microsoft Office from the company's software portal or by contacting the IT department.\n\n**Additional Troubleshooting Tips**\n\n* Check for antivirus software conflicts, as some antivirus programs can interfere with Microsoft Office applications.\n* Ensure that your computer meets the system requirements for Microsoft Office.\n* If using a Microsoft Office template, try creating a new document from scratch to see if the issue persists.\n* If experiencing issues with a specific file, try opening the file on a different computer or in a different Microsoft Office application to isolate the problem.\n\nBy following these steps, you should be able to troubleshoot and resolve common issues with Microsoft Office applications. If the issue persists, contact the IT department for further assistance.\n\n**Resetting a Jammed Printer**\n\n**Step 1: Turn Off the Printer**\n\nImmediately turn off the printer to prevent any further damage or paper jams. Locate the power button, usually found on the top or front of the printer, and press it to shut down the device.\n\n**Step 2: Open the Printer**\n\nLocate the printer's access panel, which varies depending on the printer model. Common locations include the top, front, or back of the printer. Open the panel by pressing the release latch or sliding it open. This will give you access to the internal mechanisms.\n\n**Step 3: Identify and Remove Jammed Paper**\n\nCarefully inspect the printer's internal mechanisms to locate the jammed paper. Gently pull out any visible paper scraps or torn pieces. Be cautious not to touch any internal components or rollers, as oils from your skin can cause damage.\n\n**Step 4: Check for Obstructions**\n\nInspect the printer's paper path, including the paper tray, rollers, and print head, for any obstructions or debris. Remove any dust, dirt, or other blockages that may be contributing to the jam.\n\n**Step 5: Realign the Paper Tray**\n\nIf the paper tray was dislodged during the jam, realign it according to the manufacturer's i\n\nAnswer:""}]}]","{'vertex': {'agent': {'llm_response': '{""content"":{""parts"":[{""text"":""Here are some steps you can take to troubleshoot the freezing issue with Microsoft Word:\\n\\n1.  Restart the application.\\n2.  Check for updates (**File** \\\\> **Account** \\\\> **Update Options**).\\n3.  Disable add-ins (**File** \\\\> **Options** \\\\> **Add-ins**).\\n4.  Check for corrupt files by opening a new, blank document.\\n5.  Check for conflicting programs by closing other programs and background applications.\\n6.  Reset Office configuration by opening the **Command Prompt** as an administrator and typing the following command: `officec2rclient.exe /uninstall`. Then, restart your computer.\\n7.  Reinstall Microsoft Office by uninstalling it via the **Control Panel** and reinstalling it from the company\'s software portal or by contacting the IT department.""}],""role"":""model""},""usage_metadata"":{""candidates_token_count"":179,""candidates_tokens_details"":[{""modality"":""TEXT"",""token_count"":179}],""prompt_token_count"":1041,""prompt_tokens_details"":[{""modality"":""TEXT"",""token_count"":1041}],""total_token_count"":1220,""traffic_type"":""ON_DEMAND""}}', 'llm_request': '{""model"": ""gemini-2.0-flash"", ""config"": {""system_instruction"": ""You are a strict RAG agent. Use only the provided context. If the context does not contain the answer, reply that you don\'t know. Do not include any internal IDs or citations in your answer. Be concise.\\n\\nYou are an agent. Your internal name is \\""adk_rag_minimal_agent\\"".\\n\\n The description about you is \\""Minimal RAG over CSV corpus\\"""", ""temperature"": 0.0, ""labels"": {""adk_agent_name"": ""adk_rag_minimal_agent""}}, ""contents"": [{""parts"": [{""text"": ""Query: My Microsoft Word keeps freezing every time I try to open a document, I\'ve tried closing and reopening it but the issue persists, what can I do to fix it?\\n\\nContext:\\n Files**\\n\\nCorrupt files can cause issues with Microsoft Office applications. Try opening a new, blank document to see if the issue persists. If the issue does not occur with a new document, it\'s possible that the original file is corrupt.\\n\\n**Step 5: Check for Conflicting Programs**\\n\\nOther programs running on your computer can conflict with Microsoft Office applications. Try closing all other programs and background applications to see if the issue resolves.\\n\\n**Step 6: Check Office Configuration**\\n\\nOffice configuration issues can cause problems with Microsoft Office applications. Try resetting Office configuration by following these steps:\\n\\n* Open the **Command Prompt** as an administrator.\\n* Type the following command and press **Enter**: `officec2rclient.exe /uninstall`\\n* Wait for the command to complete, then restart your computer.\\n\\n**Step 7: Reinstall Microsoft Office**\\n\\nIf none of the above steps resolve the issue, try reinstalling Microsoft Office. Go to the **Control Panel**, select **Programs and Features**, and uninstall Microsoft Office. Then, reinstall Microsoft Office from the company\'s software portal or by contacting the IT department.\\n\\n**Additional Troubleshooting Tip\\n\\n**Troubleshooting Issues with Microsoft Office**\\n\\nThis article provides steps to troubleshoot common issues with Microsoft Office applications, including Word, Excel, PowerPoint, and Outlook.\\n\\n**Step 1: Restart Microsoft Office**\\n\\nBefore proceeding with troubleshooting, try restarting the Microsoft Office application that is experiencing issues. This simple step can often resolve problems caused by temporary glitches or corrupted files.\\n\\n**Step 2: Check for Updates**\\n\\nEnsure that Microsoft Office is up-to-date. Open any Microsoft Office application, go to **File** > **Account**, and click **Update Options**. If updates are available, install them and restart the application.\\n\\n**Step 3: Disable Add-ins**\\n\\nAdd-ins can sometimes cause issues with Microsoft Office applications. To disable add-ins, follow these steps:\\n\\n* Open the Microsoft Office application experiencing issues.\\n* Go to **File** > **Options** > **Add-ins**.\\n* Uncheck the boxes next to each add-in to disable them.\\n* Click **OK** to save changes.\\n\\n**Step 4: Check for Corrupt Files**\\n\\nCorrupt files can cause issues with Microsoft Office applications. Try opening a new, blank document to see if the issue persists. If the is\\n\\nsoft Office. Then, reinstall Microsoft Office from the company\'s software portal or by contacting the IT department.\\n\\n**Additional Troubleshooting Tips**\\n\\n* Check for antivirus software conflicts, as some antivirus programs can interfere with Microsoft Office applications.\\n* Ensure that your computer meets the system requirements for Microsoft Office.\\n* If using a Microsoft Office template, try creating a new document from scratch to see if the issue persists.\\n* If experiencing issues with a specific file, try opening the file on a different computer or in a different Microsoft Office application to isolate the problem.\\n\\nBy following these steps, you should be able to troubleshoot and resolve common issues with Microsoft Office applications. If the issue persists, contact the IT department for further assistance.\\n\\n**Resetting a Jammed Printer**\\n\\n**Step 1: Turn Off the Printer**\\n\\nImmediately turn off the printer to prevent any further damage or paper jams. Locate the power button, usually found on the top or front of the printer, and press it to shut down the device.\\n\\n**Step 2: Open the Printer**\\n\\nLocate the printer\'s access panel, which varies depending on the printer model. Common locations include the top, front, or back of the printer. Open the panel by pressing the release latch or sliding it open. This will give you access to the internal mechanisms.\\n\\n**Step 3: Identify and Remove Jammed Paper**\\n\\nCarefully inspect the printer\'s internal mechanisms to locate the jammed paper. Gently pull out any visible paper scraps or torn pieces. Be cautious not to touch any internal components or rollers, as oils from your skin can cause damage.\\n\\n**Step 4: Check for Obstructions**\\n\\nInspect the printer\'s paper path, including the paper tray, rollers, and print head, for any obstructions or debris. Remove any dust, dirt, or other blockages that may be contributing to the jam.\\n\\n**Step 5: Realign the Paper Tray**\\n\\nIf the paper tray was dislodged during the jam, realign it according to the manufacturer\'s i\\n\\nAnswer:""}], ""role"": ""user""}]}', 'session_id': 's-0dc60860018c', 'invocation_id': 'e-a0986c0f-4187-42ff-9259-b3adc6903328', 'event_id': 'gmJyPg01'}}}","{""system_instruction"":""You are a strict RAG agent. Use only the provided context. If the context does not contain the answer, reply that you don't know. Do not include any internal IDs or citations in your answer. Be concise.\n\nYou are an agent. Your internal name is \""adk_rag_minimal_agent\"".\n\n The description about you is \""Minimal RAG over CSV corpus\"""",""temperature"":0.0,""labels"":{""adk_agent_name"":""adk_rag_minimal_agent""}}",1220.0,179.0,"{'system': 'gcp.vertex.agent', 'request': {'model': 'gemini-2.0-flash'}}","{""model"": ""gemini-2.0-flash"", ""config"": {""system_instruction"": ""You are a strict RAG agent. Use only the provided context. If the context does not contain the answer, reply that you don't know. Do not include any internal IDs or citations in your answer. Be concise.\n\nYou are an agent. Your internal name is \""adk_rag_minimal_agent\"".\n\n The description about you is \""Minimal RAG over CSV corpus\"""", ""temperature"": 0.0, ""labels"": {""adk_agent_name"": ""adk_rag_minimal_agent""}}, ""contents"": [{""parts"": [{""text"": ""Query: My Microsoft Word keeps freezing every time I try to open a document, I've tried closing and reopening it but the issue persists, what can I do to fix it?\n\nContext:\n Files**\n\nCorrupt files can cause issues with Microsoft Office applications. Try opening a new, blank document to see if the issue persists. If the issue does not occur with a new document, it's possible that the original file is corrupt.\n\n**Step 5: Check for Conflicting Programs**\n\nOther programs running on your computer can conflict with Microsoft Office applications. Try closing all other programs and background applications to see if the issue resolves.\n\n**Step 6: Check Office Configuration**\n\nOffice configuration issues can cause problems with Microsoft Office applications. Try resetting Office configuration by following these steps:\n\n* Open the **Command Prompt** as an administrator.\n* Type the following command and press **Enter**: `officec2rclient.exe /uninstall`\n* Wait for the command to complete, then restart your computer.\n\n**Step 7: Reinstall Microsoft Office**\n\nIf none of the above steps resolve the issue, try reinstalling Microsoft Office. Go to the **Control Panel**, select **Programs and Features**, and uninstall Microsoft Office. Then, reinstall Microsoft Office from the company's software portal or by contacting the IT department.\n\n**Additional Troubleshooting Tip\n\n**Troubleshooting Issues with Microsoft Office**\n\nThis article provides steps to troubleshoot common issues with Microsoft Office applications, including Word, Excel, PowerPoint, and Outlook.\n\n**Step 1: Restart Microsoft Office**\n\nBefore proceeding with troubleshooting, try restarting the Microsoft Office application that is experiencing issues. This simple step can often resolve problems caused by temporary glitches or corrupted files.\n\n**Step 2: Check for Updates**\n\nEnsure that Microsoft Office is up-to-date. Open any Microsoft Office application, go to **File** > **Account**, and click **Update Options**. If updates are available, install them and restart the application.\n\n**Step 3: Disable Add-ins**\n\nAdd-ins can sometimes cause issues with Microsoft Office applications. To disable add-ins, follow these steps:\n\n* Open the Microsoft Office application experiencing issues.\n* Go to **File** > **Options** > **Add-ins**.\n* Uncheck the boxes next to each add-in to disable them.\n* Click **OK** to save changes.\n\n**Step 4: Check for Corrupt Files**\n\nCorrupt files can cause issues with Microsoft Office applications. Try opening a new, blank document to see if the issue persists. If the is\n\nsoft Office. Then, reinstall Microsoft Office from the company's software portal or by contacting the IT department.\n\n**Additional Troubleshooting Tips**\n\n* Check for antivirus software conflicts, as some antivirus programs can interfere with Microsoft Office applications.\n* Ensure that your computer meets the system requirements for Microsoft Office.\n* If using a Microsoft Office template, try creating a new document from scratch to see if the issue persists.\n* If experiencing issues with a specific file, try opening the file on a different computer or in a different Microsoft Office application to isolate the problem.\n\nBy following these steps, you should be able to troubleshoot and resolve common issues with Microsoft Office applications. If the issue persists, contact the IT department for further assistance.\n\n**Resetting a Jammed Printer**\n\n**Step 1: Turn Off the Printer**\n\nImmediately turn off the printer to prevent any further damage or paper jams. Locate the power button, usually found on the top or front of the printer, and press it to shut down the device.\n\n**Step 2: Open the Printer**\n\nLocate the printer's access panel, which varies depending on the printer model. Common locations include the top, front, or back of the printer. Open the panel by pressing the release latch or sliding it open. This will give you access to the internal mechanisms.\n\n**Step 3: Identify and Remove Jammed Paper**\n\nCarefully inspect the printer's internal mechanisms to locate the jammed paper. Gently pull out any visible paper scraps or torn pieces. Be cautious not to touch any internal components or rollers, as oils from your skin can cause damage.\n\n**Step 4: Check for Obstructions**\n\nInspect the printer's paper path, including the paper tray, rollers, and print head, for any obstructions or debris. Remove any dust, dirt, or other blockages that may be contributing to the jam.\n\n**Step 5: Realign the Paper Tray**\n\nIf the paper tray was dislodged during the jam, realign it according to the manufacturer's i\n\nAnswer:""}], ""role"": ""user""}]}",1041.0,"{""content"":{""parts"":[{""text"":""Here are some steps you can take to troubleshoot the freezing issue with Microsoft Word:\n\n1.  Restart the application.\n2.  Check for updates (**File** \\> **Account** \\> **Update Options**).\n3.  Disable add-ins (**File** \\> **Options** \\> **Add-ins**).\n4.  Check for corrupt files by opening a new, blank document.\n5.  Check for conflicting programs by closing other programs and background applications.\n6.  Reset Office configuration by opening the **Command Prompt** as an administrator and typing the following command: `officec2rclient.exe /uninstall`. Then, restart your computer.\n7.  Reinstall Microsoft Office by uninstalling it via the **Control Panel** and reinstalling it from the company's software portal or by contacting the IT department.""}],""role"":""model""},""usage_metadata"":{""candidates_token_count"":179,""candidates_tokens_details"":[{""modality"":""TEXT"",""token_count"":179}],""prompt_token_count"":1041,""prompt_tokens_details"":[{""modality"":""TEXT"",""token_count"":1041}],""total_token_count"":1220,""traffic_type"":""ON_DEMAND""}}","{'query': ""My Microsoft Word keeps freezing every time I try to open a document, I've tried closing and reopening it but the issue persists, what can I do to fix it?"", 'context': "" Files**\n\nCorrupt files can cause issues with Microsoft Office applications. Try opening a new, blank document to see if the issue persists. If the issue does not occur with a new document, it's possible that the original file is corrupt.\n\n**Step 5: Check for Conflicting Programs**\n\nOther programs running on your computer can conflict with Microsoft Office applications. Try closing all other programs and background applications to see if the issue resolves.\n\n**Step 6: Check Office Configuration**\n\nOffice configuration issues can cause problems with Microsoft Office applications. Try resetting Office configuration by following these steps:\n\n* Open the **Command Prompt** as an administrator.\n* Type the following command and press **Enter**: `officec2rclient.exe /uninstall`\n* Wait for the command to complete, then restart your computer.\n\n**Step 7: Reinstall Microsoft Office**\n\nIf none of the above steps resolve the issue, try reinstalling Microsoft Office. Go to the **Control Panel**, select **Programs and Features**, and uninstall Microsoft Office. Then, reinstall Microsoft Office from the company's software portal or by contacting the IT department.\n\n**Additional Troubleshooting Tip\n\n**Troubleshooting Issues with Microsoft Office**\n\nThis article provides steps to troubleshoot common issues with Microsoft Office applications, including Word, Excel, PowerPoint, and Outlook.\n\n**Step 1: Restart Microsoft Office**\n\nBefore proceeding with troubleshooting, try restarting the Microsoft Office application that is experiencing issues. This simple step can often resolve problems caused by temporary glitches or corrupted files.\n\n**Step 2: Check for Updates**\n\nEnsure that Microsoft Office is up-to-date. Open any Microsoft Office application, go to **File** > **Account**, and click **Update Options**. If updates are available, install them and restart the application.\n\n**Step 3: Disable Add-ins**\n\nAdd-ins can sometimes cause issues with Microsoft Office applications. To disable add-ins, follow these steps:\n\n* Open the Microsoft Office application experiencing issues.\n* Go to **File** > **Options** > **Add-ins**.\n* Uncheck the boxes next to each add-in to disable them.\n* Click **OK** to save changes.\n\n**Step 4: Check for Corrupt Files**\n\nCorrupt files can cause issues with Microsoft Office applications. Try opening a new, blank document to see if the issue persists. If the is\n\nsoft Office. Then, reinstall Microsoft Office from the company's software portal or by contacting the IT department.\n\n**Additional Troubleshooting Tips**\n\n* Check for antivirus software conflicts, as some antivirus programs can interfere with Microsoft Office applications.\n* Ensure that your computer meets the system requirements for Microsoft Office.\n* If using a Microsoft Office template, try creating a new document from scratch to see if the issue persists.\n* If experiencing issues with a specific file, try opening the file on a different computer or in a different Microsoft Office application to isolate the problem.\n\nBy following these steps, you should be able to troubleshoot and resolve common issues with Microsoft Office applications. If the issue persists, contact the IT department for further assistance.\n\n**Resetting a Jammed Printer**\n\n**Step 1: Turn Off the Printer**\n\nImmediately turn off the printer to prevent any further damage or paper jams. Locate the power button, usually found on the top or front of the printer, and press it to shut down the device.\n\n**Step 2: Open the Printer**\n\nLocate the printer's access panel, which varies depending on the printer model. Common locations include the top, front, or back of the printer. Open the panel by pressing the release latch or sliding it open. This will give you access to the internal mechanisms.\n\n**Step 3: Identify and Remove Jammed Paper**\n\nCarefully inspect the printer's internal mechanisms to locate the jammed paper. Gently pull out any visible paper scraps or torn pieces. Be cautious not to touch any internal components or rollers, as oils from your skin can cause damage.\n\n**Step 4: Check for Obstructions**\n\nInspect the printer's paper path, including the paper tray, rollers, and print head, for any obstructions or debris. Remove any dust, dirt, or other blockages that may be contributing to the jam.\n\n**Step 5: Realign the Paper Tray**\n\nIf the paper tray was dislodged during the jam, realign it according to the manufacturer's i"", 'row_id_for_gt': 3, 'retrieval_chunk_ids': ['row::3__chunk::1', 'row::3__chunk::0', 'row::3__chunk::2', 'row::8__chunk::0'], 'retrieval_row_ids': [3, 3, 3, 8], 'retrieval_scores': [22.41808352, 19.6122071331, 18.0742497528, 16.9524251399], 'top_k': 4}",google,gemini-2.0-flash,s-0dc60860018c,"[{'message.role': 'model', 'message.contents': [{'message_content.type': 'text', 'message_content.text': ""Here are some steps you can take to troubleshoot the freezing issue with Microsoft Word:\n\n1.  Restart the application.\n2.  Check for updates (**File** \\> **Account** \\> **Update Options**).\n3.  Disable add-ins (**File** \\> **Options** \\> **Add-ins**).\n4.  Check for corrupt files by opening a new, blank document.\n5.  Check for conflicting programs by closing other programs and background applications.\n6.  Reset Office configuration by opening the **Command Prompt** as an administrator and typing the following command: `officec2rclient.exe /uninstall`. Then, restart your computer.\n7.  Reinstall Microsoft Office by uninstalling it via the **Control Panel** and reinstalling it from the company's software portal or by contacting the IT department.""}]}]",v1,"Query: {query}

Context:
{context}

Answer:"
agent_run [adk_rag_minimal_agent],AGENT,92f598bc1c8e6e39,2025-08-17 20:05:27.684356+00:00,2025-08-17 20:05:30.032409+00:00,OK,,[],2e33965d46c814d5,9170bec17d54a4b25096ad1ba64254bb,u,,AGENT,application/json,,,,,,,,,"{""content"":{""parts"":[{""text"":""Here are some steps you can take to troubleshoot the freezing issue with Microsoft Word:\n\n1.  Restart the application.\n2.  Check for updates (**File** \\> **Account** \\> **Update Options**).\n3.  Disable add-ins (**File** \\> **Options** \\> **Add-ins**).\n4.  Check for corrupt files by opening a new, blank document.\n5.  Check for conflicting programs by closing other programs and background applications.\n6.  Reset Office configuration by opening the **Command Prompt** as an administrator and typing the following command: `officec2rclient.exe /uninstall`. Then, restart your computer.\n7.  Reinstall Microsoft Office by uninstalling it via the **Control Panel** and reinstalling it from the company's software portal or by contacting the IT department.""}],""role"":""model""},""usage_metadata"":{""candidates_token_count"":179,""candidates_tokens_details"":[{""modality"":""TEXT"",""token_count"":179}],""prompt_token_count"":1041,""prompt_tokens_details"":[{""modality"":""TEXT"",""token_count"":1041}],""total_token_count"":1220,""traffic_type"":""ON_DEMAND""},""invocation_id"":""e-a0986c0f-4187-42ff-9259-b3adc6903328"",""author"":""adk_rag_minimal_agent"",""actions"":{""state_delta"":{},""artifact_delta"":{},""requested_auth_configs"":{}},""id"":""gmJyPg01"",""timestamp"":1755461127.684823}","{'query': ""My Microsoft Word keeps freezing every time I try to open a document, I've tried closing and reopening it but the issue persists, what can I do to fix it?"", 'context': "" Files**\n\nCorrupt files can cause issues with Microsoft Office applications. Try opening a new, blank document to see if the issue persists. If the issue does not occur with a new document, it's possible that the original file is corrupt.\n\n**Step 5: Check for Conflicting Programs**\n\nOther programs running on your computer can conflict with Microsoft Office applications. Try closing all other programs and background applications to see if the issue resolves.\n\n**Step 6: Check Office Configuration**\n\nOffice configuration issues can cause problems with Microsoft Office applications. Try resetting Office configuration by following these steps:\n\n* Open the **Command Prompt** as an administrator.\n* Type the following command and press **Enter**: `officec2rclient.exe /uninstall`\n* Wait for the command to complete, then restart your computer.\n\n**Step 7: Reinstall Microsoft Office**\n\nIf none of the above steps resolve the issue, try reinstalling Microsoft Office. Go to the **Control Panel**, select **Programs and Features**, and uninstall Microsoft Office. Then, reinstall Microsoft Office from the company's software portal or by contacting the IT department.\n\n**Additional Troubleshooting Tip\n\n**Troubleshooting Issues with Microsoft Office**\n\nThis article provides steps to troubleshoot common issues with Microsoft Office applications, including Word, Excel, PowerPoint, and Outlook.\n\n**Step 1: Restart Microsoft Office**\n\nBefore proceeding with troubleshooting, try restarting the Microsoft Office application that is experiencing issues. This simple step can often resolve problems caused by temporary glitches or corrupted files.\n\n**Step 2: Check for Updates**\n\nEnsure that Microsoft Office is up-to-date. Open any Microsoft Office application, go to **File** > **Account**, and click **Update Options**. If updates are available, install them and restart the application.\n\n**Step 3: Disable Add-ins**\n\nAdd-ins can sometimes cause issues with Microsoft Office applications. To disable add-ins, follow these steps:\n\n* Open the Microsoft Office application experiencing issues.\n* Go to **File** > **Options** > **Add-ins**.\n* Uncheck the boxes next to each add-in to disable them.\n* Click **OK** to save changes.\n\n**Step 4: Check for Corrupt Files**\n\nCorrupt files can cause issues with Microsoft Office applications. Try opening a new, blank document to see if the issue persists. If the is\n\nsoft Office. Then, reinstall Microsoft Office from the company's software portal or by contacting the IT department.\n\n**Additional Troubleshooting Tips**\n\n* Check for antivirus software conflicts, as some antivirus programs can interfere with Microsoft Office applications.\n* Ensure that your computer meets the system requirements for Microsoft Office.\n* If using a Microsoft Office template, try creating a new document from scratch to see if the issue persists.\n* If experiencing issues with a specific file, try opening the file on a different computer or in a different Microsoft Office application to isolate the problem.\n\nBy following these steps, you should be able to troubleshoot and resolve common issues with Microsoft Office applications. If the issue persists, contact the IT department for further assistance.\n\n**Resetting a Jammed Printer**\n\n**Step 1: Turn Off the Printer**\n\nImmediately turn off the printer to prevent any further damage or paper jams. Locate the power button, usually found on the top or front of the printer, and press it to shut down the device.\n\n**Step 2: Open the Printer**\n\nLocate the printer's access panel, which varies depending on the printer model. Common locations include the top, front, or back of the printer. Open the panel by pressing the release latch or sliding it open. This will give you access to the internal mechanisms.\n\n**Step 3: Identify and Remove Jammed Paper**\n\nCarefully inspect the printer's internal mechanisms to locate the jammed paper. Gently pull out any visible paper scraps or torn pieces. Be cautious not to touch any internal components or rollers, as oils from your skin can cause damage.\n\n**Step 4: Check for Obstructions**\n\nInspect the printer's paper path, including the paper tray, rollers, and print head, for any obstructions or debris. Remove any dust, dirt, or other blockages that may be contributing to the jam.\n\n**Step 5: Realign the Paper Tray**\n\nIf the paper tray was dislodged during the jam, realign it according to the manufacturer's i"", 'row_id_for_gt': 3, 'retrieval_chunk_ids': ['row::3__chunk::1', 'row::3__chunk::0', 'row::3__chunk::2', 'row::8__chunk::0'], 'retrieval_row_ids': [3, 3, 3, 8], 'retrieval_scores': [22.41808352, 19.6122071331, 18.0742497528, 16.9524251399], 'top_k': 4}",,,s-0dc60860018c,,v1,"Query: {query}

Context:
{context}

Answer:"
invocation [adk_rag_minimal],CHAIN,,2025-08-17 20:05:27.683871+00:00,2025-08-17 20:05:30.034011+00:00,OK,,[],92f598bc1c8e6e39,9170bec17d54a4b25096ad1ba64254bb,u,application/json,CHAIN,application/json,,,,,,,"{""user_id"": ""u"", ""session_id"": ""s-0dc60860018c"", ""new_message"": {""parts"": [{""text"": ""Query: My Microsoft Word keeps freezing every time I try to open a document, I've tried closing and reopening it but the issue persists, what can I do to fix it?\n\nContext:\n Files**\n\nCorrupt files can cause issues with Microsoft Office applications. Try opening a new, blank document to see if the issue persists. If the issue does not occur with a new document, it's possible that the original file is corrupt.\n\n**Step 5: Check for Conflicting Programs**\n\nOther programs running on your computer can conflict with Microsoft Office applications. Try closing all other programs and background applications to see if the issue resolves.\n\n**Step 6: Check Office Configuration**\n\nOffice configuration issues can cause problems with Microsoft Office applications. Try resetting Office configuration by following these steps:\n\n* Open the **Command Prompt** as an administrator.\n* Type the following command and press **Enter**: `officec2rclient.exe /uninstall`\n* Wait for the command to complete, then restart your computer.\n\n**Step 7: Reinstall Microsoft Office**\n\nIf none of the above steps resolve the issue, try reinstalling Microsoft Office. Go to the **Control Panel**, select **Programs and Features**, and uninstall Microsoft Office. Then, reinstall Microsoft Office from the company's software portal or by contacting the IT department.\n\n**Additional Troubleshooting Tip\n\n**Troubleshooting Issues with Microsoft Office**\n\nThis article provides steps to troubleshoot common issues with Microsoft Office applications, including Word, Excel, PowerPoint, and Outlook.\n\n**Step 1: Restart Microsoft Office**\n\nBefore proceeding with troubleshooting, try restarting the Microsoft Office application that is experiencing issues. This simple step can often resolve problems caused by temporary glitches or corrupted files.\n\n**Step 2: Check for Updates**\n\nEnsure that Microsoft Office is up-to-date. Open any Microsoft Office application, go to **File** > **Account**, and click **Update Options**. If updates are available, install them and restart the application.\n\n**Step 3: Disable Add-ins**\n\nAdd-ins can sometimes cause issues with Microsoft Office applications. To disable add-ins, follow these steps:\n\n* Open the Microsoft Office application experiencing issues.\n* Go to **File** > **Options** > **Add-ins**.\n* Uncheck the boxes next to each add-in to disable them.\n* Click **OK** to save changes.\n\n**Step 4: Check for Corrupt Files**\n\nCorrupt files can cause issues with Microsoft Office applications. Try opening a new, blank document to see if the issue persists. If the is\n\nsoft Office. Then, reinstall Microsoft Office from the company's software portal or by contacting the IT department.\n\n**Additional Troubleshooting Tips**\n\n* Check for antivirus software conflicts, as some antivirus programs can interfere with Microsoft Office applications.\n* Ensure that your computer meets the system requirements for Microsoft Office.\n* If using a Microsoft Office template, try creating a new document from scratch to see if the issue persists.\n* If experiencing issues with a specific file, try opening the file on a different computer or in a different Microsoft Office application to isolate the problem.\n\nBy following these steps, you should be able to troubleshoot and resolve common issues with Microsoft Office applications. If the issue persists, contact the IT department for further assistance.\n\n**Resetting a Jammed Printer**\n\n**Step 1: Turn Off the Printer**\n\nImmediately turn off the printer to prevent any further damage or paper jams. Locate the power button, usually found on the top or front of the printer, and press it to shut down the device.\n\n**Step 2: Open the Printer**\n\nLocate the printer's access panel, which varies depending on the printer model. Common locations include the top, front, or back of the printer. Open the panel by pressing the release latch or sliding it open. This will give you access to the internal mechanisms.\n\n**Step 3: Identify and Remove Jammed Paper**\n\nCarefully inspect the printer's internal mechanisms to locate the jammed paper. Gently pull out any visible paper scraps or torn pieces. Be cautious not to touch any internal components or rollers, as oils from your skin can cause damage.\n\n**Step 4: Check for Obstructions**\n\nInspect the printer's paper path, including the paper tray, rollers, and print head, for any obstructions or debris. Remove any dust, dirt, or other blockages that may be contributing to the jam.\n\n**Step 5: Realign the Paper Tray**\n\nIf the paper tray was dislodged during the jam, realign it according to the manufacturer's i\n\nAnswer:""}], ""role"": ""user""}, ""run_config"": {""save_input_blobs_as_artifacts"": false, ""support_cfc"": false, ""streaming_mode"": ""StreamingMode.NONE"", ""max_llm_calls"": 500}}",,"{""content"":{""parts"":[{""text"":""Here are some steps you can take to troubleshoot the freezing issue with Microsoft Word:\n\n1.  Restart the application.\n2.  Check for updates (**File** \\> **Account** \\> **Update Options**).\n3.  Disable add-ins (**File** \\> **Options** \\> **Add-ins**).\n4.  Check for corrupt files by opening a new, blank document.\n5.  Check for conflicting programs by closing other programs and background applications.\n6.  Reset Office configuration by opening the **Command Prompt** as an administrator and typing the following command: `officec2rclient.exe /uninstall`. Then, restart your computer.\n7.  Reinstall Microsoft Office by uninstalling it via the **Control Panel** and reinstalling it from the company's software portal or by contacting the IT department.""}],""role"":""model""},""usage_metadata"":{""candidates_token_count"":179,""candidates_tokens_details"":[{""modality"":""TEXT"",""token_count"":179}],""prompt_token_count"":1041,""prompt_tokens_details"":[{""modality"":""TEXT"",""token_count"":1041}],""total_token_count"":1220,""traffic_type"":""ON_DEMAND""},""invocation_id"":""e-a0986c0f-4187-42ff-9259-b3adc6903328"",""author"":""adk_rag_minimal_agent"",""actions"":{""state_delta"":{},""artifact_delta"":{},""requested_auth_configs"":{}},""id"":""gmJyPg01"",""timestamp"":1755461127.684823}","{'query': ""My Microsoft Word keeps freezing every time I try to open a document, I've tried closing and reopening it but the issue persists, what can I do to fix it?"", 'context': "" Files**\n\nCorrupt files can cause issues with Microsoft Office applications. Try opening a new, blank document to see if the issue persists. If the issue does not occur with a new document, it's possible that the original file is corrupt.\n\n**Step 5: Check for Conflicting Programs**\n\nOther programs running on your computer can conflict with Microsoft Office applications. Try closing all other programs and background applications to see if the issue resolves.\n\n**Step 6: Check Office Configuration**\n\nOffice configuration issues can cause problems with Microsoft Office applications. Try resetting Office configuration by following these steps:\n\n* Open the **Command Prompt** as an administrator.\n* Type the following command and press **Enter**: `officec2rclient.exe /uninstall`\n* Wait for the command to complete, then restart your computer.\n\n**Step 7: Reinstall Microsoft Office**\n\nIf none of the above steps resolve the issue, try reinstalling Microsoft Office. Go to the **Control Panel**, select **Programs and Features**, and uninstall Microsoft Office. Then, reinstall Microsoft Office from the company's software portal or by contacting the IT department.\n\n**Additional Troubleshooting Tip\n\n**Troubleshooting Issues with Microsoft Office**\n\nThis article provides steps to troubleshoot common issues with Microsoft Office applications, including Word, Excel, PowerPoint, and Outlook.\n\n**Step 1: Restart Microsoft Office**\n\nBefore proceeding with troubleshooting, try restarting the Microsoft Office application that is experiencing issues. This simple step can often resolve problems caused by temporary glitches or corrupted files.\n\n**Step 2: Check for Updates**\n\nEnsure that Microsoft Office is up-to-date. Open any Microsoft Office application, go to **File** > **Account**, and click **Update Options**. If updates are available, install them and restart the application.\n\n**Step 3: Disable Add-ins**\n\nAdd-ins can sometimes cause issues with Microsoft Office applications. To disable add-ins, follow these steps:\n\n* Open the Microsoft Office application experiencing issues.\n* Go to **File** > **Options** > **Add-ins**.\n* Uncheck the boxes next to each add-in to disable them.\n* Click **OK** to save changes.\n\n**Step 4: Check for Corrupt Files**\n\nCorrupt files can cause issues with Microsoft Office applications. Try opening a new, blank document to see if the issue persists. If the is\n\nsoft Office. Then, reinstall Microsoft Office from the company's software portal or by contacting the IT department.\n\n**Additional Troubleshooting Tips**\n\n* Check for antivirus software conflicts, as some antivirus programs can interfere with Microsoft Office applications.\n* Ensure that your computer meets the system requirements for Microsoft Office.\n* If using a Microsoft Office template, try creating a new document from scratch to see if the issue persists.\n* If experiencing issues with a specific file, try opening the file on a different computer or in a different Microsoft Office application to isolate the problem.\n\nBy following these steps, you should be able to troubleshoot and resolve common issues with Microsoft Office applications. If the issue persists, contact the IT department for further assistance.\n\n**Resetting a Jammed Printer**\n\n**Step 1: Turn Off the Printer**\n\nImmediately turn off the printer to prevent any further damage or paper jams. Locate the power button, usually found on the top or front of the printer, and press it to shut down the device.\n\n**Step 2: Open the Printer**\n\nLocate the printer's access panel, which varies depending on the printer model. Common locations include the top, front, or back of the printer. Open the panel by pressing the release latch or sliding it open. This will give you access to the internal mechanisms.\n\n**Step 3: Identify and Remove Jammed Paper**\n\nCarefully inspect the printer's internal mechanisms to locate the jammed paper. Gently pull out any visible paper scraps or torn pieces. Be cautious not to touch any internal components or rollers, as oils from your skin can cause damage.\n\n**Step 4: Check for Obstructions**\n\nInspect the printer's paper path, including the paper tray, rollers, and print head, for any obstructions or debris. Remove any dust, dirt, or other blockages that may be contributing to the jam.\n\n**Step 5: Realign the Paper Tray**\n\nIf the paper tray was dislodged during the jam, realign it according to the manufacturer's i"", 'row_id_for_gt': 3, 'retrieval_chunk_ids': ['row::3__chunk::1', 'row::3__chunk::0', 'row::3__chunk::2', 'row::8__chunk::0'], 'retrieval_row_ids': [3, 3, 3, 8], 'retrieval_scores': [22.41808352, 19.6122071331, 18.0742497528, 16.9524251399], 'top_k': 4}",,,s-0dc60860018c,,v1,"Query: {query}

Context:
{context}

Answer:"
call_llm,LLM,aed0a8348d9479f3,2025-08-17 20:05:30.037864+00:00,2025-08-17 20:05:31.946025+00:00,OK,,[],f4db96f9475fa2ef,ebf9e5e1e8252343edb09db7f1493a57,u,application/json,LLM,application/json,"[{'message.role': 'system', 'message.content': 'You are a strict RAG agent. Use only the provided context. If the context does not contain the answer, reply that you don\'t know. Do not include any internal IDs or citations in your answer. Be concise.\n\nYou are an agent. Your internal name is ""adk_rag_minimal_agent"".\n\n The description about you is ""Minimal RAG over CSV corpus""'}, {'message.role': 'user', 'message.contents': [{'message_content.type': 'text', 'message_content.text': 'Query: How do I set up a conference call on Cisco Webex with both video and audio for a meeting with multiple participants?\n\nContext:\nTo set up a conference call on Cisco Webex, follow these steps:\n\n**Step 1: Log in to Cisco Webex**\n\nOpen a web browser and navigate to [company Webex URL]. Enter your company login credentials to access the Webex portal.\n\n**Step 2: Schedule a Meeting**\n\nClick on the ""Meetings"" tab and select ""Schedule a Meeting"" from the drop-down menu. Fill in the required information, including:\n\n* Meeting topic\n* Start and end time\n* Duration\n* Invitees (add email addresses or names from the company directory)\n\n**Step 3: Configure Audio Settings**\n\nIn the ""Audio"" section, select ""Cisco Webex Audio"" as the default audio type. You can also choose to allow participants to join via phone or VoIP.\n\n**Step 4: Set Up Video Settings (Optional)**\n\nIf you want to enable video conferencing, click on the ""Video"" tab and select ""Cisco Webex Video"" as the default video type. You can also choose to allow participants to join via video.\n\n**Step 5: Add Agenda and Notes (Optional)**\n\nYou can add an agenda and notes to the meeting invitation by clicking on the ""Agenda"" tab. This information will be visible to all invitees.\n\n**Step 6: Send Invitations**\n\nClick ""Schedule"" to send the meeting invitation to all invite\n\nssues during the meeting, try restarting your audio or video settings or contacting the IT helpdesk for assistance.\n\nBy following these steps, you can successfully set up and host a conference call on Cisco Webex. If you have any further questions or issues, please contact the IT helpdesk for assistance.\n\na"" tab. This information will be visible to all invitees.\n\n**Step 6: Send Invitations**\n\nClick ""Schedule"" to send the meeting invitation to all invitees. The invitation will include a link to join the meeting, as well as dial-in information for audio-only participants.\n\n**Step 7: Start the Meeting**\n\nAt the scheduled start time, click on the ""Start"" button to begin the conference call. As the host, you will be prompted to enter your audio and video settings before joining the meeting.\n\n**Tips and Best Practices**\n\n* Make sure to test your audio and video settings before the meeting to ensure a smooth experience.\n* Encourage invitees to join the meeting 5-10 minutes early to troubleshoot any technical issues.\n* Use the ""Mute"" feature to minimize background noise and ensure clear audio.\n* Use the ""Share"" feature to share your screen or presentations with participants.\n\n**Troubleshooting**\n\n* If you encounter issues joining the meeting, try restarting your browser or checking your internet connection.\n* If you experience audio or video issues during the meeting, try restarting your audio or video settings or contacting the IT helpdesk for assistance.\n\nBy following these steps, you can\n\n(SSID). Enable WPA2-PSK or WPA3-PSK encryption and set the password created in Step 3. Save your changes.\n\n**Step 5: Set Up a Guest Network (Optional)**\n\nIf you need to provide wireless access to guests or visitors, set up a separate guest network. This will isolate your main network from potential security risks. Configure the guest network with a different SSID and password.\n\n**Step 6: Configure Firewall Settings**\n\nEnable the firewall on your router and configure it to block incoming and outgoing traffic on unnecessary ports. Restrict access to your network by only allowing necessary incoming traffic.\n\n**Step 7: Set Up Quality of Service (QoS)**\n\nConfigure QoS settings on your router to prioritize critical network traffic, such as video conferencing or VoIP calls. This ensures that critical applications receive sufficient bandwidth.\n\n**Step 8: Implement Network Segmentation**\n\nSegment your network into different zones or subnets to restrict access to sensitive areas of your network. This limits the spread of malware or unauthorized access in case of a breach.\n\n**Step 9: Regularly Update Your Router\'s Firmware**\n\nRegularly check for and install firmware updates for your router to\n\nAnswer:'}]}]","{'vertex': {'agent': {'llm_response': '{""content"":{""parts"":[{""text"":""1.  Log in to Cisco Webex.\\n2.  Schedule a meeting, including the topic, start/end time, duration and invitees.\\n3.  In the \\""Audio\\"" section, select \\""Cisco Webex Audio\\"" as the default audio type.\\n4.  To enable video conferencing, click on the \\""Video\\"" tab and select \\""Cisco Webex Video\\"" as the default video type.\\n5.  Add an agenda and notes to the meeting invitation by clicking on the \\""Agenda\\"" tab.\\n6.  Click \\""Schedule\\"" to send the meeting invitation to all invitees.\\n7.  At the scheduled start time, click on the \\""Start\\"" button to begin the conference call.""}],""role"":""model""},""usage_metadata"":{""candidates_token_count"":149,""candidates_tokens_details"":[{""modality"":""TEXT"",""token_count"":149}],""prompt_token_count"":966,""prompt_tokens_details"":[{""modality"":""TEXT"",""token_count"":966}],""total_token_count"":1115,""traffic_type"":""ON_DEMAND""}}', 'llm_request': '{""model"": ""gemini-2.0-flash"", ""config"": {""system_instruction"": ""You are a strict RAG agent. Use only the provided context. If the context does not contain the answer, reply that you don\'t know. Do not include any internal IDs or citations in your answer. Be concise.\\n\\nYou are an agent. Your internal name is \\""adk_rag_minimal_agent\\"".\\n\\n The description about you is \\""Minimal RAG over CSV corpus\\"""", ""temperature"": 0.0, ""labels"": {""adk_agent_name"": ""adk_rag_minimal_agent""}}, ""contents"": [{""parts"": [{""text"": ""Query: How do I set up a conference call on Cisco Webex with both video and audio for a meeting with multiple participants?\\n\\nContext:\\nTo set up a conference call on Cisco Webex, follow these steps:\\n\\n**Step 1: Log in to Cisco Webex**\\n\\nOpen a web browser and navigate to [company Webex URL]. Enter your company login credentials to access the Webex portal.\\n\\n**Step 2: Schedule a Meeting**\\n\\nClick on the \\""Meetings\\"" tab and select \\""Schedule a Meeting\\"" from the drop-down menu. Fill in the required information, including:\\n\\n* Meeting topic\\n* Start and end time\\n* Duration\\n* Invitees (add email addresses or names from the company directory)\\n\\n**Step 3: Configure Audio Settings**\\n\\nIn the \\""Audio\\"" section, select \\""Cisco Webex Audio\\"" as the default audio type. You can also choose to allow participants to join via phone or VoIP.\\n\\n**Step 4: Set Up Video Settings (Optional)**\\n\\nIf you want to enable video conferencing, click on the \\""Video\\"" tab and select \\""Cisco Webex Video\\"" as the default video type. You can also choose to allow participants to join via video.\\n\\n**Step 5: Add Agenda and Notes (Optional)**\\n\\nYou can add an agenda and notes to the meeting invitation by clicking on the \\""Agenda\\"" tab. This information will be visible to all invitees.\\n\\n**Step 6: Send Invitations**\\n\\nClick \\""Schedule\\"" to send the meeting invitation to all invite\\n\\nssues during the meeting, try restarting your audio or video settings or contacting the IT helpdesk for assistance.\\n\\nBy following these steps, you can successfully set up and host a conference call on Cisco Webex. If you have any further questions or issues, please contact the IT helpdesk for assistance.\\n\\na\\"" tab. This information will be visible to all invitees.\\n\\n**Step 6: Send Invitations**\\n\\nClick \\""Schedule\\"" to send the meeting invitation to all invitees. The invitation will include a link to join the meeting, as well as dial-in information for audio-only participants.\\n\\n**Step 7: Start the Meeting**\\n\\nAt the scheduled start time, click on the \\""Start\\"" button to begin the conference call. As the host, you will be prompted to enter your audio and video settings before joining the meeting.\\n\\n**Tips and Best Practices**\\n\\n* Make sure to test your audio and video settings before the meeting to ensure a smooth experience.\\n* Encourage invitees to join the meeting 5-10 minutes early to troubleshoot any technical issues.\\n* Use the \\""Mute\\"" feature to minimize background noise and ensure clear audio.\\n* Use the \\""Share\\"" feature to share your screen or presentations with participants.\\n\\n**Troubleshooting**\\n\\n* If you encounter issues joining the meeting, try restarting your browser or checking your internet connection.\\n* If you experience audio or video issues during the meeting, try restarting your audio or video settings or contacting the IT helpdesk for assistance.\\n\\nBy following these steps, you can\\n\\n(SSID). Enable WPA2-PSK or WPA3-PSK encryption and set the password created in Step 3. Save your changes.\\n\\n**Step 5: Set Up a Guest Network (Optional)**\\n\\nIf you need to provide wireless access to guests or visitors, set up a separate guest network. This will isolate your main network from potential security risks. Configure the guest network with a different SSID and password.\\n\\n**Step 6: Configure Firewall Settings**\\n\\nEnable the firewall on your router and configure it to block incoming and outgoing traffic on unnecessary ports. Restrict access to your network by only allowing necessary incoming traffic.\\n\\n**Step 7: Set Up Quality of Service (QoS)**\\n\\nConfigure QoS settings on your router to prioritize critical network traffic, such as video conferencing or VoIP calls. This ensures that critical applications receive sufficient bandwidth.\\n\\n**Step 8: Implement Network Segmentation**\\n\\nSegment your network into different zones or subnets to restrict access to sensitive areas of your network. This limits the spread of malware or unauthorized access in case of a breach.\\n\\n**Step 9: Regularly Update Your Router\'s Firmware**\\n\\nRegularly check for and install firmware updates for your router to\\n\\nAnswer:""}], ""role"": ""user""}]}', 'session_id': 's-574526243d0b', 'invocation_id': 'e-51662910-c827-461e-b7f0-cbf819fd3dd5', 'event_id': '5642pLcg'}}}","{""system_instruction"":""You are a strict RAG agent. Use only the provided context. If the context does not contain the answer, reply that you don't know. Do not include any internal IDs or citations in your answer. Be concise.\n\nYou are an agent. Your internal name is \""adk_rag_minimal_agent\"".\n\n The description about you is \""Minimal RAG over CSV corpus\"""",""temperature"":0.0,""labels"":{""adk_agent_name"":""adk_rag_minimal_agent""}}",1115.0,149.0,"{'system': 'gcp.vertex.agent', 'request': {'model': 'gemini-2.0-flash'}}","{""model"": ""gemini-2.0-flash"", ""config"": {""system_instruction"": ""You are a strict RAG agent. Use only the provided context. If the context does not contain the answer, reply that you don't know. Do not include any internal IDs or citations in your answer. Be concise.\n\nYou are an agent. Your internal name is \""adk_rag_minimal_agent\"".\n\n The description about you is \""Minimal RAG over CSV corpus\"""", ""temperature"": 0.0, ""labels"": {""adk_agent_name"": ""adk_rag_minimal_agent""}}, ""contents"": [{""parts"": [{""text"": ""Query: How do I set up a conference call on Cisco Webex with both video and audio for a meeting with multiple participants?\n\nContext:\nTo set up a conference call on Cisco Webex, follow these steps:\n\n**Step 1: Log in to Cisco Webex**\n\nOpen a web browser and navigate to [company Webex URL]. Enter your company login credentials to access the Webex portal.\n\n**Step 2: Schedule a Meeting**\n\nClick on the \""Meetings\"" tab and select \""Schedule a Meeting\"" from the drop-down menu. Fill in the required information, including:\n\n* Meeting topic\n* Start and end time\n* Duration\n* Invitees (add email addresses or names from the company directory)\n\n**Step 3: Configure Audio Settings**\n\nIn the \""Audio\"" section, select \""Cisco Webex Audio\"" as the default audio type. You can also choose to allow participants to join via phone or VoIP.\n\n**Step 4: Set Up Video Settings (Optional)**\n\nIf you want to enable video conferencing, click on the \""Video\"" tab and select \""Cisco Webex Video\"" as the default video type. You can also choose to allow participants to join via video.\n\n**Step 5: Add Agenda and Notes (Optional)**\n\nYou can add an agenda and notes to the meeting invitation by clicking on the \""Agenda\"" tab. This information will be visible to all invitees.\n\n**Step 6: Send Invitations**\n\nClick \""Schedule\"" to send the meeting invitation to all invite\n\nssues during the meeting, try restarting your audio or video settings or contacting the IT helpdesk for assistance.\n\nBy following these steps, you can successfully set up and host a conference call on Cisco Webex. If you have any further questions or issues, please contact the IT helpdesk for assistance.\n\na\"" tab. This information will be visible to all invitees.\n\n**Step 6: Send Invitations**\n\nClick \""Schedule\"" to send the meeting invitation to all invitees. The invitation will include a link to join the meeting, as well as dial-in information for audio-only participants.\n\n**Step 7: Start the Meeting**\n\nAt the scheduled start time, click on the \""Start\"" button to begin the conference call. As the host, you will be prompted to enter your audio and video settings before joining the meeting.\n\n**Tips and Best Practices**\n\n* Make sure to test your audio and video settings before the meeting to ensure a smooth experience.\n* Encourage invitees to join the meeting 5-10 minutes early to troubleshoot any technical issues.\n* Use the \""Mute\"" feature to minimize background noise and ensure clear audio.\n* Use the \""Share\"" feature to share your screen or presentations with participants.\n\n**Troubleshooting**\n\n* If you encounter issues joining the meeting, try restarting your browser or checking your internet connection.\n* If you experience audio or video issues during the meeting, try restarting your audio or video settings or contacting the IT helpdesk for assistance.\n\nBy following these steps, you can\n\n(SSID). Enable WPA2-PSK or WPA3-PSK encryption and set the password created in Step 3. Save your changes.\n\n**Step 5: Set Up a Guest Network (Optional)**\n\nIf you need to provide wireless access to guests or visitors, set up a separate guest network. This will isolate your main network from potential security risks. Configure the guest network with a different SSID and password.\n\n**Step 6: Configure Firewall Settings**\n\nEnable the firewall on your router and configure it to block incoming and outgoing traffic on unnecessary ports. Restrict access to your network by only allowing necessary incoming traffic.\n\n**Step 7: Set Up Quality of Service (QoS)**\n\nConfigure QoS settings on your router to prioritize critical network traffic, such as video conferencing or VoIP calls. This ensures that critical applications receive sufficient bandwidth.\n\n**Step 8: Implement Network Segmentation**\n\nSegment your network into different zones or subnets to restrict access to sensitive areas of your network. This limits the spread of malware or unauthorized access in case of a breach.\n\n**Step 9: Regularly Update Your Router's Firmware**\n\nRegularly check for and install firmware updates for your router to\n\nAnswer:""}], ""role"": ""user""}]}",966.0,"{""content"":{""parts"":[{""text"":""1.  Log in to Cisco Webex.\n2.  Schedule a meeting, including the topic, start/end time, duration and invitees.\n3.  In the \""Audio\"" section, select \""Cisco Webex Audio\"" as the default audio type.\n4.  To enable video conferencing, click on the \""Video\"" tab and select \""Cisco Webex Video\"" as the default video type.\n5.  Add an agenda and notes to the meeting invitation by clicking on the \""Agenda\"" tab.\n6.  Click \""Schedule\"" to send the meeting invitation to all invitees.\n7.  At the scheduled start time, click on the \""Start\"" button to begin the conference call.""}],""role"":""model""},""usage_metadata"":{""candidates_token_count"":149,""candidates_tokens_details"":[{""modality"":""TEXT"",""token_count"":149}],""prompt_token_count"":966,""prompt_tokens_details"":[{""modality"":""TEXT"",""token_count"":966}],""total_token_count"":1115,""traffic_type"":""ON_DEMAND""}}","{'query': 'How do I set up a conference call on Cisco Webex with both video and audio for a meeting with multiple participants?', 'context': 'To set up a conference call on Cisco Webex, follow these steps:\n\n**Step 1: Log in to Cisco Webex**\n\nOpen a web browser and navigate to [company Webex URL]. Enter your company login credentials to access the Webex portal.\n\n**Step 2: Schedule a Meeting**\n\nClick on the ""Meetings"" tab and select ""Schedule a Meeting"" from the drop-down menu. Fill in the required information, including:\n\n* Meeting topic\n* Start and end time\n* Duration\n* Invitees (add email addresses or names from the company directory)\n\n**Step 3: Configure Audio Settings**\n\nIn the ""Audio"" section, select ""Cisco Webex Audio"" as the default audio type. You can also choose to allow participants to join via phone or VoIP.\n\n**Step 4: Set Up Video Settings (Optional)**\n\nIf you want to enable video conferencing, click on the ""Video"" tab and select ""Cisco Webex Video"" as the default video type. You can also choose to allow participants to join via video.\n\n**Step 5: Add Agenda and Notes (Optional)**\n\nYou can add an agenda and notes to the meeting invitation by clicking on the ""Agenda"" tab. This information will be visible to all invitees.\n\n**Step 6: Send Invitations**\n\nClick ""Schedule"" to send the meeting invitation to all invite\n\nssues during the meeting, try restarting your audio or video settings or contacting the IT helpdesk for assistance.\n\nBy following these steps, you can successfully set up and host a conference call on Cisco Webex. If you have any further questions or issues, please contact the IT helpdesk for assistance.\n\na"" tab. This information will be visible to all invitees.\n\n**Step 6: Send Invitations**\n\nClick ""Schedule"" to send the meeting invitation to all invitees. The invitation will include a link to join the meeting, as well as dial-in information for audio-only participants.\n\n**Step 7: Start the Meeting**\n\nAt the scheduled start time, click on the ""Start"" button to begin the conference call. As the host, you will be prompted to enter your audio and video settings before joining the meeting.\n\n**Tips and Best Practices**\n\n* Make sure to test your audio and video settings before the meeting to ensure a smooth experience.\n* Encourage invitees to join the meeting 5-10 minutes early to troubleshoot any technical issues.\n* Use the ""Mute"" feature to minimize background noise and ensure clear audio.\n* Use the ""Share"" feature to share your screen or presentations with participants.\n\n**Troubleshooting**\n\n* If you encounter issues joining the meeting, try restarting your browser or checking your internet connection.\n* If you experience audio or video issues during the meeting, try restarting your audio or video settings or contacting the IT helpdesk for assistance.\n\nBy following these steps, you can\n\n(SSID). Enable WPA2-PSK or WPA3-PSK encryption and set the password created in Step 3. Save your changes.\n\n**Step 5: Set Up a Guest Network (Optional)**\n\nIf you need to provide wireless access to guests or visitors, set up a separate guest network. This will isolate your main network from potential security risks. Configure the guest network with a different SSID and password.\n\n**Step 6: Configure Firewall Settings**\n\nEnable the firewall on your router and configure it to block incoming and outgoing traffic on unnecessary ports. Restrict access to your network by only allowing necessary incoming traffic.\n\n**Step 7: Set Up Quality of Service (QoS)**\n\nConfigure QoS settings on your router to prioritize critical network traffic, such as video conferencing or VoIP calls. This ensures that critical applications receive sufficient bandwidth.\n\n**Step 8: Implement Network Segmentation**\n\nSegment your network into different zones or subnets to restrict access to sensitive areas of your network. This limits the spread of malware or unauthorized access in case of a breach.\n\n**Step 9: Regularly Update Your Router\'s Firmware**\n\nRegularly check for and install firmware updates for your router to', 'row_id_for_gt': 4, 'retrieval_chunk_ids': ['row::4__chunk::0', 'row::4__chunk::2', 'row::4__chunk::1', 'row::7__chunk::1'], 'retrieval_row_ids': [4, 4, 4, 7], 'retrieval_scores': [31.3037687004, 26.848242268, 23.0509343235, 9.1081086602], 'top_k': 4}",google,gemini-2.0-flash,s-574526243d0b,"[{'message.role': 'model', 'message.contents': [{'message_content.type': 'text', 'message_content.text': '1.  Log in to Cisco Webex.\n2.  Schedule a meeting, including the topic, start/end time, duration and invitees.\n3.  In the ""Audio"" section, select ""Cisco Webex Audio"" as the default audio type.\n4.  To enable video conferencing, click on the ""Video"" tab and select ""Cisco Webex Video"" as the default video type.\n5.  Add an agenda and notes to the meeting invitation by clicking on the ""Agenda"" tab.\n6.  Click ""Schedule"" to send the meeting invitation to all invitees.\n7.  At the scheduled start time, click on the ""Start"" button to begin the conference call.'}]}]",v1,"Query: {query}

Context:
{context}

Answer:"
agent_run [adk_rag_minimal_agent],AGENT,0707d9084013ebc9,2025-08-17 20:05:30.037360+00:00,2025-08-17 20:05:31.949611+00:00,OK,,[],aed0a8348d9479f3,ebf9e5e1e8252343edb09db7f1493a57,u,,AGENT,application/json,,,,,,,,,"{""content"":{""parts"":[{""text"":""1.  Log in to Cisco Webex.\n2.  Schedule a meeting, including the topic, start/end time, duration and invitees.\n3.  In the \""Audio\"" section, select \""Cisco Webex Audio\"" as the default audio type.\n4.  To enable video conferencing, click on the \""Video\"" tab and select \""Cisco Webex Video\"" as the default video type.\n5.  Add an agenda and notes to the meeting invitation by clicking on the \""Agenda\"" tab.\n6.  Click \""Schedule\"" to send the meeting invitation to all invitees.\n7.  At the scheduled start time, click on the \""Start\"" button to begin the conference call.""}],""role"":""model""},""usage_metadata"":{""candidates_token_count"":149,""candidates_tokens_details"":[{""modality"":""TEXT"",""token_count"":149}],""prompt_token_count"":966,""prompt_tokens_details"":[{""modality"":""TEXT"",""token_count"":966}],""total_token_count"":1115,""traffic_type"":""ON_DEMAND""},""invocation_id"":""e-51662910-c827-461e-b7f0-cbf819fd3dd5"",""author"":""adk_rag_minimal_agent"",""actions"":{""state_delta"":{},""artifact_delta"":{},""requested_auth_configs"":{}},""id"":""5642pLcg"",""timestamp"":1755461130.037766}","{'query': 'How do I set up a conference call on Cisco Webex with both video and audio for a meeting with multiple participants?', 'context': 'To set up a conference call on Cisco Webex, follow these steps:\n\n**Step 1: Log in to Cisco Webex**\n\nOpen a web browser and navigate to [company Webex URL]. Enter your company login credentials to access the Webex portal.\n\n**Step 2: Schedule a Meeting**\n\nClick on the ""Meetings"" tab and select ""Schedule a Meeting"" from the drop-down menu. Fill in the required information, including:\n\n* Meeting topic\n* Start and end time\n* Duration\n* Invitees (add email addresses or names from the company directory)\n\n**Step 3: Configure Audio Settings**\n\nIn the ""Audio"" section, select ""Cisco Webex Audio"" as the default audio type. You can also choose to allow participants to join via phone or VoIP.\n\n**Step 4: Set Up Video Settings (Optional)**\n\nIf you want to enable video conferencing, click on the ""Video"" tab and select ""Cisco Webex Video"" as the default video type. You can also choose to allow participants to join via video.\n\n**Step 5: Add Agenda and Notes (Optional)**\n\nYou can add an agenda and notes to the meeting invitation by clicking on the ""Agenda"" tab. This information will be visible to all invitees.\n\n**Step 6: Send Invitations**\n\nClick ""Schedule"" to send the meeting invitation to all invite\n\nssues during the meeting, try restarting your audio or video settings or contacting the IT helpdesk for assistance.\n\nBy following these steps, you can successfully set up and host a conference call on Cisco Webex. If you have any further questions or issues, please contact the IT helpdesk for assistance.\n\na"" tab. This information will be visible to all invitees.\n\n**Step 6: Send Invitations**\n\nClick ""Schedule"" to send the meeting invitation to all invitees. The invitation will include a link to join the meeting, as well as dial-in information for audio-only participants.\n\n**Step 7: Start the Meeting**\n\nAt the scheduled start time, click on the ""Start"" button to begin the conference call. As the host, you will be prompted to enter your audio and video settings before joining the meeting.\n\n**Tips and Best Practices**\n\n* Make sure to test your audio and video settings before the meeting to ensure a smooth experience.\n* Encourage invitees to join the meeting 5-10 minutes early to troubleshoot any technical issues.\n* Use the ""Mute"" feature to minimize background noise and ensure clear audio.\n* Use the ""Share"" feature to share your screen or presentations with participants.\n\n**Troubleshooting**\n\n* If you encounter issues joining the meeting, try restarting your browser or checking your internet connection.\n* If you experience audio or video issues during the meeting, try restarting your audio or video settings or contacting the IT helpdesk for assistance.\n\nBy following these steps, you can\n\n(SSID). Enable WPA2-PSK or WPA3-PSK encryption and set the password created in Step 3. Save your changes.\n\n**Step 5: Set Up a Guest Network (Optional)**\n\nIf you need to provide wireless access to guests or visitors, set up a separate guest network. This will isolate your main network from potential security risks. Configure the guest network with a different SSID and password.\n\n**Step 6: Configure Firewall Settings**\n\nEnable the firewall on your router and configure it to block incoming and outgoing traffic on unnecessary ports. Restrict access to your network by only allowing necessary incoming traffic.\n\n**Step 7: Set Up Quality of Service (QoS)**\n\nConfigure QoS settings on your router to prioritize critical network traffic, such as video conferencing or VoIP calls. This ensures that critical applications receive sufficient bandwidth.\n\n**Step 8: Implement Network Segmentation**\n\nSegment your network into different zones or subnets to restrict access to sensitive areas of your network. This limits the spread of malware or unauthorized access in case of a breach.\n\n**Step 9: Regularly Update Your Router\'s Firmware**\n\nRegularly check for and install firmware updates for your router to', 'row_id_for_gt': 4, 'retrieval_chunk_ids': ['row::4__chunk::0', 'row::4__chunk::2', 'row::4__chunk::1', 'row::7__chunk::1'], 'retrieval_row_ids': [4, 4, 4, 7], 'retrieval_scores': [31.3037687004, 26.848242268, 23.0509343235, 9.1081086602], 'top_k': 4}",,,s-574526243d0b,,v1,"Query: {query}

Context:
{context}

Answer:"
invocation [adk_rag_minimal],CHAIN,,2025-08-17 20:05:30.037046+00:00,2025-08-17 20:05:31.950502+00:00,OK,,[],0707d9084013ebc9,ebf9e5e1e8252343edb09db7f1493a57,u,application/json,CHAIN,application/json,,,,,,,"{""user_id"": ""u"", ""session_id"": ""s-574526243d0b"", ""new_message"": {""parts"": [{""text"": ""Query: How do I set up a conference call on Cisco Webex with both video and audio for a meeting with multiple participants?\n\nContext:\nTo set up a conference call on Cisco Webex, follow these steps:\n\n**Step 1: Log in to Cisco Webex**\n\nOpen a web browser and navigate to [company Webex URL]. Enter your company login credentials to access the Webex portal.\n\n**Step 2: Schedule a Meeting**\n\nClick on the \""Meetings\"" tab and select \""Schedule a Meeting\"" from the drop-down menu. Fill in the required information, including:\n\n* Meeting topic\n* Start and end time\n* Duration\n* Invitees (add email addresses or names from the company directory)\n\n**Step 3: Configure Audio Settings**\n\nIn the \""Audio\"" section, select \""Cisco Webex Audio\"" as the default audio type. You can also choose to allow participants to join via phone or VoIP.\n\n**Step 4: Set Up Video Settings (Optional)**\n\nIf you want to enable video conferencing, click on the \""Video\"" tab and select \""Cisco Webex Video\"" as the default video type. You can also choose to allow participants to join via video.\n\n**Step 5: Add Agenda and Notes (Optional)**\n\nYou can add an agenda and notes to the meeting invitation by clicking on the \""Agenda\"" tab. This information will be visible to all invitees.\n\n**Step 6: Send Invitations**\n\nClick \""Schedule\"" to send the meeting invitation to all invite\n\nssues during the meeting, try restarting your audio or video settings or contacting the IT helpdesk for assistance.\n\nBy following these steps, you can successfully set up and host a conference call on Cisco Webex. If you have any further questions or issues, please contact the IT helpdesk for assistance.\n\na\"" tab. This information will be visible to all invitees.\n\n**Step 6: Send Invitations**\n\nClick \""Schedule\"" to send the meeting invitation to all invitees. The invitation will include a link to join the meeting, as well as dial-in information for audio-only participants.\n\n**Step 7: Start the Meeting**\n\nAt the scheduled start time, click on the \""Start\"" button to begin the conference call. As the host, you will be prompted to enter your audio and video settings before joining the meeting.\n\n**Tips and Best Practices**\n\n* Make sure to test your audio and video settings before the meeting to ensure a smooth experience.\n* Encourage invitees to join the meeting 5-10 minutes early to troubleshoot any technical issues.\n* Use the \""Mute\"" feature to minimize background noise and ensure clear audio.\n* Use the \""Share\"" feature to share your screen or presentations with participants.\n\n**Troubleshooting**\n\n* If you encounter issues joining the meeting, try restarting your browser or checking your internet connection.\n* If you experience audio or video issues during the meeting, try restarting your audio or video settings or contacting the IT helpdesk for assistance.\n\nBy following these steps, you can\n\n(SSID). Enable WPA2-PSK or WPA3-PSK encryption and set the password created in Step 3. Save your changes.\n\n**Step 5: Set Up a Guest Network (Optional)**\n\nIf you need to provide wireless access to guests or visitors, set up a separate guest network. This will isolate your main network from potential security risks. Configure the guest network with a different SSID and password.\n\n**Step 6: Configure Firewall Settings**\n\nEnable the firewall on your router and configure it to block incoming and outgoing traffic on unnecessary ports. Restrict access to your network by only allowing necessary incoming traffic.\n\n**Step 7: Set Up Quality of Service (QoS)**\n\nConfigure QoS settings on your router to prioritize critical network traffic, such as video conferencing or VoIP calls. This ensures that critical applications receive sufficient bandwidth.\n\n**Step 8: Implement Network Segmentation**\n\nSegment your network into different zones or subnets to restrict access to sensitive areas of your network. This limits the spread of malware or unauthorized access in case of a breach.\n\n**Step 9: Regularly Update Your Router's Firmware**\n\nRegularly check for and install firmware updates for your router to\n\nAnswer:""}], ""role"": ""user""}, ""run_config"": {""save_input_blobs_as_artifacts"": false, ""support_cfc"": false, ""streaming_mode"": ""StreamingMode.NONE"", ""max_llm_calls"": 500}}",,"{""content"":{""parts"":[{""text"":""1.  Log in to Cisco Webex.\n2.  Schedule a meeting, including the topic, start/end time, duration and invitees.\n3.  In the \""Audio\"" section, select \""Cisco Webex Audio\"" as the default audio type.\n4.  To enable video conferencing, click on the \""Video\"" tab and select \""Cisco Webex Video\"" as the default video type.\n5.  Add an agenda and notes to the meeting invitation by clicking on the \""Agenda\"" tab.\n6.  Click \""Schedule\"" to send the meeting invitation to all invitees.\n7.  At the scheduled start time, click on the \""Start\"" button to begin the conference call.""}],""role"":""model""},""usage_metadata"":{""candidates_token_count"":149,""candidates_tokens_details"":[{""modality"":""TEXT"",""token_count"":149}],""prompt_token_count"":966,""prompt_tokens_details"":[{""modality"":""TEXT"",""token_count"":966}],""total_token_count"":1115,""traffic_type"":""ON_DEMAND""},""invocation_id"":""e-51662910-c827-461e-b7f0-cbf819fd3dd5"",""author"":""adk_rag_minimal_agent"",""actions"":{""state_delta"":{},""artifact_delta"":{},""requested_auth_configs"":{}},""id"":""5642pLcg"",""timestamp"":1755461130.037766}","{'query': 'How do I set up a conference call on Cisco Webex with both video and audio for a meeting with multiple participants?', 'context': 'To set up a conference call on Cisco Webex, follow these steps:\n\n**Step 1: Log in to Cisco Webex**\n\nOpen a web browser and navigate to [company Webex URL]. Enter your company login credentials to access the Webex portal.\n\n**Step 2: Schedule a Meeting**\n\nClick on the ""Meetings"" tab and select ""Schedule a Meeting"" from the drop-down menu. Fill in the required information, including:\n\n* Meeting topic\n* Start and end time\n* Duration\n* Invitees (add email addresses or names from the company directory)\n\n**Step 3: Configure Audio Settings**\n\nIn the ""Audio"" section, select ""Cisco Webex Audio"" as the default audio type. You can also choose to allow participants to join via phone or VoIP.\n\n**Step 4: Set Up Video Settings (Optional)**\n\nIf you want to enable video conferencing, click on the ""Video"" tab and select ""Cisco Webex Video"" as the default video type. You can also choose to allow participants to join via video.\n\n**Step 5: Add Agenda and Notes (Optional)**\n\nYou can add an agenda and notes to the meeting invitation by clicking on the ""Agenda"" tab. This information will be visible to all invitees.\n\n**Step 6: Send Invitations**\n\nClick ""Schedule"" to send the meeting invitation to all invite\n\nssues during the meeting, try restarting your audio or video settings or contacting the IT helpdesk for assistance.\n\nBy following these steps, you can successfully set up and host a conference call on Cisco Webex. If you have any further questions or issues, please contact the IT helpdesk for assistance.\n\na"" tab. This information will be visible to all invitees.\n\n**Step 6: Send Invitations**\n\nClick ""Schedule"" to send the meeting invitation to all invitees. The invitation will include a link to join the meeting, as well as dial-in information for audio-only participants.\n\n**Step 7: Start the Meeting**\n\nAt the scheduled start time, click on the ""Start"" button to begin the conference call. As the host, you will be prompted to enter your audio and video settings before joining the meeting.\n\n**Tips and Best Practices**\n\n* Make sure to test your audio and video settings before the meeting to ensure a smooth experience.\n* Encourage invitees to join the meeting 5-10 minutes early to troubleshoot any technical issues.\n* Use the ""Mute"" feature to minimize background noise and ensure clear audio.\n* Use the ""Share"" feature to share your screen or presentations with participants.\n\n**Troubleshooting**\n\n* If you encounter issues joining the meeting, try restarting your browser or checking your internet connection.\n* If you experience audio or video issues during the meeting, try restarting your audio or video settings or contacting the IT helpdesk for assistance.\n\nBy following these steps, you can\n\n(SSID). Enable WPA2-PSK or WPA3-PSK encryption and set the password created in Step 3. Save your changes.\n\n**Step 5: Set Up a Guest Network (Optional)**\n\nIf you need to provide wireless access to guests or visitors, set up a separate guest network. This will isolate your main network from potential security risks. Configure the guest network with a different SSID and password.\n\n**Step 6: Configure Firewall Settings**\n\nEnable the firewall on your router and configure it to block incoming and outgoing traffic on unnecessary ports. Restrict access to your network by only allowing necessary incoming traffic.\n\n**Step 7: Set Up Quality of Service (QoS)**\n\nConfigure QoS settings on your router to prioritize critical network traffic, such as video conferencing or VoIP calls. This ensures that critical applications receive sufficient bandwidth.\n\n**Step 8: Implement Network Segmentation**\n\nSegment your network into different zones or subnets to restrict access to sensitive areas of your network. This limits the spread of malware or unauthorized access in case of a breach.\n\n**Step 9: Regularly Update Your Router\'s Firmware**\n\nRegularly check for and install firmware updates for your router to', 'row_id_for_gt': 4, 'retrieval_chunk_ids': ['row::4__chunk::0', 'row::4__chunk::2', 'row::4__chunk::1', 'row::7__chunk::1'], 'retrieval_row_ids': [4, 4, 4, 7], 'retrieval_scores': [31.3037687004, 26.848242268, 23.0509343235, 9.1081086602], 'top_k': 4}",,,s-574526243d0b,,v1,"Query: {query}

Context:
{context}

Answer:"
call_llm,LLM,f255e4733a0ab01e,2025-08-17 20:05:31.954112+00:00,2025-08-17 20:05:33.914872+00:00,OK,,[],92d68a9570b3c349,fa87075472092d84ce0a868dd48b2952,u,application/json,LLM,application/json,"[{'message.role': 'system', 'message.content': 'You are a strict RAG agent. Use only the provided context. If the context does not contain the answer, reply that you don\'t know. Do not include any internal IDs or citations in your answer. Be concise.\n\nYou are an agent. Your internal name is ""adk_rag_minimal_agent"".\n\n The description about you is ""Minimal RAG over CSV corpus""'}, {'message.role': 'user', 'message.contents': [{'message_content.type': 'text', 'message_content.text': ""Query: How do I back up my important work files to prevent data loss?\n\nContext:\n**Creating a Backup of Important Files**\n\nBacking up important files is a crucial step in protecting your data from loss or corruption. This article will guide you through the process of creating a backup of your important files.\n\n**Step 1: Identify Important Files**\n\nThe first step in creating a backup is to identify the important files that need to be backed up. These may include documents, spreadsheets, presentations, and other files that are critical to your work. Make a list of the files and folders that you need to back up.\n\n**Step 2: Choose a Backup Method**\n\nThere are several ways to back up your files, including:\n\n* **External Hard Drive**: Connect an external hard drive to your computer and copy your important files to it.\n* **Cloud Backup**: Use a cloud backup service such as OneDrive, Google Drive, or Dropbox to store your files online.\n* **Network Share**: Save your files to a network share or a shared drive on your company's network.\n* **USB Drive**: Use a USB drive to store your important files.\n\nChoose a backup method that works best for you and your needs.\n\n**Step 3: Connect Your Backup Device**\n\nIf you are using an external hard drive or USB drive, connect it to y\n\nthat works best for you and your needs.\n\n**Step 3: Connect Your Backup Device**\n\nIf you are using an external hard drive or USB drive, connect it to your computer. If you are using a cloud backup service, log in to your account and ensure that you have sufficient storage space.\n\n**Step 4: Copy Your Files**\n\nCopy your important files to your chosen backup device. Make sure to copy all the files and folders that you identified in Step 1.\n\n**Step 5: Verify Your Backup**\n\nOnce you have copied your files, verify that they have been backed up successfully. Check the contents of your backup device to ensure that all files are present and can be opened.\n\n**Step 6: Schedule Regular Backups**\n\nTo ensure that your important files are always up to date, schedule regular backups. You can set up your backup software to run automatically at a specified time each day or week.\n\n**Additional Tips**\n\n* **Backup Frequency**: Aim to backup your important files at least once a week, or more frequently if you work with sensitive or critical data.\n* **Backup Location**: Store your backup device in a safe location, away from your computer and other electronic devices.\n* **Versioning**: Consider using a bac\n\n Location**: Store your backup device in a safe location, away from your computer and other electronic devices.\n* **Versioning**: Consider using a backup software that supports versioning, which allows you to keep multiple versions of your files in case you need to recover a previous version.\n\nBy following these steps, you can ensure that your important files are safely backed up and protected from loss or corruption.\n\n**Resetting a Jammed Printer**\n\n**Step 1: Turn Off the Printer**\n\nImmediately turn off the printer to prevent any further damage or paper jams. Locate the power button, usually found on the top or front of the printer, and press it to shut down the device.\n\n**Step 2: Open the Printer**\n\nLocate the printer's access panel, which varies depending on the printer model. Common locations include the top, front, or back of the printer. Open the panel by pressing the release latch or sliding it open. This will give you access to the internal mechanisms.\n\n**Step 3: Identify and Remove Jammed Paper**\n\nCarefully inspect the printer's internal mechanisms to locate the jammed paper. Gently pull out any visible paper scraps or torn pieces. Be cautious not to touch any internal components or rollers, as oils from your skin can cause damage.\n\n**Step 4: Check for Obstructions**\n\nInspect the printer's paper path, including the paper tray, rollers, and print head, for any obstructions or debris. Remove any dust, dirt, or other blockages that may be contributing to the jam.\n\n**Step 5: Realign the Paper Tray**\n\nIf the paper tray was dislodged during the jam, realign it according to the manufacturer's i\n\nAnswer:""}]}]","{'vertex': {'agent': {'llm_response': '{""content"":{""parts"":[{""text"":""To back up your important work files, you should:\\n\\n1.  Identify the important files.\\n2.  Choose a backup method like an external hard drive, cloud backup, network share, or USB drive.\\n3.  Connect your backup device.\\n4.  Copy your files to the backup device.\\n5.  Verify that the files have been backed up successfully.\\n6.  Schedule regular backups.\\n\\nIt is recommended to back up your files at least once a week and store your backup device in a safe location. Consider using backup software that supports versioning.\\n""}],""role"":""model""},""usage_metadata"":{""candidates_token_count"":121,""candidates_tokens_details"":[{""modality"":""TEXT"",""token_count"":121}],""prompt_token_count"":982,""prompt_tokens_details"":[{""modality"":""TEXT"",""token_count"":982}],""total_token_count"":1103,""traffic_type"":""ON_DEMAND""}}', 'llm_request': '{""model"": ""gemini-2.0-flash"", ""config"": {""system_instruction"": ""You are a strict RAG agent. Use only the provided context. If the context does not contain the answer, reply that you don\'t know. Do not include any internal IDs or citations in your answer. Be concise.\\n\\nYou are an agent. Your internal name is \\""adk_rag_minimal_agent\\"".\\n\\n The description about you is \\""Minimal RAG over CSV corpus\\"""", ""temperature"": 0.0, ""labels"": {""adk_agent_name"": ""adk_rag_minimal_agent""}}, ""contents"": [{""parts"": [{""text"": ""Query: How do I back up my important work files to prevent data loss?\\n\\nContext:\\n**Creating a Backup of Important Files**\\n\\nBacking up important files is a crucial step in protecting your data from loss or corruption. This article will guide you through the process of creating a backup of your important files.\\n\\n**Step 1: Identify Important Files**\\n\\nThe first step in creating a backup is to identify the important files that need to be backed up. These may include documents, spreadsheets, presentations, and other files that are critical to your work. Make a list of the files and folders that you need to back up.\\n\\n**Step 2: Choose a Backup Method**\\n\\nThere are several ways to back up your files, including:\\n\\n* **External Hard Drive**: Connect an external hard drive to your computer and copy your important files to it.\\n* **Cloud Backup**: Use a cloud backup service such as OneDrive, Google Drive, or Dropbox to store your files online.\\n* **Network Share**: Save your files to a network share or a shared drive on your company\'s network.\\n* **USB Drive**: Use a USB drive to store your important files.\\n\\nChoose a backup method that works best for you and your needs.\\n\\n**Step 3: Connect Your Backup Device**\\n\\nIf you are using an external hard drive or USB drive, connect it to y\\n\\nthat works best for you and your needs.\\n\\n**Step 3: Connect Your Backup Device**\\n\\nIf you are using an external hard drive or USB drive, connect it to your computer. If you are using a cloud backup service, log in to your account and ensure that you have sufficient storage space.\\n\\n**Step 4: Copy Your Files**\\n\\nCopy your important files to your chosen backup device. Make sure to copy all the files and folders that you identified in Step 1.\\n\\n**Step 5: Verify Your Backup**\\n\\nOnce you have copied your files, verify that they have been backed up successfully. Check the contents of your backup device to ensure that all files are present and can be opened.\\n\\n**Step 6: Schedule Regular Backups**\\n\\nTo ensure that your important files are always up to date, schedule regular backups. You can set up your backup software to run automatically at a specified time each day or week.\\n\\n**Additional Tips**\\n\\n* **Backup Frequency**: Aim to backup your important files at least once a week, or more frequently if you work with sensitive or critical data.\\n* **Backup Location**: Store your backup device in a safe location, away from your computer and other electronic devices.\\n* **Versioning**: Consider using a bac\\n\\n Location**: Store your backup device in a safe location, away from your computer and other electronic devices.\\n* **Versioning**: Consider using a backup software that supports versioning, which allows you to keep multiple versions of your files in case you need to recover a previous version.\\n\\nBy following these steps, you can ensure that your important files are safely backed up and protected from loss or corruption.\\n\\n**Resetting a Jammed Printer**\\n\\n**Step 1: Turn Off the Printer**\\n\\nImmediately turn off the printer to prevent any further damage or paper jams. Locate the power button, usually found on the top or front of the printer, and press it to shut down the device.\\n\\n**Step 2: Open the Printer**\\n\\nLocate the printer\'s access panel, which varies depending on the printer model. Common locations include the top, front, or back of the printer. Open the panel by pressing the release latch or sliding it open. This will give you access to the internal mechanisms.\\n\\n**Step 3: Identify and Remove Jammed Paper**\\n\\nCarefully inspect the printer\'s internal mechanisms to locate the jammed paper. Gently pull out any visible paper scraps or torn pieces. Be cautious not to touch any internal components or rollers, as oils from your skin can cause damage.\\n\\n**Step 4: Check for Obstructions**\\n\\nInspect the printer\'s paper path, including the paper tray, rollers, and print head, for any obstructions or debris. Remove any dust, dirt, or other blockages that may be contributing to the jam.\\n\\n**Step 5: Realign the Paper Tray**\\n\\nIf the paper tray was dislodged during the jam, realign it according to the manufacturer\'s i\\n\\nAnswer:""}], ""role"": ""user""}]}', 'session_id': 's-cc938a29f94c', 'invocation_id': 'e-c246062c-a5cc-460d-8841-2c1e714327cb', 'event_id': 'yV1JJmgm'}}}","{""system_instruction"":""You are a strict RAG agent. Use only the provided context. If the context does not contain the answer, reply that you don't know. Do not include any internal IDs or citations in your answer. Be concise.\n\nYou are an agent. Your internal name is \""adk_rag_minimal_agent\"".\n\n The description about you is \""Minimal RAG over CSV corpus\"""",""temperature"":0.0,""labels"":{""adk_agent_name"":""adk_rag_minimal_agent""}}",1103.0,121.0,"{'system': 'gcp.vertex.agent', 'request': {'model': 'gemini-2.0-flash'}}","{""model"": ""gemini-2.0-flash"", ""config"": {""system_instruction"": ""You are a strict RAG agent. Use only the provided context. If the context does not contain the answer, reply that you don't know. Do not include any internal IDs or citations in your answer. Be concise.\n\nYou are an agent. Your internal name is \""adk_rag_minimal_agent\"".\n\n The description about you is \""Minimal RAG over CSV corpus\"""", ""temperature"": 0.0, ""labels"": {""adk_agent_name"": ""adk_rag_minimal_agent""}}, ""contents"": [{""parts"": [{""text"": ""Query: How do I back up my important work files to prevent data loss?\n\nContext:\n**Creating a Backup of Important Files**\n\nBacking up important files is a crucial step in protecting your data from loss or corruption. This article will guide you through the process of creating a backup of your important files.\n\n**Step 1: Identify Important Files**\n\nThe first step in creating a backup is to identify the important files that need to be backed up. These may include documents, spreadsheets, presentations, and other files that are critical to your work. Make a list of the files and folders that you need to back up.\n\n**Step 2: Choose a Backup Method**\n\nThere are several ways to back up your files, including:\n\n* **External Hard Drive**: Connect an external hard drive to your computer and copy your important files to it.\n* **Cloud Backup**: Use a cloud backup service such as OneDrive, Google Drive, or Dropbox to store your files online.\n* **Network Share**: Save your files to a network share or a shared drive on your company's network.\n* **USB Drive**: Use a USB drive to store your important files.\n\nChoose a backup method that works best for you and your needs.\n\n**Step 3: Connect Your Backup Device**\n\nIf you are using an external hard drive or USB drive, connect it to y\n\nthat works best for you and your needs.\n\n**Step 3: Connect Your Backup Device**\n\nIf you are using an external hard drive or USB drive, connect it to your computer. If you are using a cloud backup service, log in to your account and ensure that you have sufficient storage space.\n\n**Step 4: Copy Your Files**\n\nCopy your important files to your chosen backup device. Make sure to copy all the files and folders that you identified in Step 1.\n\n**Step 5: Verify Your Backup**\n\nOnce you have copied your files, verify that they have been backed up successfully. Check the contents of your backup device to ensure that all files are present and can be opened.\n\n**Step 6: Schedule Regular Backups**\n\nTo ensure that your important files are always up to date, schedule regular backups. You can set up your backup software to run automatically at a specified time each day or week.\n\n**Additional Tips**\n\n* **Backup Frequency**: Aim to backup your important files at least once a week, or more frequently if you work with sensitive or critical data.\n* **Backup Location**: Store your backup device in a safe location, away from your computer and other electronic devices.\n* **Versioning**: Consider using a bac\n\n Location**: Store your backup device in a safe location, away from your computer and other electronic devices.\n* **Versioning**: Consider using a backup software that supports versioning, which allows you to keep multiple versions of your files in case you need to recover a previous version.\n\nBy following these steps, you can ensure that your important files are safely backed up and protected from loss or corruption.\n\n**Resetting a Jammed Printer**\n\n**Step 1: Turn Off the Printer**\n\nImmediately turn off the printer to prevent any further damage or paper jams. Locate the power button, usually found on the top or front of the printer, and press it to shut down the device.\n\n**Step 2: Open the Printer**\n\nLocate the printer's access panel, which varies depending on the printer model. Common locations include the top, front, or back of the printer. Open the panel by pressing the release latch or sliding it open. This will give you access to the internal mechanisms.\n\n**Step 3: Identify and Remove Jammed Paper**\n\nCarefully inspect the printer's internal mechanisms to locate the jammed paper. Gently pull out any visible paper scraps or torn pieces. Be cautious not to touch any internal components or rollers, as oils from your skin can cause damage.\n\n**Step 4: Check for Obstructions**\n\nInspect the printer's paper path, including the paper tray, rollers, and print head, for any obstructions or debris. Remove any dust, dirt, or other blockages that may be contributing to the jam.\n\n**Step 5: Realign the Paper Tray**\n\nIf the paper tray was dislodged during the jam, realign it according to the manufacturer's i\n\nAnswer:""}], ""role"": ""user""}]}",982.0,"{""content"":{""parts"":[{""text"":""To back up your important work files, you should:\n\n1.  Identify the important files.\n2.  Choose a backup method like an external hard drive, cloud backup, network share, or USB drive.\n3.  Connect your backup device.\n4.  Copy your files to the backup device.\n5.  Verify that the files have been backed up successfully.\n6.  Schedule regular backups.\n\nIt is recommended to back up your files at least once a week and store your backup device in a safe location. Consider using backup software that supports versioning.\n""}],""role"":""model""},""usage_metadata"":{""candidates_token_count"":121,""candidates_tokens_details"":[{""modality"":""TEXT"",""token_count"":121}],""prompt_token_count"":982,""prompt_tokens_details"":[{""modality"":""TEXT"",""token_count"":982}],""total_token_count"":1103,""traffic_type"":""ON_DEMAND""}}","{'query': 'How do I back up my important work files to prevent data loss?', 'context': ""**Creating a Backup of Important Files**\n\nBacking up important files is a crucial step in protecting your data from loss or corruption. This article will guide you through the process of creating a backup of your important files.\n\n**Step 1: Identify Important Files**\n\nThe first step in creating a backup is to identify the important files that need to be backed up. These may include documents, spreadsheets, presentations, and other files that are critical to your work. Make a list of the files and folders that you need to back up.\n\n**Step 2: Choose a Backup Method**\n\nThere are several ways to back up your files, including:\n\n* **External Hard Drive**: Connect an external hard drive to your computer and copy your important files to it.\n* **Cloud Backup**: Use a cloud backup service such as OneDrive, Google Drive, or Dropbox to store your files online.\n* **Network Share**: Save your files to a network share or a shared drive on your company's network.\n* **USB Drive**: Use a USB drive to store your important files.\n\nChoose a backup method that works best for you and your needs.\n\n**Step 3: Connect Your Backup Device**\n\nIf you are using an external hard drive or USB drive, connect it to y\n\nthat works best for you and your needs.\n\n**Step 3: Connect Your Backup Device**\n\nIf you are using an external hard drive or USB drive, connect it to your computer. If you are using a cloud backup service, log in to your account and ensure that you have sufficient storage space.\n\n**Step 4: Copy Your Files**\n\nCopy your important files to your chosen backup device. Make sure to copy all the files and folders that you identified in Step 1.\n\n**Step 5: Verify Your Backup**\n\nOnce you have copied your files, verify that they have been backed up successfully. Check the contents of your backup device to ensure that all files are present and can be opened.\n\n**Step 6: Schedule Regular Backups**\n\nTo ensure that your important files are always up to date, schedule regular backups. You can set up your backup software to run automatically at a specified time each day or week.\n\n**Additional Tips**\n\n* **Backup Frequency**: Aim to backup your important files at least once a week, or more frequently if you work with sensitive or critical data.\n* **Backup Location**: Store your backup device in a safe location, away from your computer and other electronic devices.\n* **Versioning**: Consider using a bac\n\n Location**: Store your backup device in a safe location, away from your computer and other electronic devices.\n* **Versioning**: Consider using a backup software that supports versioning, which allows you to keep multiple versions of your files in case you need to recover a previous version.\n\nBy following these steps, you can ensure that your important files are safely backed up and protected from loss or corruption.\n\n**Resetting a Jammed Printer**\n\n**Step 1: Turn Off the Printer**\n\nImmediately turn off the printer to prevent any further damage or paper jams. Locate the power button, usually found on the top or front of the printer, and press it to shut down the device.\n\n**Step 2: Open the Printer**\n\nLocate the printer's access panel, which varies depending on the printer model. Common locations include the top, front, or back of the printer. Open the panel by pressing the release latch or sliding it open. This will give you access to the internal mechanisms.\n\n**Step 3: Identify and Remove Jammed Paper**\n\nCarefully inspect the printer's internal mechanisms to locate the jammed paper. Gently pull out any visible paper scraps or torn pieces. Be cautious not to touch any internal components or rollers, as oils from your skin can cause damage.\n\n**Step 4: Check for Obstructions**\n\nInspect the printer's paper path, including the paper tray, rollers, and print head, for any obstructions or debris. Remove any dust, dirt, or other blockages that may be contributing to the jam.\n\n**Step 5: Realign the Paper Tray**\n\nIf the paper tray was dislodged during the jam, realign it according to the manufacturer's i"", 'row_id_for_gt': 5, 'retrieval_chunk_ids': ['row::5__chunk::0', 'row::5__chunk::1', 'row::5__chunk::2', 'row::8__chunk::0'], 'retrieval_row_ids': [5, 5, 5, 8], 'retrieval_scores': [15.929862415, 10.6065732186, 9.6222549494, 7.3057022062], 'top_k': 4}",google,gemini-2.0-flash,s-cc938a29f94c,"[{'message.role': 'model', 'message.contents': [{'message_content.type': 'text', 'message_content.text': 'To back up your important work files, you should:\n\n1.  Identify the important files.\n2.  Choose a backup method like an external hard drive, cloud backup, network share, or USB drive.\n3.  Connect your backup device.\n4.  Copy your files to the backup device.\n5.  Verify that the files have been backed up successfully.\n6.  Schedule regular backups.\n\nIt is recommended to back up your files at least once a week and store your backup device in a safe location. Consider using backup software that supports versioning.\n'}]}]",v1,"Query: {query}

Context:
{context}

Answer:"
agent_run [adk_rag_minimal_agent],AGENT,adbd3da4b0f082ec,2025-08-17 20:05:31.953768+00:00,2025-08-17 20:05:33.918921+00:00,OK,,[],f255e4733a0ab01e,fa87075472092d84ce0a868dd48b2952,u,,AGENT,application/json,,,,,,,,,"{""content"":{""parts"":[{""text"":""To back up your important work files, you should:\n\n1.  Identify the important files.\n2.  Choose a backup method like an external hard drive, cloud backup, network share, or USB drive.\n3.  Connect your backup device.\n4.  Copy your files to the backup device.\n5.  Verify that the files have been backed up successfully.\n6.  Schedule regular backups.\n\nIt is recommended to back up your files at least once a week and store your backup device in a safe location. Consider using backup software that supports versioning.\n""}],""role"":""model""},""usage_metadata"":{""candidates_token_count"":121,""candidates_tokens_details"":[{""modality"":""TEXT"",""token_count"":121}],""prompt_token_count"":982,""prompt_tokens_details"":[{""modality"":""TEXT"",""token_count"":982}],""total_token_count"":1103,""traffic_type"":""ON_DEMAND""},""invocation_id"":""e-c246062c-a5cc-460d-8841-2c1e714327cb"",""author"":""adk_rag_minimal_agent"",""actions"":{""state_delta"":{},""artifact_delta"":{},""requested_auth_configs"":{}},""id"":""yV1JJmgm"",""timestamp"":1755461131.954043}","{'query': 'How do I back up my important work files to prevent data loss?', 'context': ""**Creating a Backup of Important Files**\n\nBacking up important files is a crucial step in protecting your data from loss or corruption. This article will guide you through the process of creating a backup of your important files.\n\n**Step 1: Identify Important Files**\n\nThe first step in creating a backup is to identify the important files that need to be backed up. These may include documents, spreadsheets, presentations, and other files that are critical to your work. Make a list of the files and folders that you need to back up.\n\n**Step 2: Choose a Backup Method**\n\nThere are several ways to back up your files, including:\n\n* **External Hard Drive**: Connect an external hard drive to your computer and copy your important files to it.\n* **Cloud Backup**: Use a cloud backup service such as OneDrive, Google Drive, or Dropbox to store your files online.\n* **Network Share**: Save your files to a network share or a shared drive on your company's network.\n* **USB Drive**: Use a USB drive to store your important files.\n\nChoose a backup method that works best for you and your needs.\n\n**Step 3: Connect Your Backup Device**\n\nIf you are using an external hard drive or USB drive, connect it to y\n\nthat works best for you and your needs.\n\n**Step 3: Connect Your Backup Device**\n\nIf you are using an external hard drive or USB drive, connect it to your computer. If you are using a cloud backup service, log in to your account and ensure that you have sufficient storage space.\n\n**Step 4: Copy Your Files**\n\nCopy your important files to your chosen backup device. Make sure to copy all the files and folders that you identified in Step 1.\n\n**Step 5: Verify Your Backup**\n\nOnce you have copied your files, verify that they have been backed up successfully. Check the contents of your backup device to ensure that all files are present and can be opened.\n\n**Step 6: Schedule Regular Backups**\n\nTo ensure that your important files are always up to date, schedule regular backups. You can set up your backup software to run automatically at a specified time each day or week.\n\n**Additional Tips**\n\n* **Backup Frequency**: Aim to backup your important files at least once a week, or more frequently if you work with sensitive or critical data.\n* **Backup Location**: Store your backup device in a safe location, away from your computer and other electronic devices.\n* **Versioning**: Consider using a bac\n\n Location**: Store your backup device in a safe location, away from your computer and other electronic devices.\n* **Versioning**: Consider using a backup software that supports versioning, which allows you to keep multiple versions of your files in case you need to recover a previous version.\n\nBy following these steps, you can ensure that your important files are safely backed up and protected from loss or corruption.\n\n**Resetting a Jammed Printer**\n\n**Step 1: Turn Off the Printer**\n\nImmediately turn off the printer to prevent any further damage or paper jams. Locate the power button, usually found on the top or front of the printer, and press it to shut down the device.\n\n**Step 2: Open the Printer**\n\nLocate the printer's access panel, which varies depending on the printer model. Common locations include the top, front, or back of the printer. Open the panel by pressing the release latch or sliding it open. This will give you access to the internal mechanisms.\n\n**Step 3: Identify and Remove Jammed Paper**\n\nCarefully inspect the printer's internal mechanisms to locate the jammed paper. Gently pull out any visible paper scraps or torn pieces. Be cautious not to touch any internal components or rollers, as oils from your skin can cause damage.\n\n**Step 4: Check for Obstructions**\n\nInspect the printer's paper path, including the paper tray, rollers, and print head, for any obstructions or debris. Remove any dust, dirt, or other blockages that may be contributing to the jam.\n\n**Step 5: Realign the Paper Tray**\n\nIf the paper tray was dislodged during the jam, realign it according to the manufacturer's i"", 'row_id_for_gt': 5, 'retrieval_chunk_ids': ['row::5__chunk::0', 'row::5__chunk::1', 'row::5__chunk::2', 'row::8__chunk::0'], 'retrieval_row_ids': [5, 5, 5, 8], 'retrieval_scores': [15.929862415, 10.6065732186, 9.6222549494, 7.3057022062], 'top_k': 4}",,,s-cc938a29f94c,,v1,"Query: {query}

Context:
{context}

Answer:"
invocation [adk_rag_minimal],CHAIN,,2025-08-17 20:05:31.953466+00:00,2025-08-17 20:05:33.919911+00:00,OK,,[],adbd3da4b0f082ec,fa87075472092d84ce0a868dd48b2952,u,application/json,CHAIN,application/json,,,,,,,"{""user_id"": ""u"", ""session_id"": ""s-cc938a29f94c"", ""new_message"": {""parts"": [{""text"": ""Query: How do I back up my important work files to prevent data loss?\n\nContext:\n**Creating a Backup of Important Files**\n\nBacking up important files is a crucial step in protecting your data from loss or corruption. This article will guide you through the process of creating a backup of your important files.\n\n**Step 1: Identify Important Files**\n\nThe first step in creating a backup is to identify the important files that need to be backed up. These may include documents, spreadsheets, presentations, and other files that are critical to your work. Make a list of the files and folders that you need to back up.\n\n**Step 2: Choose a Backup Method**\n\nThere are several ways to back up your files, including:\n\n* **External Hard Drive**: Connect an external hard drive to your computer and copy your important files to it.\n* **Cloud Backup**: Use a cloud backup service such as OneDrive, Google Drive, or Dropbox to store your files online.\n* **Network Share**: Save your files to a network share or a shared drive on your company's network.\n* **USB Drive**: Use a USB drive to store your important files.\n\nChoose a backup method that works best for you and your needs.\n\n**Step 3: Connect Your Backup Device**\n\nIf you are using an external hard drive or USB drive, connect it to y\n\nthat works best for you and your needs.\n\n**Step 3: Connect Your Backup Device**\n\nIf you are using an external hard drive or USB drive, connect it to your computer. If you are using a cloud backup service, log in to your account and ensure that you have sufficient storage space.\n\n**Step 4: Copy Your Files**\n\nCopy your important files to your chosen backup device. Make sure to copy all the files and folders that you identified in Step 1.\n\n**Step 5: Verify Your Backup**\n\nOnce you have copied your files, verify that they have been backed up successfully. Check the contents of your backup device to ensure that all files are present and can be opened.\n\n**Step 6: Schedule Regular Backups**\n\nTo ensure that your important files are always up to date, schedule regular backups. You can set up your backup software to run automatically at a specified time each day or week.\n\n**Additional Tips**\n\n* **Backup Frequency**: Aim to backup your important files at least once a week, or more frequently if you work with sensitive or critical data.\n* **Backup Location**: Store your backup device in a safe location, away from your computer and other electronic devices.\n* **Versioning**: Consider using a bac\n\n Location**: Store your backup device in a safe location, away from your computer and other electronic devices.\n* **Versioning**: Consider using a backup software that supports versioning, which allows you to keep multiple versions of your files in case you need to recover a previous version.\n\nBy following these steps, you can ensure that your important files are safely backed up and protected from loss or corruption.\n\n**Resetting a Jammed Printer**\n\n**Step 1: Turn Off the Printer**\n\nImmediately turn off the printer to prevent any further damage or paper jams. Locate the power button, usually found on the top or front of the printer, and press it to shut down the device.\n\n**Step 2: Open the Printer**\n\nLocate the printer's access panel, which varies depending on the printer model. Common locations include the top, front, or back of the printer. Open the panel by pressing the release latch or sliding it open. This will give you access to the internal mechanisms.\n\n**Step 3: Identify and Remove Jammed Paper**\n\nCarefully inspect the printer's internal mechanisms to locate the jammed paper. Gently pull out any visible paper scraps or torn pieces. Be cautious not to touch any internal components or rollers, as oils from your skin can cause damage.\n\n**Step 4: Check for Obstructions**\n\nInspect the printer's paper path, including the paper tray, rollers, and print head, for any obstructions or debris. Remove any dust, dirt, or other blockages that may be contributing to the jam.\n\n**Step 5: Realign the Paper Tray**\n\nIf the paper tray was dislodged during the jam, realign it according to the manufacturer's i\n\nAnswer:""}], ""role"": ""user""}, ""run_config"": {""save_input_blobs_as_artifacts"": false, ""support_cfc"": false, ""streaming_mode"": ""StreamingMode.NONE"", ""max_llm_calls"": 500}}",,"{""content"":{""parts"":[{""text"":""To back up your important work files, you should:\n\n1.  Identify the important files.\n2.  Choose a backup method like an external hard drive, cloud backup, network share, or USB drive.\n3.  Connect your backup device.\n4.  Copy your files to the backup device.\n5.  Verify that the files have been backed up successfully.\n6.  Schedule regular backups.\n\nIt is recommended to back up your files at least once a week and store your backup device in a safe location. Consider using backup software that supports versioning.\n""}],""role"":""model""},""usage_metadata"":{""candidates_token_count"":121,""candidates_tokens_details"":[{""modality"":""TEXT"",""token_count"":121}],""prompt_token_count"":982,""prompt_tokens_details"":[{""modality"":""TEXT"",""token_count"":982}],""total_token_count"":1103,""traffic_type"":""ON_DEMAND""},""invocation_id"":""e-c246062c-a5cc-460d-8841-2c1e714327cb"",""author"":""adk_rag_minimal_agent"",""actions"":{""state_delta"":{},""artifact_delta"":{},""requested_auth_configs"":{}},""id"":""yV1JJmgm"",""timestamp"":1755461131.954043}","{'query': 'How do I back up my important work files to prevent data loss?', 'context': ""**Creating a Backup of Important Files**\n\nBacking up important files is a crucial step in protecting your data from loss or corruption. This article will guide you through the process of creating a backup of your important files.\n\n**Step 1: Identify Important Files**\n\nThe first step in creating a backup is to identify the important files that need to be backed up. These may include documents, spreadsheets, presentations, and other files that are critical to your work. Make a list of the files and folders that you need to back up.\n\n**Step 2: Choose a Backup Method**\n\nThere are several ways to back up your files, including:\n\n* **External Hard Drive**: Connect an external hard drive to your computer and copy your important files to it.\n* **Cloud Backup**: Use a cloud backup service such as OneDrive, Google Drive, or Dropbox to store your files online.\n* **Network Share**: Save your files to a network share or a shared drive on your company's network.\n* **USB Drive**: Use a USB drive to store your important files.\n\nChoose a backup method that works best for you and your needs.\n\n**Step 3: Connect Your Backup Device**\n\nIf you are using an external hard drive or USB drive, connect it to y\n\nthat works best for you and your needs.\n\n**Step 3: Connect Your Backup Device**\n\nIf you are using an external hard drive or USB drive, connect it to your computer. If you are using a cloud backup service, log in to your account and ensure that you have sufficient storage space.\n\n**Step 4: Copy Your Files**\n\nCopy your important files to your chosen backup device. Make sure to copy all the files and folders that you identified in Step 1.\n\n**Step 5: Verify Your Backup**\n\nOnce you have copied your files, verify that they have been backed up successfully. Check the contents of your backup device to ensure that all files are present and can be opened.\n\n**Step 6: Schedule Regular Backups**\n\nTo ensure that your important files are always up to date, schedule regular backups. You can set up your backup software to run automatically at a specified time each day or week.\n\n**Additional Tips**\n\n* **Backup Frequency**: Aim to backup your important files at least once a week, or more frequently if you work with sensitive or critical data.\n* **Backup Location**: Store your backup device in a safe location, away from your computer and other electronic devices.\n* **Versioning**: Consider using a bac\n\n Location**: Store your backup device in a safe location, away from your computer and other electronic devices.\n* **Versioning**: Consider using a backup software that supports versioning, which allows you to keep multiple versions of your files in case you need to recover a previous version.\n\nBy following these steps, you can ensure that your important files are safely backed up and protected from loss or corruption.\n\n**Resetting a Jammed Printer**\n\n**Step 1: Turn Off the Printer**\n\nImmediately turn off the printer to prevent any further damage or paper jams. Locate the power button, usually found on the top or front of the printer, and press it to shut down the device.\n\n**Step 2: Open the Printer**\n\nLocate the printer's access panel, which varies depending on the printer model. Common locations include the top, front, or back of the printer. Open the panel by pressing the release latch or sliding it open. This will give you access to the internal mechanisms.\n\n**Step 3: Identify and Remove Jammed Paper**\n\nCarefully inspect the printer's internal mechanisms to locate the jammed paper. Gently pull out any visible paper scraps or torn pieces. Be cautious not to touch any internal components or rollers, as oils from your skin can cause damage.\n\n**Step 4: Check for Obstructions**\n\nInspect the printer's paper path, including the paper tray, rollers, and print head, for any obstructions or debris. Remove any dust, dirt, or other blockages that may be contributing to the jam.\n\n**Step 5: Realign the Paper Tray**\n\nIf the paper tray was dislodged during the jam, realign it according to the manufacturer's i"", 'row_id_for_gt': 5, 'retrieval_chunk_ids': ['row::5__chunk::0', 'row::5__chunk::1', 'row::5__chunk::2', 'row::8__chunk::0'], 'retrieval_row_ids': [5, 5, 5, 8], 'retrieval_scores': [15.929862415, 10.6065732186, 9.6222549494, 7.3057022062], 'top_k': 4}",,,s-cc938a29f94c,,v1,"Query: {query}

Context:
{context}

Answer:"
call_llm,LLM,532af549ad3d27dc,2025-08-17 20:05:33.922930+00:00,2025-08-17 20:05:35.557426+00:00,OK,,[],5424c2b3fee16225,b355eefb0011e3ef26ee7b5a26d90c1b,u,application/json,LLM,application/json,"[{'message.role': 'system', 'message.content': 'You are a strict RAG agent. Use only the provided context. If the context does not contain the answer, reply that you don\'t know. Do not include any internal IDs or citations in your answer. Be concise.\n\nYou are an agent. Your internal name is ""adk_rag_minimal_agent"".\n\n The description about you is ""Minimal RAG over CSV corpus""'}, {'message.role': 'user', 'message.contents': [{'message_content.type': 'text', 'message_content.text': 'Query: My company-issued tablet is freezing frequently and I\'m unable to access some of my apps, what can I do to fix the issue?\n\nContext:\n**Troubleshooting Issues with Company-Issued Tablets**\n\nThis article provides step-by-step guidance for troubleshooting common issues with company-issued tablets. Please follow the steps outlined below to resolve the issue before escalating to advanced support.\n\n**Step 1: Power Cycle the Tablet**\n\n* Press and hold the power button until the tablet shuts down.\n* Wait for 30 seconds to allow any residual power to drain.\n* Press the power button again to turn the tablet back on.\n* Observe if the issue persists.\n\n**Step 2: Check for Software Updates**\n\n* Ensure the tablet is connected to a stable internet connection.\n* Go to **Settings** > **System** > **System Update**.\n* Check for available software updates and install any pending updates.\n* Restart the tablet after installation.\n\n**Step 3: Restart in Safe Mode**\n\n* Press and hold the power button until the tablet shuts down.\n* Press the power button again to turn the tablet back on.\n* Immediately hold down the **Volume Down** button until the tablet boots into safe mode.\n* Observe if the issue persists in safe mode.\n\n**Step 4: Check for App-Related Issues**\n\n* Identify the app that is experiencing issues.\n* Go to **Settings** > **Ap\n\nhe issue persists in safe mode.\n\n**Step 4: Check for App-Related Issues**\n\n* Identify the app that is experiencing issues.\n* Go to **Settings** > **Apps** > **[App Name]**.\n* Clear the app\'s cache and data.\n* Restart the app to see if the issue is resolved.\n\n**Step 5: Perform a Factory Reset**\n\n* Go to **Settings** > **System** > **Advanced** > **Reset Options**.\n* Select **Erase all data (factory reset)**.\n* Follow the prompts to complete the reset process.\n* Note: This step will erase all data on the tablet, so ensure that all important data is backed up before proceeding.\n\n**Step 6: Check for Hardware Issues**\n\n* Inspect the tablet for any signs of physical damage or wear.\n* Check the charging port and ensure it is free from debris.\n* Try using a different charging cable or power source.\n\n**Step 7: Gather Diagnostic Information**\n\n* Go to **Settings** > **System** > **About Tablet**.\n* Take note of the tablet\'s operating system version, device ID, and any error messages.\n* Provide this information to advanced support if the issue cannot be resolved through these troubleshooting steps.\n\nIf none of the above steps resolve the issue, please escalate the issue to advanced support, p\n\ncomplete the process.\n\n**Step 5: Confirm PIN Reset**\n\n1. You will receive a confirmation message indicating that your PIN has been successfully reset.\n2. Click the ""OK"" button to close the message.\n\n**Important Notes:**\n\n* If you are unable to reset your PIN using the self-service tool, please contact the IT Helpdesk for assistance.\n* It is recommended to keep your PIN confidential and not share it with anyone.\n* You can reset your PIN a maximum of 3 times in a 24-hour period. If you exceed this limit, you will need to contact the IT Helpdesk to reset your PIN.\n\nBy following these steps, you should be able to reset your forgotten PIN and regain access to company systems and applications. If you encounter any issues during the process, please do not hesitate to reach out to the IT Helpdesk for further assistance.\n\n**Resetting a Jammed Printer**\n\n**Step 1: Turn Off the Printer**\n\nImmediately turn off the printer to prevent any further damage or paper jams. Locate the power button, usually found on the top or front of the printer, and press it to shut down the device.\n\n**Step 2: Open the Printer**\n\nLocate the printer\'s access panel, which varies depending on the printer model. Common locations include the top, front, or back of the printer. Open the panel by pressing the release latch or sliding it open. This will give you access to the internal mechanisms.\n\n**Step 3: Identify and Remove Jammed Paper**\n\nCarefully inspect the printer\'s internal mechanisms to locate the jammed paper. Gently pull out any visible paper scraps or torn pieces. Be cautious not to touch any internal components or rollers, as oils from your skin can cause damage.\n\n**Step 4: Check for Obstructions**\n\nInspect the printer\'s paper path, including the paper tray, rollers, and print head, for any obstructions or debris. Remove any dust, dirt, or other blockages that may be contributing to the jam.\n\n**Step 5: Realign the Paper Tray**\n\nIf the paper tray was dislodged during the jam, realign it according to the manufacturer\'s i\n\nAnswer:'}]}]","{'vertex': {'agent': {'llm_response': '{""content"":{""parts"":[{""text"":""Here are some troubleshooting steps to try: power cycle the tablet, check for software updates, restart in safe mode, check for app-related issues (clear the app\'s cache and data), and perform a factory reset. If none of these steps resolve the issue, escalate it to advanced support.""}],""role"":""model""},""usage_metadata"":{""candidates_token_count"":60,""candidates_tokens_details"":[{""modality"":""TEXT"",""token_count"":60}],""prompt_token_count"":1137,""prompt_tokens_details"":[{""modality"":""TEXT"",""token_count"":1137}],""total_token_count"":1197,""traffic_type"":""ON_DEMAND""}}', 'llm_request': '{""model"": ""gemini-2.0-flash"", ""config"": {""system_instruction"": ""You are a strict RAG agent. Use only the provided context. If the context does not contain the answer, reply that you don\'t know. Do not include any internal IDs or citations in your answer. Be concise.\\n\\nYou are an agent. Your internal name is \\""adk_rag_minimal_agent\\"".\\n\\n The description about you is \\""Minimal RAG over CSV corpus\\"""", ""temperature"": 0.0, ""labels"": {""adk_agent_name"": ""adk_rag_minimal_agent""}}, ""contents"": [{""parts"": [{""text"": ""Query: My company-issued tablet is freezing frequently and I\'m unable to access some of my apps, what can I do to fix the issue?\\n\\nContext:\\n**Troubleshooting Issues with Company-Issued Tablets**\\n\\nThis article provides step-by-step guidance for troubleshooting common issues with company-issued tablets. Please follow the steps outlined below to resolve the issue before escalating to advanced support.\\n\\n**Step 1: Power Cycle the Tablet**\\n\\n* Press and hold the power button until the tablet shuts down.\\n* Wait for 30 seconds to allow any residual power to drain.\\n* Press the power button again to turn the tablet back on.\\n* Observe if the issue persists.\\n\\n**Step 2: Check for Software Updates**\\n\\n* Ensure the tablet is connected to a stable internet connection.\\n* Go to **Settings** > **System** > **System Update**.\\n* Check for available software updates and install any pending updates.\\n* Restart the tablet after installation.\\n\\n**Step 3: Restart in Safe Mode**\\n\\n* Press and hold the power button until the tablet shuts down.\\n* Press the power button again to turn the tablet back on.\\n* Immediately hold down the **Volume Down** button until the tablet boots into safe mode.\\n* Observe if the issue persists in safe mode.\\n\\n**Step 4: Check for App-Related Issues**\\n\\n* Identify the app that is experiencing issues.\\n* Go to **Settings** > **Ap\\n\\nhe issue persists in safe mode.\\n\\n**Step 4: Check for App-Related Issues**\\n\\n* Identify the app that is experiencing issues.\\n* Go to **Settings** > **Apps** > **[App Name]**.\\n* Clear the app\'s cache and data.\\n* Restart the app to see if the issue is resolved.\\n\\n**Step 5: Perform a Factory Reset**\\n\\n* Go to **Settings** > **System** > **Advanced** > **Reset Options**.\\n* Select **Erase all data (factory reset)**.\\n* Follow the prompts to complete the reset process.\\n* Note: This step will erase all data on the tablet, so ensure that all important data is backed up before proceeding.\\n\\n**Step 6: Check for Hardware Issues**\\n\\n* Inspect the tablet for any signs of physical damage or wear.\\n* Check the charging port and ensure it is free from debris.\\n* Try using a different charging cable or power source.\\n\\n**Step 7: Gather Diagnostic Information**\\n\\n* Go to **Settings** > **System** > **About Tablet**.\\n* Take note of the tablet\'s operating system version, device ID, and any error messages.\\n* Provide this information to advanced support if the issue cannot be resolved through these troubleshooting steps.\\n\\nIf none of the above steps resolve the issue, please escalate the issue to advanced support, p\\n\\ncomplete the process.\\n\\n**Step 5: Confirm PIN Reset**\\n\\n1. You will receive a confirmation message indicating that your PIN has been successfully reset.\\n2. Click the \\""OK\\"" button to close the message.\\n\\n**Important Notes:**\\n\\n* If you are unable to reset your PIN using the self-service tool, please contact the IT Helpdesk for assistance.\\n* It is recommended to keep your PIN confidential and not share it with anyone.\\n* You can reset your PIN a maximum of 3 times in a 24-hour period. If you exceed this limit, you will need to contact the IT Helpdesk to reset your PIN.\\n\\nBy following these steps, you should be able to reset your forgotten PIN and regain access to company systems and applications. If you encounter any issues during the process, please do not hesitate to reach out to the IT Helpdesk for further assistance.\\n\\n**Resetting a Jammed Printer**\\n\\n**Step 1: Turn Off the Printer**\\n\\nImmediately turn off the printer to prevent any further damage or paper jams. Locate the power button, usually found on the top or front of the printer, and press it to shut down the device.\\n\\n**Step 2: Open the Printer**\\n\\nLocate the printer\'s access panel, which varies depending on the printer model. Common locations include the top, front, or back of the printer. Open the panel by pressing the release latch or sliding it open. This will give you access to the internal mechanisms.\\n\\n**Step 3: Identify and Remove Jammed Paper**\\n\\nCarefully inspect the printer\'s internal mechanisms to locate the jammed paper. Gently pull out any visible paper scraps or torn pieces. Be cautious not to touch any internal components or rollers, as oils from your skin can cause damage.\\n\\n**Step 4: Check for Obstructions**\\n\\nInspect the printer\'s paper path, including the paper tray, rollers, and print head, for any obstructions or debris. Remove any dust, dirt, or other blockages that may be contributing to the jam.\\n\\n**Step 5: Realign the Paper Tray**\\n\\nIf the paper tray was dislodged during the jam, realign it according to the manufacturer\'s i\\n\\nAnswer:""}], ""role"": ""user""}]}', 'session_id': 's-407120c55174', 'invocation_id': 'e-1cceed45-5434-489d-b460-e25222c6165a', 'event_id': 'WFVDt974'}}}","{""system_instruction"":""You are a strict RAG agent. Use only the provided context. If the context does not contain the answer, reply that you don't know. Do not include any internal IDs or citations in your answer. Be concise.\n\nYou are an agent. Your internal name is \""adk_rag_minimal_agent\"".\n\n The description about you is \""Minimal RAG over CSV corpus\"""",""temperature"":0.0,""labels"":{""adk_agent_name"":""adk_rag_minimal_agent""}}",1197.0,60.0,"{'system': 'gcp.vertex.agent', 'request': {'model': 'gemini-2.0-flash'}}","{""model"": ""gemini-2.0-flash"", ""config"": {""system_instruction"": ""You are a strict RAG agent. Use only the provided context. If the context does not contain the answer, reply that you don't know. Do not include any internal IDs or citations in your answer. Be concise.\n\nYou are an agent. Your internal name is \""adk_rag_minimal_agent\"".\n\n The description about you is \""Minimal RAG over CSV corpus\"""", ""temperature"": 0.0, ""labels"": {""adk_agent_name"": ""adk_rag_minimal_agent""}}, ""contents"": [{""parts"": [{""text"": ""Query: My company-issued tablet is freezing frequently and I'm unable to access some of my apps, what can I do to fix the issue?\n\nContext:\n**Troubleshooting Issues with Company-Issued Tablets**\n\nThis article provides step-by-step guidance for troubleshooting common issues with company-issued tablets. Please follow the steps outlined below to resolve the issue before escalating to advanced support.\n\n**Step 1: Power Cycle the Tablet**\n\n* Press and hold the power button until the tablet shuts down.\n* Wait for 30 seconds to allow any residual power to drain.\n* Press the power button again to turn the tablet back on.\n* Observe if the issue persists.\n\n**Step 2: Check for Software Updates**\n\n* Ensure the tablet is connected to a stable internet connection.\n* Go to **Settings** > **System** > **System Update**.\n* Check for available software updates and install any pending updates.\n* Restart the tablet after installation.\n\n**Step 3: Restart in Safe Mode**\n\n* Press and hold the power button until the tablet shuts down.\n* Press the power button again to turn the tablet back on.\n* Immediately hold down the **Volume Down** button until the tablet boots into safe mode.\n* Observe if the issue persists in safe mode.\n\n**Step 4: Check for App-Related Issues**\n\n* Identify the app that is experiencing issues.\n* Go to **Settings** > **Ap\n\nhe issue persists in safe mode.\n\n**Step 4: Check for App-Related Issues**\n\n* Identify the app that is experiencing issues.\n* Go to **Settings** > **Apps** > **[App Name]**.\n* Clear the app's cache and data.\n* Restart the app to see if the issue is resolved.\n\n**Step 5: Perform a Factory Reset**\n\n* Go to **Settings** > **System** > **Advanced** > **Reset Options**.\n* Select **Erase all data (factory reset)**.\n* Follow the prompts to complete the reset process.\n* Note: This step will erase all data on the tablet, so ensure that all important data is backed up before proceeding.\n\n**Step 6: Check for Hardware Issues**\n\n* Inspect the tablet for any signs of physical damage or wear.\n* Check the charging port and ensure it is free from debris.\n* Try using a different charging cable or power source.\n\n**Step 7: Gather Diagnostic Information**\n\n* Go to **Settings** > **System** > **About Tablet**.\n* Take note of the tablet's operating system version, device ID, and any error messages.\n* Provide this information to advanced support if the issue cannot be resolved through these troubleshooting steps.\n\nIf none of the above steps resolve the issue, please escalate the issue to advanced support, p\n\ncomplete the process.\n\n**Step 5: Confirm PIN Reset**\n\n1. You will receive a confirmation message indicating that your PIN has been successfully reset.\n2. Click the \""OK\"" button to close the message.\n\n**Important Notes:**\n\n* If you are unable to reset your PIN using the self-service tool, please contact the IT Helpdesk for assistance.\n* It is recommended to keep your PIN confidential and not share it with anyone.\n* You can reset your PIN a maximum of 3 times in a 24-hour period. If you exceed this limit, you will need to contact the IT Helpdesk to reset your PIN.\n\nBy following these steps, you should be able to reset your forgotten PIN and regain access to company systems and applications. If you encounter any issues during the process, please do not hesitate to reach out to the IT Helpdesk for further assistance.\n\n**Resetting a Jammed Printer**\n\n**Step 1: Turn Off the Printer**\n\nImmediately turn off the printer to prevent any further damage or paper jams. Locate the power button, usually found on the top or front of the printer, and press it to shut down the device.\n\n**Step 2: Open the Printer**\n\nLocate the printer's access panel, which varies depending on the printer model. Common locations include the top, front, or back of the printer. Open the panel by pressing the release latch or sliding it open. This will give you access to the internal mechanisms.\n\n**Step 3: Identify and Remove Jammed Paper**\n\nCarefully inspect the printer's internal mechanisms to locate the jammed paper. Gently pull out any visible paper scraps or torn pieces. Be cautious not to touch any internal components or rollers, as oils from your skin can cause damage.\n\n**Step 4: Check for Obstructions**\n\nInspect the printer's paper path, including the paper tray, rollers, and print head, for any obstructions or debris. Remove any dust, dirt, or other blockages that may be contributing to the jam.\n\n**Step 5: Realign the Paper Tray**\n\nIf the paper tray was dislodged during the jam, realign it according to the manufacturer's i\n\nAnswer:""}], ""role"": ""user""}]}",1137.0,"{""content"":{""parts"":[{""text"":""Here are some troubleshooting steps to try: power cycle the tablet, check for software updates, restart in safe mode, check for app-related issues (clear the app's cache and data), and perform a factory reset. If none of these steps resolve the issue, escalate it to advanced support.""}],""role"":""model""},""usage_metadata"":{""candidates_token_count"":60,""candidates_tokens_details"":[{""modality"":""TEXT"",""token_count"":60}],""prompt_token_count"":1137,""prompt_tokens_details"":[{""modality"":""TEXT"",""token_count"":1137}],""total_token_count"":1197,""traffic_type"":""ON_DEMAND""}}","{'query': ""My company-issued tablet is freezing frequently and I'm unable to access some of my apps, what can I do to fix the issue?"", 'context': '**Troubleshooting Issues with Company-Issued Tablets**\n\nThis article provides step-by-step guidance for troubleshooting common issues with company-issued tablets. Please follow the steps outlined below to resolve the issue before escalating to advanced support.\n\n**Step 1: Power Cycle the Tablet**\n\n* Press and hold the power button until the tablet shuts down.\n* Wait for 30 seconds to allow any residual power to drain.\n* Press the power button again to turn the tablet back on.\n* Observe if the issue persists.\n\n**Step 2: Check for Software Updates**\n\n* Ensure the tablet is connected to a stable internet connection.\n* Go to **Settings** > **System** > **System Update**.\n* Check for available software updates and install any pending updates.\n* Restart the tablet after installation.\n\n**Step 3: Restart in Safe Mode**\n\n* Press and hold the power button until the tablet shuts down.\n* Press the power button again to turn the tablet back on.\n* Immediately hold down the **Volume Down** button until the tablet boots into safe mode.\n* Observe if the issue persists in safe mode.\n\n**Step 4: Check for App-Related Issues**\n\n* Identify the app that is experiencing issues.\n* Go to **Settings** > **Ap\n\nhe issue persists in safe mode.\n\n**Step 4: Check for App-Related Issues**\n\n* Identify the app that is experiencing issues.\n* Go to **Settings** > **Apps** > **[App Name]**.\n* Clear the app\'s cache and data.\n* Restart the app to see if the issue is resolved.\n\n**Step 5: Perform a Factory Reset**\n\n* Go to **Settings** > **System** > **Advanced** > **Reset Options**.\n* Select **Erase all data (factory reset)**.\n* Follow the prompts to complete the reset process.\n* Note: This step will erase all data on the tablet, so ensure that all important data is backed up before proceeding.\n\n**Step 6: Check for Hardware Issues**\n\n* Inspect the tablet for any signs of physical damage or wear.\n* Check the charging port and ensure it is free from debris.\n* Try using a different charging cable or power source.\n\n**Step 7: Gather Diagnostic Information**\n\n* Go to **Settings** > **System** > **About Tablet**.\n* Take note of the tablet\'s operating system version, device ID, and any error messages.\n* Provide this information to advanced support if the issue cannot be resolved through these troubleshooting steps.\n\nIf none of the above steps resolve the issue, please escalate the issue to advanced support, p\n\ncomplete the process.\n\n**Step 5: Confirm PIN Reset**\n\n1. You will receive a confirmation message indicating that your PIN has been successfully reset.\n2. Click the ""OK"" button to close the message.\n\n**Important Notes:**\n\n* If you are unable to reset your PIN using the self-service tool, please contact the IT Helpdesk for assistance.\n* It is recommended to keep your PIN confidential and not share it with anyone.\n* You can reset your PIN a maximum of 3 times in a 24-hour period. If you exceed this limit, you will need to contact the IT Helpdesk to reset your PIN.\n\nBy following these steps, you should be able to reset your forgotten PIN and regain access to company systems and applications. If you encounter any issues during the process, please do not hesitate to reach out to the IT Helpdesk for further assistance.\n\n**Resetting a Jammed Printer**\n\n**Step 1: Turn Off the Printer**\n\nImmediately turn off the printer to prevent any further damage or paper jams. Locate the power button, usually found on the top or front of the printer, and press it to shut down the device.\n\n**Step 2: Open the Printer**\n\nLocate the printer\'s access panel, which varies depending on the printer model. Common locations include the top, front, or back of the printer. Open the panel by pressing the release latch or sliding it open. This will give you access to the internal mechanisms.\n\n**Step 3: Identify and Remove Jammed Paper**\n\nCarefully inspect the printer\'s internal mechanisms to locate the jammed paper. Gently pull out any visible paper scraps or torn pieces. Be cautious not to touch any internal components or rollers, as oils from your skin can cause damage.\n\n**Step 4: Check for Obstructions**\n\nInspect the printer\'s paper path, including the paper tray, rollers, and print head, for any obstructions or debris. Remove any dust, dirt, or other blockages that may be contributing to the jam.\n\n**Step 5: Realign the Paper Tray**\n\nIf the paper tray was dislodged during the jam, realign it according to the manufacturer\'s i', 'row_id_for_gt': 6, 'retrieval_chunk_ids': ['row::6__chunk::0', 'row::6__chunk::1', 'row::1__chunk::1', 'row::8__chunk::0'], 'retrieval_row_ids': [6, 6, 1, 8], 'retrieval_scores': [16.1986575437, 13.7491063513, 11.7521404465, 10.6496651007], 'top_k': 4}",google,gemini-2.0-flash,s-407120c55174,"[{'message.role': 'model', 'message.contents': [{'message_content.type': 'text', 'message_content.text': ""Here are some troubleshooting steps to try: power cycle the tablet, check for software updates, restart in safe mode, check for app-related issues (clear the app's cache and data), and perform a factory reset. If none of these steps resolve the issue, escalate it to advanced support.""}]}]",v1,"Query: {query}

Context:
{context}

Answer:"
agent_run [adk_rag_minimal_agent],AGENT,83e9c59812d6c37d,2025-08-17 20:05:33.922590+00:00,2025-08-17 20:05:35.563564+00:00,OK,,[],532af549ad3d27dc,b355eefb0011e3ef26ee7b5a26d90c1b,u,,AGENT,application/json,,,,,,,,,"{""content"":{""parts"":[{""text"":""Here are some troubleshooting steps to try: power cycle the tablet, check for software updates, restart in safe mode, check for app-related issues (clear the app's cache and data), and perform a factory reset. If none of these steps resolve the issue, escalate it to advanced support.""}],""role"":""model""},""usage_metadata"":{""candidates_token_count"":60,""candidates_tokens_details"":[{""modality"":""TEXT"",""token_count"":60}],""prompt_token_count"":1137,""prompt_tokens_details"":[{""modality"":""TEXT"",""token_count"":1137}],""total_token_count"":1197,""traffic_type"":""ON_DEMAND""},""invocation_id"":""e-1cceed45-5434-489d-b460-e25222c6165a"",""author"":""adk_rag_minimal_agent"",""actions"":{""state_delta"":{},""artifact_delta"":{},""requested_auth_configs"":{}},""id"":""WFVDt974"",""timestamp"":1755461133.92286}","{'query': ""My company-issued tablet is freezing frequently and I'm unable to access some of my apps, what can I do to fix the issue?"", 'context': '**Troubleshooting Issues with Company-Issued Tablets**\n\nThis article provides step-by-step guidance for troubleshooting common issues with company-issued tablets. Please follow the steps outlined below to resolve the issue before escalating to advanced support.\n\n**Step 1: Power Cycle the Tablet**\n\n* Press and hold the power button until the tablet shuts down.\n* Wait for 30 seconds to allow any residual power to drain.\n* Press the power button again to turn the tablet back on.\n* Observe if the issue persists.\n\n**Step 2: Check for Software Updates**\n\n* Ensure the tablet is connected to a stable internet connection.\n* Go to **Settings** > **System** > **System Update**.\n* Check for available software updates and install any pending updates.\n* Restart the tablet after installation.\n\n**Step 3: Restart in Safe Mode**\n\n* Press and hold the power button until the tablet shuts down.\n* Press the power button again to turn the tablet back on.\n* Immediately hold down the **Volume Down** button until the tablet boots into safe mode.\n* Observe if the issue persists in safe mode.\n\n**Step 4: Check for App-Related Issues**\n\n* Identify the app that is experiencing issues.\n* Go to **Settings** > **Ap\n\nhe issue persists in safe mode.\n\n**Step 4: Check for App-Related Issues**\n\n* Identify the app that is experiencing issues.\n* Go to **Settings** > **Apps** > **[App Name]**.\n* Clear the app\'s cache and data.\n* Restart the app to see if the issue is resolved.\n\n**Step 5: Perform a Factory Reset**\n\n* Go to **Settings** > **System** > **Advanced** > **Reset Options**.\n* Select **Erase all data (factory reset)**.\n* Follow the prompts to complete the reset process.\n* Note: This step will erase all data on the tablet, so ensure that all important data is backed up before proceeding.\n\n**Step 6: Check for Hardware Issues**\n\n* Inspect the tablet for any signs of physical damage or wear.\n* Check the charging port and ensure it is free from debris.\n* Try using a different charging cable or power source.\n\n**Step 7: Gather Diagnostic Information**\n\n* Go to **Settings** > **System** > **About Tablet**.\n* Take note of the tablet\'s operating system version, device ID, and any error messages.\n* Provide this information to advanced support if the issue cannot be resolved through these troubleshooting steps.\n\nIf none of the above steps resolve the issue, please escalate the issue to advanced support, p\n\ncomplete the process.\n\n**Step 5: Confirm PIN Reset**\n\n1. You will receive a confirmation message indicating that your PIN has been successfully reset.\n2. Click the ""OK"" button to close the message.\n\n**Important Notes:**\n\n* If you are unable to reset your PIN using the self-service tool, please contact the IT Helpdesk for assistance.\n* It is recommended to keep your PIN confidential and not share it with anyone.\n* You can reset your PIN a maximum of 3 times in a 24-hour period. If you exceed this limit, you will need to contact the IT Helpdesk to reset your PIN.\n\nBy following these steps, you should be able to reset your forgotten PIN and regain access to company systems and applications. If you encounter any issues during the process, please do not hesitate to reach out to the IT Helpdesk for further assistance.\n\n**Resetting a Jammed Printer**\n\n**Step 1: Turn Off the Printer**\n\nImmediately turn off the printer to prevent any further damage or paper jams. Locate the power button, usually found on the top or front of the printer, and press it to shut down the device.\n\n**Step 2: Open the Printer**\n\nLocate the printer\'s access panel, which varies depending on the printer model. Common locations include the top, front, or back of the printer. Open the panel by pressing the release latch or sliding it open. This will give you access to the internal mechanisms.\n\n**Step 3: Identify and Remove Jammed Paper**\n\nCarefully inspect the printer\'s internal mechanisms to locate the jammed paper. Gently pull out any visible paper scraps or torn pieces. Be cautious not to touch any internal components or rollers, as oils from your skin can cause damage.\n\n**Step 4: Check for Obstructions**\n\nInspect the printer\'s paper path, including the paper tray, rollers, and print head, for any obstructions or debris. Remove any dust, dirt, or other blockages that may be contributing to the jam.\n\n**Step 5: Realign the Paper Tray**\n\nIf the paper tray was dislodged during the jam, realign it according to the manufacturer\'s i', 'row_id_for_gt': 6, 'retrieval_chunk_ids': ['row::6__chunk::0', 'row::6__chunk::1', 'row::1__chunk::1', 'row::8__chunk::0'], 'retrieval_row_ids': [6, 6, 1, 8], 'retrieval_scores': [16.1986575437, 13.7491063513, 11.7521404465, 10.6496651007], 'top_k': 4}",,,s-407120c55174,,v1,"Query: {query}

Context:
{context}

Answer:"
invocation [adk_rag_minimal],CHAIN,,2025-08-17 20:05:33.922291+00:00,2025-08-17 20:05:35.564991+00:00,OK,,[],83e9c59812d6c37d,b355eefb0011e3ef26ee7b5a26d90c1b,u,application/json,CHAIN,application/json,,,,,,,"{""user_id"": ""u"", ""session_id"": ""s-407120c55174"", ""new_message"": {""parts"": [{""text"": ""Query: My company-issued tablet is freezing frequently and I'm unable to access some of my apps, what can I do to fix the issue?\n\nContext:\n**Troubleshooting Issues with Company-Issued Tablets**\n\nThis article provides step-by-step guidance for troubleshooting common issues with company-issued tablets. Please follow the steps outlined below to resolve the issue before escalating to advanced support.\n\n**Step 1: Power Cycle the Tablet**\n\n* Press and hold the power button until the tablet shuts down.\n* Wait for 30 seconds to allow any residual power to drain.\n* Press the power button again to turn the tablet back on.\n* Observe if the issue persists.\n\n**Step 2: Check for Software Updates**\n\n* Ensure the tablet is connected to a stable internet connection.\n* Go to **Settings** > **System** > **System Update**.\n* Check for available software updates and install any pending updates.\n* Restart the tablet after installation.\n\n**Step 3: Restart in Safe Mode**\n\n* Press and hold the power button until the tablet shuts down.\n* Press the power button again to turn the tablet back on.\n* Immediately hold down the **Volume Down** button until the tablet boots into safe mode.\n* Observe if the issue persists in safe mode.\n\n**Step 4: Check for App-Related Issues**\n\n* Identify the app that is experiencing issues.\n* Go to **Settings** > **Ap\n\nhe issue persists in safe mode.\n\n**Step 4: Check for App-Related Issues**\n\n* Identify the app that is experiencing issues.\n* Go to **Settings** > **Apps** > **[App Name]**.\n* Clear the app's cache and data.\n* Restart the app to see if the issue is resolved.\n\n**Step 5: Perform a Factory Reset**\n\n* Go to **Settings** > **System** > **Advanced** > **Reset Options**.\n* Select **Erase all data (factory reset)**.\n* Follow the prompts to complete the reset process.\n* Note: This step will erase all data on the tablet, so ensure that all important data is backed up before proceeding.\n\n**Step 6: Check for Hardware Issues**\n\n* Inspect the tablet for any signs of physical damage or wear.\n* Check the charging port and ensure it is free from debris.\n* Try using a different charging cable or power source.\n\n**Step 7: Gather Diagnostic Information**\n\n* Go to **Settings** > **System** > **About Tablet**.\n* Take note of the tablet's operating system version, device ID, and any error messages.\n* Provide this information to advanced support if the issue cannot be resolved through these troubleshooting steps.\n\nIf none of the above steps resolve the issue, please escalate the issue to advanced support, p\n\ncomplete the process.\n\n**Step 5: Confirm PIN Reset**\n\n1. You will receive a confirmation message indicating that your PIN has been successfully reset.\n2. Click the \""OK\"" button to close the message.\n\n**Important Notes:**\n\n* If you are unable to reset your PIN using the self-service tool, please contact the IT Helpdesk for assistance.\n* It is recommended to keep your PIN confidential and not share it with anyone.\n* You can reset your PIN a maximum of 3 times in a 24-hour period. If you exceed this limit, you will need to contact the IT Helpdesk to reset your PIN.\n\nBy following these steps, you should be able to reset your forgotten PIN and regain access to company systems and applications. If you encounter any issues during the process, please do not hesitate to reach out to the IT Helpdesk for further assistance.\n\n**Resetting a Jammed Printer**\n\n**Step 1: Turn Off the Printer**\n\nImmediately turn off the printer to prevent any further damage or paper jams. Locate the power button, usually found on the top or front of the printer, and press it to shut down the device.\n\n**Step 2: Open the Printer**\n\nLocate the printer's access panel, which varies depending on the printer model. Common locations include the top, front, or back of the printer. Open the panel by pressing the release latch or sliding it open. This will give you access to the internal mechanisms.\n\n**Step 3: Identify and Remove Jammed Paper**\n\nCarefully inspect the printer's internal mechanisms to locate the jammed paper. Gently pull out any visible paper scraps or torn pieces. Be cautious not to touch any internal components or rollers, as oils from your skin can cause damage.\n\n**Step 4: Check for Obstructions**\n\nInspect the printer's paper path, including the paper tray, rollers, and print head, for any obstructions or debris. Remove any dust, dirt, or other blockages that may be contributing to the jam.\n\n**Step 5: Realign the Paper Tray**\n\nIf the paper tray was dislodged during the jam, realign it according to the manufacturer's i\n\nAnswer:""}], ""role"": ""user""}, ""run_config"": {""save_input_blobs_as_artifacts"": false, ""support_cfc"": false, ""streaming_mode"": ""StreamingMode.NONE"", ""max_llm_calls"": 500}}",,"{""content"":{""parts"":[{""text"":""Here are some troubleshooting steps to try: power cycle the tablet, check for software updates, restart in safe mode, check for app-related issues (clear the app's cache and data), and perform a factory reset. If none of these steps resolve the issue, escalate it to advanced support.""}],""role"":""model""},""usage_metadata"":{""candidates_token_count"":60,""candidates_tokens_details"":[{""modality"":""TEXT"",""token_count"":60}],""prompt_token_count"":1137,""prompt_tokens_details"":[{""modality"":""TEXT"",""token_count"":1137}],""total_token_count"":1197,""traffic_type"":""ON_DEMAND""},""invocation_id"":""e-1cceed45-5434-489d-b460-e25222c6165a"",""author"":""adk_rag_minimal_agent"",""actions"":{""state_delta"":{},""artifact_delta"":{},""requested_auth_configs"":{}},""id"":""WFVDt974"",""timestamp"":1755461133.92286}","{'query': ""My company-issued tablet is freezing frequently and I'm unable to access some of my apps, what can I do to fix the issue?"", 'context': '**Troubleshooting Issues with Company-Issued Tablets**\n\nThis article provides step-by-step guidance for troubleshooting common issues with company-issued tablets. Please follow the steps outlined below to resolve the issue before escalating to advanced support.\n\n**Step 1: Power Cycle the Tablet**\n\n* Press and hold the power button until the tablet shuts down.\n* Wait for 30 seconds to allow any residual power to drain.\n* Press the power button again to turn the tablet back on.\n* Observe if the issue persists.\n\n**Step 2: Check for Software Updates**\n\n* Ensure the tablet is connected to a stable internet connection.\n* Go to **Settings** > **System** > **System Update**.\n* Check for available software updates and install any pending updates.\n* Restart the tablet after installation.\n\n**Step 3: Restart in Safe Mode**\n\n* Press and hold the power button until the tablet shuts down.\n* Press the power button again to turn the tablet back on.\n* Immediately hold down the **Volume Down** button until the tablet boots into safe mode.\n* Observe if the issue persists in safe mode.\n\n**Step 4: Check for App-Related Issues**\n\n* Identify the app that is experiencing issues.\n* Go to **Settings** > **Ap\n\nhe issue persists in safe mode.\n\n**Step 4: Check for App-Related Issues**\n\n* Identify the app that is experiencing issues.\n* Go to **Settings** > **Apps** > **[App Name]**.\n* Clear the app\'s cache and data.\n* Restart the app to see if the issue is resolved.\n\n**Step 5: Perform a Factory Reset**\n\n* Go to **Settings** > **System** > **Advanced** > **Reset Options**.\n* Select **Erase all data (factory reset)**.\n* Follow the prompts to complete the reset process.\n* Note: This step will erase all data on the tablet, so ensure that all important data is backed up before proceeding.\n\n**Step 6: Check for Hardware Issues**\n\n* Inspect the tablet for any signs of physical damage or wear.\n* Check the charging port and ensure it is free from debris.\n* Try using a different charging cable or power source.\n\n**Step 7: Gather Diagnostic Information**\n\n* Go to **Settings** > **System** > **About Tablet**.\n* Take note of the tablet\'s operating system version, device ID, and any error messages.\n* Provide this information to advanced support if the issue cannot be resolved through these troubleshooting steps.\n\nIf none of the above steps resolve the issue, please escalate the issue to advanced support, p\n\ncomplete the process.\n\n**Step 5: Confirm PIN Reset**\n\n1. You will receive a confirmation message indicating that your PIN has been successfully reset.\n2. Click the ""OK"" button to close the message.\n\n**Important Notes:**\n\n* If you are unable to reset your PIN using the self-service tool, please contact the IT Helpdesk for assistance.\n* It is recommended to keep your PIN confidential and not share it with anyone.\n* You can reset your PIN a maximum of 3 times in a 24-hour period. If you exceed this limit, you will need to contact the IT Helpdesk to reset your PIN.\n\nBy following these steps, you should be able to reset your forgotten PIN and regain access to company systems and applications. If you encounter any issues during the process, please do not hesitate to reach out to the IT Helpdesk for further assistance.\n\n**Resetting a Jammed Printer**\n\n**Step 1: Turn Off the Printer**\n\nImmediately turn off the printer to prevent any further damage or paper jams. Locate the power button, usually found on the top or front of the printer, and press it to shut down the device.\n\n**Step 2: Open the Printer**\n\nLocate the printer\'s access panel, which varies depending on the printer model. Common locations include the top, front, or back of the printer. Open the panel by pressing the release latch or sliding it open. This will give you access to the internal mechanisms.\n\n**Step 3: Identify and Remove Jammed Paper**\n\nCarefully inspect the printer\'s internal mechanisms to locate the jammed paper. Gently pull out any visible paper scraps or torn pieces. Be cautious not to touch any internal components or rollers, as oils from your skin can cause damage.\n\n**Step 4: Check for Obstructions**\n\nInspect the printer\'s paper path, including the paper tray, rollers, and print head, for any obstructions or debris. Remove any dust, dirt, or other blockages that may be contributing to the jam.\n\n**Step 5: Realign the Paper Tray**\n\nIf the paper tray was dislodged during the jam, realign it according to the manufacturer\'s i', 'row_id_for_gt': 6, 'retrieval_chunk_ids': ['row::6__chunk::0', 'row::6__chunk::1', 'row::1__chunk::1', 'row::8__chunk::0'], 'retrieval_row_ids': [6, 6, 1, 8], 'retrieval_scores': [16.1986575437, 13.7491063513, 11.7521404465, 10.6496651007], 'top_k': 4}",,,s-407120c55174,,v1,"Query: {query}

Context:
{context}

Answer:"
call_llm,LLM,08413e4a7ba579c9,2025-08-17 20:09:25.221656+00:00,2025-08-17 20:09:27.802800+00:00,OK,,[],407a97de65e05b53,e37049b323b81d6addfa55475611f270,u,application/json,LLM,application/json,"[{'message.role': 'system', 'message.content': 'You are a strict RAG agent. Use only the provided context. If the context does not contain the answer, reply that you don\'t know. Do not include any internal IDs or citations in your answer. Be concise.\n\nYou are an agent. Your internal name is ""adk_rag_minimal_agent"".\n\n The description about you is ""Minimal RAG over CSV corpus""'}, {'message.role': 'user', 'message.contents': [{'message_content.type': 'text', 'message_content.text': 'Query: How do I set up my company email on my mobile device?\n\nContext:\n**Setting Up a Mobile Device for Company Email**\n\n**Prerequisites:**\n\n* Mobile device with a supported operating system (iOS, Android, or Windows)\n* Company email account credentials\n* Mobile device management (MDM) profile installed (if required by company policy)\n\n**Step 1: Ensure Mobile Device Management (MDM) Profile is Installed (if required)**\n\nIf your company requires MDM for mobile devices, ensure that the profile is installed on your device. This profile will allow your device to connect to the company network and access company email. If you are unsure whether MDM is required, contact your IT department for assistance.\n\n**Step 2: Set Up Email Account on Mobile Device**\n\n1. Go to the Settings app on your mobile device.\n2. Select ""Mail"" or ""Email"" (depending on your device\'s operating system).\n3. Tap ""Add Account"" or ""Create a new account"".\n4. Select ""Exchange"" or ""Corporate"" as the account type.\n5. Enter your company email address and password.\n6. If prompted, enter the company\'s email server address (e.g., mail.company.com).\n7. Select the desired synchronization options (e.g., sync email, contacts, calendar).\n\n**Step 3: Configure Email Settings**\n\n1. In the email account \n\nunt settings.\n\n**Additional Information:**\n\n* For security reasons, it is recommended to set up a password or PIN lock on your mobile device.\n* Company email policies may require additional security measures, such as encryption or two-factor authentication. Contact your IT department for more information.\n* If you need further assistance or have questions about company email policies, contact your IT department or refer to the company\'s email policy documentation.\n\n\n7. Select the desired synchronization options (e.g., sync email, contacts, calendar).\n\n**Step 3: Configure Email Settings**\n\n1. In the email account settings, select the ""Advanced"" or ""Security"" option.\n2. Ensure that the ""Use SSL/TLS"" or ""Use secure connection"" option is enabled.\n3. Set the authentication method to ""Username and Password"" or ""Domain\\Username"".\n4. If prompted, enter your company\'s email domain (e.g., company.com).\n\n**Step 4: Verify Email Account**\n\n1. Wait for the email account to synchronize with the company email server.\n2. Send a test email to yourself or a colleague to verify that email is sending and receiving correctly.\n\n**Troubleshooting Tips:**\n\n* If you encounter issues setting up your email account, ensure that your device has a stable internet connection and that your email credentials are correct.\n* If you are unable to connect to the company email server, contact your IT department for assistance.\n* If you experience issues with email synchronization, try restarting your device or checking the email account settings.\n\n**Additional Information:**\n\n* For security reasons, it is recommended to set up a password or PIN lock on your mobile device.\n* Compan\n\n**Configuring Email on an Android Device**\n\nThis article provides step-by-step instructions on how to configure email on an Android device. Please follow the steps below to set up your email account on your Android device.\n\n**Prerequisites:**\n\n* An Android device with a valid internet connection\n* A valid email account (company email or personal email)\n* Email account credentials (username and password)\n\n**Step 1: Go to the Email App**\n\n* Locate the Email app on your Android device. It may be on the home screen or in the app drawer.\n* Tap on the Email app to open it.\n\n**Step 2: Add a New Account**\n\n* Tap on the ""Add account"" or ""Add email account"" button.\n* Select ""Email"" or ""Corporate"" as the account type, depending on your email provider.\n* Enter your email address and password in the required fields.\n* Tap ""Next"" to proceed.\n\n**Step 3: Configure Server Settings**\n\n* The device will attempt to automatically configure the server settings. If it fails, you will need to enter the settings manually.\n* Tap on ""Manual setup"" or ""Advanced setup"" to enter the server settings manually.\n* Enter the following information:\n\t+ Incoming server: [company email server or personal email server]\n\t\n\nAnswer:'}]}]","{'vertex': {'agent': {'llm_response': '{""content"":{""parts"":[{""text"":""To set up your company email on your mobile device:\\n\\n1.  Ensure a Mobile Device Management (MDM) profile is installed if required by your company.\\n2.  Go to the Settings app on your mobile device.\\n3.  Select \\""Mail\\"" or \\""Email\\"".\\n4.  Tap \\""Add Account\\"" or \\""Create a new account\\"".\\n5.  Select \\""Exchange\\"" or \\""Corporate\\"" as the account type.\\n6.  Enter your company email address and password.\\n7.  If prompted, enter the company\'s email server address.\\n8.  Select the desired synchronization options.\\n9.  In the email account settings, select the \\""Advanced\\"" or \\""Security\\"" option.\\n10. Ensure that the \\""Use SSL/TLS\\"" or \\""Use secure connection\\"" option is enabled.\\n11. Set the authentication method to \\""Username and Password\\"" or \\""Domain\\\\Username\\"".\\n12. If prompted, enter your company\'s email domain.\\n13. Wait for the email account to synchronize with the company email server.\\n14. Send a test email to verify that email is sending and receiving correctly.""}],""role"":""model""},""usage_metadata"":{""candidates_token_count"":244,""candidates_tokens_details"":[{""modality"":""TEXT"",""token_count"":244}],""prompt_token_count"":1018,""prompt_tokens_details"":[{""modality"":""TEXT"",""token_count"":1018}],""total_token_count"":1262,""traffic_type"":""ON_DEMAND""}}', 'llm_request': '{""model"": ""gemini-2.0-flash"", ""config"": {""system_instruction"": ""You are a strict RAG agent. Use only the provided context. If the context does not contain the answer, reply that you don\'t know. Do not include any internal IDs or citations in your answer. Be concise.\\n\\nYou are an agent. Your internal name is \\""adk_rag_minimal_agent\\"".\\n\\n The description about you is \\""Minimal RAG over CSV corpus\\"""", ""temperature"": 0.0, ""labels"": {""adk_agent_name"": ""adk_rag_minimal_agent""}}, ""contents"": [{""parts"": [{""text"": ""Query: How do I set up my company email on my mobile device?\\n\\nContext:\\n**Setting Up a Mobile Device for Company Email**\\n\\n**Prerequisites:**\\n\\n* Mobile device with a supported operating system (iOS, Android, or Windows)\\n* Company email account credentials\\n* Mobile device management (MDM) profile installed (if required by company policy)\\n\\n**Step 1: Ensure Mobile Device Management (MDM) Profile is Installed (if required)**\\n\\nIf your company requires MDM for mobile devices, ensure that the profile is installed on your device. This profile will allow your device to connect to the company network and access company email. If you are unsure whether MDM is required, contact your IT department for assistance.\\n\\n**Step 2: Set Up Email Account on Mobile Device**\\n\\n1. Go to the Settings app on your mobile device.\\n2. Select \\""Mail\\"" or \\""Email\\"" (depending on your device\'s operating system).\\n3. Tap \\""Add Account\\"" or \\""Create a new account\\"".\\n4. Select \\""Exchange\\"" or \\""Corporate\\"" as the account type.\\n5. Enter your company email address and password.\\n6. If prompted, enter the company\'s email server address (e.g., mail.company.com).\\n7. Select the desired synchronization options (e.g., sync email, contacts, calendar).\\n\\n**Step 3: Configure Email Settings**\\n\\n1. In the email account \\n\\nunt settings.\\n\\n**Additional Information:**\\n\\n* For security reasons, it is recommended to set up a password or PIN lock on your mobile device.\\n* Company email policies may require additional security measures, such as encryption or two-factor authentication. Contact your IT department for more information.\\n* If you need further assistance or have questions about company email policies, contact your IT department or refer to the company\'s email policy documentation.\\n\\n\\n7. Select the desired synchronization options (e.g., sync email, contacts, calendar).\\n\\n**Step 3: Configure Email Settings**\\n\\n1. In the email account settings, select the \\""Advanced\\"" or \\""Security\\"" option.\\n2. Ensure that the \\""Use SSL/TLS\\"" or \\""Use secure connection\\"" option is enabled.\\n3. Set the authentication method to \\""Username and Password\\"" or \\""Domain\\\\Username\\"".\\n4. If prompted, enter your company\'s email domain (e.g., company.com).\\n\\n**Step 4: Verify Email Account**\\n\\n1. Wait for the email account to synchronize with the company email server.\\n2. Send a test email to yourself or a colleague to verify that email is sending and receiving correctly.\\n\\n**Troubleshooting Tips:**\\n\\n* If you encounter issues setting up your email account, ensure that your device has a stable internet connection and that your email credentials are correct.\\n* If you are unable to connect to the company email server, contact your IT department for assistance.\\n* If you experience issues with email synchronization, try restarting your device or checking the email account settings.\\n\\n**Additional Information:**\\n\\n* For security reasons, it is recommended to set up a password or PIN lock on your mobile device.\\n* Compan\\n\\n**Configuring Email on an Android Device**\\n\\nThis article provides step-by-step instructions on how to configure email on an Android device. Please follow the steps below to set up your email account on your Android device.\\n\\n**Prerequisites:**\\n\\n* An Android device with a valid internet connection\\n* A valid email account (company email or personal email)\\n* Email account credentials (username and password)\\n\\n**Step 1: Go to the Email App**\\n\\n* Locate the Email app on your Android device. It may be on the home screen or in the app drawer.\\n* Tap on the Email app to open it.\\n\\n**Step 2: Add a New Account**\\n\\n* Tap on the \\""Add account\\"" or \\""Add email account\\"" button.\\n* Select \\""Email\\"" or \\""Corporate\\"" as the account type, depending on your email provider.\\n* Enter your email address and password in the required fields.\\n* Tap \\""Next\\"" to proceed.\\n\\n**Step 3: Configure Server Settings**\\n\\n* The device will attempt to automatically configure the server settings. If it fails, you will need to enter the settings manually.\\n* Tap on \\""Manual setup\\"" or \\""Advanced setup\\"" to enter the server settings manually.\\n* Enter the following information:\\n\\t+ Incoming server: [company email server or personal email server]\\n\\t\\n\\nAnswer:""}], ""role"": ""user""}]}', 'session_id': 's-378731c754f4', 'invocation_id': 'e-be6eaed9-cb76-4587-ba89-fcb73143ddc1', 'event_id': 'OAHZfDmD'}}}","{""system_instruction"":""You are a strict RAG agent. Use only the provided context. If the context does not contain the answer, reply that you don't know. Do not include any internal IDs or citations in your answer. Be concise.\n\nYou are an agent. Your internal name is \""adk_rag_minimal_agent\"".\n\n The description about you is \""Minimal RAG over CSV corpus\"""",""temperature"":0.0,""labels"":{""adk_agent_name"":""adk_rag_minimal_agent""}}",1262.0,244.0,"{'system': 'gcp.vertex.agent', 'request': {'model': 'gemini-2.0-flash'}}","{""model"": ""gemini-2.0-flash"", ""config"": {""system_instruction"": ""You are a strict RAG agent. Use only the provided context. If the context does not contain the answer, reply that you don't know. Do not include any internal IDs or citations in your answer. Be concise.\n\nYou are an agent. Your internal name is \""adk_rag_minimal_agent\"".\n\n The description about you is \""Minimal RAG over CSV corpus\"""", ""temperature"": 0.0, ""labels"": {""adk_agent_name"": ""adk_rag_minimal_agent""}}, ""contents"": [{""parts"": [{""text"": ""Query: How do I set up my company email on my mobile device?\n\nContext:\n**Setting Up a Mobile Device for Company Email**\n\n**Prerequisites:**\n\n* Mobile device with a supported operating system (iOS, Android, or Windows)\n* Company email account credentials\n* Mobile device management (MDM) profile installed (if required by company policy)\n\n**Step 1: Ensure Mobile Device Management (MDM) Profile is Installed (if required)**\n\nIf your company requires MDM for mobile devices, ensure that the profile is installed on your device. This profile will allow your device to connect to the company network and access company email. If you are unsure whether MDM is required, contact your IT department for assistance.\n\n**Step 2: Set Up Email Account on Mobile Device**\n\n1. Go to the Settings app on your mobile device.\n2. Select \""Mail\"" or \""Email\"" (depending on your device's operating system).\n3. Tap \""Add Account\"" or \""Create a new account\"".\n4. Select \""Exchange\"" or \""Corporate\"" as the account type.\n5. Enter your company email address and password.\n6. If prompted, enter the company's email server address (e.g., mail.company.com).\n7. Select the desired synchronization options (e.g., sync email, contacts, calendar).\n\n**Step 3: Configure Email Settings**\n\n1. In the email account \n\nunt settings.\n\n**Additional Information:**\n\n* For security reasons, it is recommended to set up a password or PIN lock on your mobile device.\n* Company email policies may require additional security measures, such as encryption or two-factor authentication. Contact your IT department for more information.\n* If you need further assistance or have questions about company email policies, contact your IT department or refer to the company's email policy documentation.\n\n\n7. Select the desired synchronization options (e.g., sync email, contacts, calendar).\n\n**Step 3: Configure Email Settings**\n\n1. In the email account settings, select the \""Advanced\"" or \""Security\"" option.\n2. Ensure that the \""Use SSL/TLS\"" or \""Use secure connection\"" option is enabled.\n3. Set the authentication method to \""Username and Password\"" or \""Domain\\Username\"".\n4. If prompted, enter your company's email domain (e.g., company.com).\n\n**Step 4: Verify Email Account**\n\n1. Wait for the email account to synchronize with the company email server.\n2. Send a test email to yourself or a colleague to verify that email is sending and receiving correctly.\n\n**Troubleshooting Tips:**\n\n* If you encounter issues setting up your email account, ensure that your device has a stable internet connection and that your email credentials are correct.\n* If you are unable to connect to the company email server, contact your IT department for assistance.\n* If you experience issues with email synchronization, try restarting your device or checking the email account settings.\n\n**Additional Information:**\n\n* For security reasons, it is recommended to set up a password or PIN lock on your mobile device.\n* Compan\n\n**Configuring Email on an Android Device**\n\nThis article provides step-by-step instructions on how to configure email on an Android device. Please follow the steps below to set up your email account on your Android device.\n\n**Prerequisites:**\n\n* An Android device with a valid internet connection\n* A valid email account (company email or personal email)\n* Email account credentials (username and password)\n\n**Step 1: Go to the Email App**\n\n* Locate the Email app on your Android device. It may be on the home screen or in the app drawer.\n* Tap on the Email app to open it.\n\n**Step 2: Add a New Account**\n\n* Tap on the \""Add account\"" or \""Add email account\"" button.\n* Select \""Email\"" or \""Corporate\"" as the account type, depending on your email provider.\n* Enter your email address and password in the required fields.\n* Tap \""Next\"" to proceed.\n\n**Step 3: Configure Server Settings**\n\n* The device will attempt to automatically configure the server settings. If it fails, you will need to enter the settings manually.\n* Tap on \""Manual setup\"" or \""Advanced setup\"" to enter the server settings manually.\n* Enter the following information:\n\t+ Incoming server: [company email server or personal email server]\n\t\n\nAnswer:""}], ""role"": ""user""}]}",1018.0,"{""content"":{""parts"":[{""text"":""To set up your company email on your mobile device:\n\n1.  Ensure a Mobile Device Management (MDM) profile is installed if required by your company.\n2.  Go to the Settings app on your mobile device.\n3.  Select \""Mail\"" or \""Email\"".\n4.  Tap \""Add Account\"" or \""Create a new account\"".\n5.  Select \""Exchange\"" or \""Corporate\"" as the account type.\n6.  Enter your company email address and password.\n7.  If prompted, enter the company's email server address.\n8.  Select the desired synchronization options.\n9.  In the email account settings, select the \""Advanced\"" or \""Security\"" option.\n10. Ensure that the \""Use SSL/TLS\"" or \""Use secure connection\"" option is enabled.\n11. Set the authentication method to \""Username and Password\"" or \""Domain\\Username\"".\n12. If prompted, enter your company's email domain.\n13. Wait for the email account to synchronize with the company email server.\n14. Send a test email to verify that email is sending and receiving correctly.""}],""role"":""model""},""usage_metadata"":{""candidates_token_count"":244,""candidates_tokens_details"":[{""modality"":""TEXT"",""token_count"":244}],""prompt_token_count"":1018,""prompt_tokens_details"":[{""modality"":""TEXT"",""token_count"":1018}],""total_token_count"":1262,""traffic_type"":""ON_DEMAND""}}","{'query': 'How do I set up my company email on my mobile device?', 'context': '**Setting Up a Mobile Device for Company Email**\n\n**Prerequisites:**\n\n* Mobile device with a supported operating system (iOS, Android, or Windows)\n* Company email account credentials\n* Mobile device management (MDM) profile installed (if required by company policy)\n\n**Step 1: Ensure Mobile Device Management (MDM) Profile is Installed (if required)**\n\nIf your company requires MDM for mobile devices, ensure that the profile is installed on your device. This profile will allow your device to connect to the company network and access company email. If you are unsure whether MDM is required, contact your IT department for assistance.\n\n**Step 2: Set Up Email Account on Mobile Device**\n\n1. Go to the Settings app on your mobile device.\n2. Select ""Mail"" or ""Email"" (depending on your device\'s operating system).\n3. Tap ""Add Account"" or ""Create a new account"".\n4. Select ""Exchange"" or ""Corporate"" as the account type.\n5. Enter your company email address and password.\n6. If prompted, enter the company\'s email server address (e.g., mail.company.com).\n7. Select the desired synchronization options (e.g., sync email, contacts, calendar).\n\n**Step 3: Configure Email Settings**\n\n1. In the email account \n\nunt settings.\n\n**Additional Information:**\n\n* For security reasons, it is recommended to set up a password or PIN lock on your mobile device.\n* Company email policies may require additional security measures, such as encryption or two-factor authentication. Contact your IT department for more information.\n* If you need further assistance or have questions about company email policies, contact your IT department or refer to the company\'s email policy documentation.\n\n\n7. Select the desired synchronization options (e.g., sync email, contacts, calendar).\n\n**Step 3: Configure Email Settings**\n\n1. In the email account settings, select the ""Advanced"" or ""Security"" option.\n2. Ensure that the ""Use SSL/TLS"" or ""Use secure connection"" option is enabled.\n3. Set the authentication method to ""Username and Password"" or ""Domain\\Username"".\n4. If prompted, enter your company\'s email domain (e.g., company.com).\n\n**Step 4: Verify Email Account**\n\n1. Wait for the email account to synchronize with the company email server.\n2. Send a test email to yourself or a colleague to verify that email is sending and receiving correctly.\n\n**Troubleshooting Tips:**\n\n* If you encounter issues setting up your email account, ensure that your device has a stable internet connection and that your email credentials are correct.\n* If you are unable to connect to the company email server, contact your IT department for assistance.\n* If you experience issues with email synchronization, try restarting your device or checking the email account settings.\n\n**Additional Information:**\n\n* For security reasons, it is recommended to set up a password or PIN lock on your mobile device.\n* Compan\n\n**Configuring Email on an Android Device**\n\nThis article provides step-by-step instructions on how to configure email on an Android device. Please follow the steps below to set up your email account on your Android device.\n\n**Prerequisites:**\n\n* An Android device with a valid internet connection\n* A valid email account (company email or personal email)\n* Email account credentials (username and password)\n\n**Step 1: Go to the Email App**\n\n* Locate the Email app on your Android device. It may be on the home screen or in the app drawer.\n* Tap on the Email app to open it.\n\n**Step 2: Add a New Account**\n\n* Tap on the ""Add account"" or ""Add email account"" button.\n* Select ""Email"" or ""Corporate"" as the account type, depending on your email provider.\n* Enter your email address and password in the required fields.\n* Tap ""Next"" to proceed.\n\n**Step 3: Configure Server Settings**\n\n* The device will attempt to automatically configure the server settings. If it fails, you will need to enter the settings manually.\n* Tap on ""Manual setup"" or ""Advanced setup"" to enter the server settings manually.\n* Enter the following information:\n\t+ Incoming server: [company email server or personal email server]\n\t', 'row_id_for_gt': 0, 'retrieval_chunk_ids': ['row::0__chunk::0', 'row::0__chunk::2', 'row::0__chunk::1', 'row::9__chunk::0'], 'retrieval_row_ids': [0, 0, 0, 9], 'retrieval_scores': [9.8409513347, 8.0218741166, 7.1464003217, 6.9649705296], 'top_k': 4}",google,gemini-2.0-flash,s-378731c754f4,"[{'message.role': 'model', 'message.contents': [{'message_content.type': 'text', 'message_content.text': 'To set up your company email on your mobile device:\n\n1.  Ensure a Mobile Device Management (MDM) profile is installed if required by your company.\n2.  Go to the Settings app on your mobile device.\n3.  Select ""Mail"" or ""Email"".\n4.  Tap ""Add Account"" or ""Create a new account"".\n5.  Select ""Exchange"" or ""Corporate"" as the account type.\n6.  Enter your company email address and password.\n7.  If prompted, enter the company\'s email server address.\n8.  Select the desired synchronization options.\n9.  In the email account settings, select the ""Advanced"" or ""Security"" option.\n10. Ensure that the ""Use SSL/TLS"" or ""Use secure connection"" option is enabled.\n11. Set the authentication method to ""Username and Password"" or ""Domain\\Username"".\n12. If prompted, enter your company\'s email domain.\n13. Wait for the email account to synchronize with the company email server.\n14. Send a test email to verify that email is sending and receiving correctly.'}]}]",v1,"Query: {query}

Context:
{context}

Answer:"
agent_run [adk_rag_minimal_agent],AGENT,fb9c56593515b184,2025-08-17 20:09:25.221133+00:00,2025-08-17 20:09:27.811283+00:00,OK,,[],08413e4a7ba579c9,e37049b323b81d6addfa55475611f270,u,,AGENT,application/json,,,,,,,,,"{""content"":{""parts"":[{""text"":""To set up your company email on your mobile device:\n\n1.  Ensure a Mobile Device Management (MDM) profile is installed if required by your company.\n2.  Go to the Settings app on your mobile device.\n3.  Select \""Mail\"" or \""Email\"".\n4.  Tap \""Add Account\"" or \""Create a new account\"".\n5.  Select \""Exchange\"" or \""Corporate\"" as the account type.\n6.  Enter your company email address and password.\n7.  If prompted, enter the company's email server address.\n8.  Select the desired synchronization options.\n9.  In the email account settings, select the \""Advanced\"" or \""Security\"" option.\n10. Ensure that the \""Use SSL/TLS\"" or \""Use secure connection\"" option is enabled.\n11. Set the authentication method to \""Username and Password\"" or \""Domain\\Username\"".\n12. If prompted, enter your company's email domain.\n13. Wait for the email account to synchronize with the company email server.\n14. Send a test email to verify that email is sending and receiving correctly.""}],""role"":""model""},""usage_metadata"":{""candidates_token_count"":244,""candidates_tokens_details"":[{""modality"":""TEXT"",""token_count"":244}],""prompt_token_count"":1018,""prompt_tokens_details"":[{""modality"":""TEXT"",""token_count"":1018}],""total_token_count"":1262,""traffic_type"":""ON_DEMAND""},""invocation_id"":""e-be6eaed9-cb76-4587-ba89-fcb73143ddc1"",""author"":""adk_rag_minimal_agent"",""actions"":{""state_delta"":{},""artifact_delta"":{},""requested_auth_configs"":{}},""id"":""OAHZfDmD"",""timestamp"":1755461365.221547}","{'query': 'How do I set up my company email on my mobile device?', 'context': '**Setting Up a Mobile Device for Company Email**\n\n**Prerequisites:**\n\n* Mobile device with a supported operating system (iOS, Android, or Windows)\n* Company email account credentials\n* Mobile device management (MDM) profile installed (if required by company policy)\n\n**Step 1: Ensure Mobile Device Management (MDM) Profile is Installed (if required)**\n\nIf your company requires MDM for mobile devices, ensure that the profile is installed on your device. This profile will allow your device to connect to the company network and access company email. If you are unsure whether MDM is required, contact your IT department for assistance.\n\n**Step 2: Set Up Email Account on Mobile Device**\n\n1. Go to the Settings app on your mobile device.\n2. Select ""Mail"" or ""Email"" (depending on your device\'s operating system).\n3. Tap ""Add Account"" or ""Create a new account"".\n4. Select ""Exchange"" or ""Corporate"" as the account type.\n5. Enter your company email address and password.\n6. If prompted, enter the company\'s email server address (e.g., mail.company.com).\n7. Select the desired synchronization options (e.g., sync email, contacts, calendar).\n\n**Step 3: Configure Email Settings**\n\n1. In the email account \n\nunt settings.\n\n**Additional Information:**\n\n* For security reasons, it is recommended to set up a password or PIN lock on your mobile device.\n* Company email policies may require additional security measures, such as encryption or two-factor authentication. Contact your IT department for more information.\n* If you need further assistance or have questions about company email policies, contact your IT department or refer to the company\'s email policy documentation.\n\n\n7. Select the desired synchronization options (e.g., sync email, contacts, calendar).\n\n**Step 3: Configure Email Settings**\n\n1. In the email account settings, select the ""Advanced"" or ""Security"" option.\n2. Ensure that the ""Use SSL/TLS"" or ""Use secure connection"" option is enabled.\n3. Set the authentication method to ""Username and Password"" or ""Domain\\Username"".\n4. If prompted, enter your company\'s email domain (e.g., company.com).\n\n**Step 4: Verify Email Account**\n\n1. Wait for the email account to synchronize with the company email server.\n2. Send a test email to yourself or a colleague to verify that email is sending and receiving correctly.\n\n**Troubleshooting Tips:**\n\n* If you encounter issues setting up your email account, ensure that your device has a stable internet connection and that your email credentials are correct.\n* If you are unable to connect to the company email server, contact your IT department for assistance.\n* If you experience issues with email synchronization, try restarting your device or checking the email account settings.\n\n**Additional Information:**\n\n* For security reasons, it is recommended to set up a password or PIN lock on your mobile device.\n* Compan\n\n**Configuring Email on an Android Device**\n\nThis article provides step-by-step instructions on how to configure email on an Android device. Please follow the steps below to set up your email account on your Android device.\n\n**Prerequisites:**\n\n* An Android device with a valid internet connection\n* A valid email account (company email or personal email)\n* Email account credentials (username and password)\n\n**Step 1: Go to the Email App**\n\n* Locate the Email app on your Android device. It may be on the home screen or in the app drawer.\n* Tap on the Email app to open it.\n\n**Step 2: Add a New Account**\n\n* Tap on the ""Add account"" or ""Add email account"" button.\n* Select ""Email"" or ""Corporate"" as the account type, depending on your email provider.\n* Enter your email address and password in the required fields.\n* Tap ""Next"" to proceed.\n\n**Step 3: Configure Server Settings**\n\n* The device will attempt to automatically configure the server settings. If it fails, you will need to enter the settings manually.\n* Tap on ""Manual setup"" or ""Advanced setup"" to enter the server settings manually.\n* Enter the following information:\n\t+ Incoming server: [company email server or personal email server]\n\t', 'row_id_for_gt': 0, 'retrieval_chunk_ids': ['row::0__chunk::0', 'row::0__chunk::2', 'row::0__chunk::1', 'row::9__chunk::0'], 'retrieval_row_ids': [0, 0, 0, 9], 'retrieval_scores': [9.8409513347, 8.0218741166, 7.1464003217, 6.9649705296], 'top_k': 4}",,,s-378731c754f4,,v1,"Query: {query}

Context:
{context}

Answer:"
invocation [adk_rag_minimal],CHAIN,,2025-08-17 20:09:25.220735+00:00,2025-08-17 20:09:27.812494+00:00,OK,,[],fb9c56593515b184,e37049b323b81d6addfa55475611f270,u,application/json,CHAIN,application/json,,,,,,,"{""user_id"": ""u"", ""session_id"": ""s-378731c754f4"", ""new_message"": {""parts"": [{""text"": ""Query: How do I set up my company email on my mobile device?\n\nContext:\n**Setting Up a Mobile Device for Company Email**\n\n**Prerequisites:**\n\n* Mobile device with a supported operating system (iOS, Android, or Windows)\n* Company email account credentials\n* Mobile device management (MDM) profile installed (if required by company policy)\n\n**Step 1: Ensure Mobile Device Management (MDM) Profile is Installed (if required)**\n\nIf your company requires MDM for mobile devices, ensure that the profile is installed on your device. This profile will allow your device to connect to the company network and access company email. If you are unsure whether MDM is required, contact your IT department for assistance.\n\n**Step 2: Set Up Email Account on Mobile Device**\n\n1. Go to the Settings app on your mobile device.\n2. Select \""Mail\"" or \""Email\"" (depending on your device's operating system).\n3. Tap \""Add Account\"" or \""Create a new account\"".\n4. Select \""Exchange\"" or \""Corporate\"" as the account type.\n5. Enter your company email address and password.\n6. If prompted, enter the company's email server address (e.g., mail.company.com).\n7. Select the desired synchronization options (e.g., sync email, contacts, calendar).\n\n**Step 3: Configure Email Settings**\n\n1. In the email account \n\nunt settings.\n\n**Additional Information:**\n\n* For security reasons, it is recommended to set up a password or PIN lock on your mobile device.\n* Company email policies may require additional security measures, such as encryption or two-factor authentication. Contact your IT department for more information.\n* If you need further assistance or have questions about company email policies, contact your IT department or refer to the company's email policy documentation.\n\n\n7. Select the desired synchronization options (e.g., sync email, contacts, calendar).\n\n**Step 3: Configure Email Settings**\n\n1. In the email account settings, select the \""Advanced\"" or \""Security\"" option.\n2. Ensure that the \""Use SSL/TLS\"" or \""Use secure connection\"" option is enabled.\n3. Set the authentication method to \""Username and Password\"" or \""Domain\\Username\"".\n4. If prompted, enter your company's email domain (e.g., company.com).\n\n**Step 4: Verify Email Account**\n\n1. Wait for the email account to synchronize with the company email server.\n2. Send a test email to yourself or a colleague to verify that email is sending and receiving correctly.\n\n**Troubleshooting Tips:**\n\n* If you encounter issues setting up your email account, ensure that your device has a stable internet connection and that your email credentials are correct.\n* If you are unable to connect to the company email server, contact your IT department for assistance.\n* If you experience issues with email synchronization, try restarting your device or checking the email account settings.\n\n**Additional Information:**\n\n* For security reasons, it is recommended to set up a password or PIN lock on your mobile device.\n* Compan\n\n**Configuring Email on an Android Device**\n\nThis article provides step-by-step instructions on how to configure email on an Android device. Please follow the steps below to set up your email account on your Android device.\n\n**Prerequisites:**\n\n* An Android device with a valid internet connection\n* A valid email account (company email or personal email)\n* Email account credentials (username and password)\n\n**Step 1: Go to the Email App**\n\n* Locate the Email app on your Android device. It may be on the home screen or in the app drawer.\n* Tap on the Email app to open it.\n\n**Step 2: Add a New Account**\n\n* Tap on the \""Add account\"" or \""Add email account\"" button.\n* Select \""Email\"" or \""Corporate\"" as the account type, depending on your email provider.\n* Enter your email address and password in the required fields.\n* Tap \""Next\"" to proceed.\n\n**Step 3: Configure Server Settings**\n\n* The device will attempt to automatically configure the server settings. If it fails, you will need to enter the settings manually.\n* Tap on \""Manual setup\"" or \""Advanced setup\"" to enter the server settings manually.\n* Enter the following information:\n\t+ Incoming server: [company email server or personal email server]\n\t\n\nAnswer:""}], ""role"": ""user""}, ""run_config"": {""save_input_blobs_as_artifacts"": false, ""support_cfc"": false, ""streaming_mode"": ""StreamingMode.NONE"", ""max_llm_calls"": 500}}",,"{""content"":{""parts"":[{""text"":""To set up your company email on your mobile device:\n\n1.  Ensure a Mobile Device Management (MDM) profile is installed if required by your company.\n2.  Go to the Settings app on your mobile device.\n3.  Select \""Mail\"" or \""Email\"".\n4.  Tap \""Add Account\"" or \""Create a new account\"".\n5.  Select \""Exchange\"" or \""Corporate\"" as the account type.\n6.  Enter your company email address and password.\n7.  If prompted, enter the company's email server address.\n8.  Select the desired synchronization options.\n9.  In the email account settings, select the \""Advanced\"" or \""Security\"" option.\n10. Ensure that the \""Use SSL/TLS\"" or \""Use secure connection\"" option is enabled.\n11. Set the authentication method to \""Username and Password\"" or \""Domain\\Username\"".\n12. If prompted, enter your company's email domain.\n13. Wait for the email account to synchronize with the company email server.\n14. Send a test email to verify that email is sending and receiving correctly.""}],""role"":""model""},""usage_metadata"":{""candidates_token_count"":244,""candidates_tokens_details"":[{""modality"":""TEXT"",""token_count"":244}],""prompt_token_count"":1018,""prompt_tokens_details"":[{""modality"":""TEXT"",""token_count"":1018}],""total_token_count"":1262,""traffic_type"":""ON_DEMAND""},""invocation_id"":""e-be6eaed9-cb76-4587-ba89-fcb73143ddc1"",""author"":""adk_rag_minimal_agent"",""actions"":{""state_delta"":{},""artifact_delta"":{},""requested_auth_configs"":{}},""id"":""OAHZfDmD"",""timestamp"":1755461365.221547}","{'query': 'How do I set up my company email on my mobile device?', 'context': '**Setting Up a Mobile Device for Company Email**\n\n**Prerequisites:**\n\n* Mobile device with a supported operating system (iOS, Android, or Windows)\n* Company email account credentials\n* Mobile device management (MDM) profile installed (if required by company policy)\n\n**Step 1: Ensure Mobile Device Management (MDM) Profile is Installed (if required)**\n\nIf your company requires MDM for mobile devices, ensure that the profile is installed on your device. This profile will allow your device to connect to the company network and access company email. If you are unsure whether MDM is required, contact your IT department for assistance.\n\n**Step 2: Set Up Email Account on Mobile Device**\n\n1. Go to the Settings app on your mobile device.\n2. Select ""Mail"" or ""Email"" (depending on your device\'s operating system).\n3. Tap ""Add Account"" or ""Create a new account"".\n4. Select ""Exchange"" or ""Corporate"" as the account type.\n5. Enter your company email address and password.\n6. If prompted, enter the company\'s email server address (e.g., mail.company.com).\n7. Select the desired synchronization options (e.g., sync email, contacts, calendar).\n\n**Step 3: Configure Email Settings**\n\n1. In the email account \n\nunt settings.\n\n**Additional Information:**\n\n* For security reasons, it is recommended to set up a password or PIN lock on your mobile device.\n* Company email policies may require additional security measures, such as encryption or two-factor authentication. Contact your IT department for more information.\n* If you need further assistance or have questions about company email policies, contact your IT department or refer to the company\'s email policy documentation.\n\n\n7. Select the desired synchronization options (e.g., sync email, contacts, calendar).\n\n**Step 3: Configure Email Settings**\n\n1. In the email account settings, select the ""Advanced"" or ""Security"" option.\n2. Ensure that the ""Use SSL/TLS"" or ""Use secure connection"" option is enabled.\n3. Set the authentication method to ""Username and Password"" or ""Domain\\Username"".\n4. If prompted, enter your company\'s email domain (e.g., company.com).\n\n**Step 4: Verify Email Account**\n\n1. Wait for the email account to synchronize with the company email server.\n2. Send a test email to yourself or a colleague to verify that email is sending and receiving correctly.\n\n**Troubleshooting Tips:**\n\n* If you encounter issues setting up your email account, ensure that your device has a stable internet connection and that your email credentials are correct.\n* If you are unable to connect to the company email server, contact your IT department for assistance.\n* If you experience issues with email synchronization, try restarting your device or checking the email account settings.\n\n**Additional Information:**\n\n* For security reasons, it is recommended to set up a password or PIN lock on your mobile device.\n* Compan\n\n**Configuring Email on an Android Device**\n\nThis article provides step-by-step instructions on how to configure email on an Android device. Please follow the steps below to set up your email account on your Android device.\n\n**Prerequisites:**\n\n* An Android device with a valid internet connection\n* A valid email account (company email or personal email)\n* Email account credentials (username and password)\n\n**Step 1: Go to the Email App**\n\n* Locate the Email app on your Android device. It may be on the home screen or in the app drawer.\n* Tap on the Email app to open it.\n\n**Step 2: Add a New Account**\n\n* Tap on the ""Add account"" or ""Add email account"" button.\n* Select ""Email"" or ""Corporate"" as the account type, depending on your email provider.\n* Enter your email address and password in the required fields.\n* Tap ""Next"" to proceed.\n\n**Step 3: Configure Server Settings**\n\n* The device will attempt to automatically configure the server settings. If it fails, you will need to enter the settings manually.\n* Tap on ""Manual setup"" or ""Advanced setup"" to enter the server settings manually.\n* Enter the following information:\n\t+ Incoming server: [company email server or personal email server]\n\t', 'row_id_for_gt': 0, 'retrieval_chunk_ids': ['row::0__chunk::0', 'row::0__chunk::2', 'row::0__chunk::1', 'row::9__chunk::0'], 'retrieval_row_ids': [0, 0, 0, 9], 'retrieval_scores': [9.8409513347, 8.0218741166, 7.1464003217, 6.9649705296], 'top_k': 4}",,,s-378731c754f4,,v1,"Query: {query}

Context:
{context}

Answer:"
call_llm,LLM,39712dd9c8f5040c,2025-08-17 20:09:27.816474+00:00,2025-08-17 20:09:29.228910+00:00,OK,,[],69f946e21897607c,0df9044428d8a6fa4b061e3125ecae87,u,application/json,LLM,application/json,"[{'message.role': 'system', 'message.content': 'You are a strict RAG agent. Use only the provided context. If the context does not contain the answer, reply that you don\'t know. Do not include any internal IDs or citations in your answer. Be concise.\n\nYou are an agent. Your internal name is ""adk_rag_minimal_agent"".\n\n The description about you is ""Minimal RAG over CSV corpus""'}, {'message.role': 'user', 'message.contents': [{'message_content.type': 'text', 'message_content.text': 'Query: I forgot my PIN, how can I reset it?\n\nContext:\ncomplete the process.\n\n**Step 5: Confirm PIN Reset**\n\n1. You will receive a confirmation message indicating that your PIN has been successfully reset.\n2. Click the ""OK"" button to close the message.\n\n**Important Notes:**\n\n* If you are unable to reset your PIN using the self-service tool, please contact the IT Helpdesk for assistance.\n* It is recommended to keep your PIN confidential and not share it with anyone.\n* You can reset your PIN a maximum of 3 times in a 24-hour period. If you exceed this limit, you will need to contact the IT Helpdesk to reset your PIN.\n\nBy following these steps, you should be able to reset your forgotten PIN and regain access to company systems and applications. If you encounter any issues during the process, please do not hesitate to reach out to the IT Helpdesk for further assistance.\n\n**Resetting a Forgotten PIN**\n\nIf you have forgotten your PIN, you can reset it using the following steps:\n\n**Step 1: Access the PIN Reset Tool**\n\n1. Go to the company\'s intranet homepage and click on the ""IT Support"" link at the top right corner of the page.\n2. Click on the ""Self-Service"" tab and then select ""PIN Reset"" from the drop-down menu.\n3. You will be redirected to the PIN Reset Tool login page.\n\n**Step 2: Authenticate with Your Credentials**\n\n1. Enter your company username and password in the required fields.\n2. Click the ""Login"" button to authenticate.\n\n**Step 3: Verify Your Identity**\n\n1. You will be prompted to answer your security question. Enter your answer in the required field.\n2. Click the ""Next"" button to proceed.\n\n**Step 4: Reset Your PIN**\n\n1. Enter a new PIN in the required field. The PIN must be at least 8 characters long and contain a mix of uppercase and lowercase letters, numbers, and special characters.\n2. Re-enter your new PIN in the confirmation field to ensure accuracy.\n3. Click the ""Reset PIN"" button to complete the process.\n\n**Step 5: Confirm PIN Reset**\n\n1. You will receive a confirmation message indicating that your PIN has been successfully reset.\n\nthe paper tray, as this can cause paper jams and other issues.\n* If you are unsure about how to reset a jammed printer or if the issue persists after following these steps, contact the IT helpdesk for assistance.\n\n**Resetting a Jammed Printer**\n\n**Step 1: Turn Off the Printer**\n\nImmediately turn off the printer to prevent any further damage or paper jams. Locate the power button, usually found on the top or front of the printer, and press it to shut down the device.\n\n**Step 2: Open the Printer**\n\nLocate the printer\'s access panel, which varies depending on the printer model. Common locations include the top, front, or back of the printer. Open the panel by pressing the release latch or sliding it open. This will give you access to the internal mechanisms.\n\n**Step 3: Identify and Remove Jammed Paper**\n\nCarefully inspect the printer\'s internal mechanisms to locate the jammed paper. Gently pull out any visible paper scraps or torn pieces. Be cautious not to touch any internal components or rollers, as oils from your skin can cause damage.\n\n**Step 4: Check for Obstructions**\n\nInspect the printer\'s paper path, including the paper tray, rollers, and print head, for any obstructions or debris. Remove any dust, dirt, or other blockages that may be contributing to the jam.\n\n**Step 5: Realign the Paper Tray**\n\nIf the paper tray was dislodged during the jam, realign it according to the manufacturer\'s i\n\nAnswer:'}]}]","{'vertex': {'agent': {'llm_response': '{""content"":{""parts"":[{""text"":""To reset your PIN, access the PIN Reset Tool on the company intranet, authenticate with your credentials, verify your identity by answering your security question, and then enter and confirm your new PIN.""}],""role"":""model""},""usage_metadata"":{""candidates_token_count"":39,""candidates_tokens_details"":[{""modality"":""TEXT"",""token_count"":39}],""prompt_token_count"":900,""prompt_tokens_details"":[{""modality"":""TEXT"",""token_count"":900}],""total_token_count"":939,""traffic_type"":""ON_DEMAND""}}', 'llm_request': '{""model"": ""gemini-2.0-flash"", ""config"": {""system_instruction"": ""You are a strict RAG agent. Use only the provided context. If the context does not contain the answer, reply that you don\'t know. Do not include any internal IDs or citations in your answer. Be concise.\\n\\nYou are an agent. Your internal name is \\""adk_rag_minimal_agent\\"".\\n\\n The description about you is \\""Minimal RAG over CSV corpus\\"""", ""temperature"": 0.0, ""labels"": {""adk_agent_name"": ""adk_rag_minimal_agent""}}, ""contents"": [{""parts"": [{""text"": ""Query: I forgot my PIN, how can I reset it?\\n\\nContext:\\ncomplete the process.\\n\\n**Step 5: Confirm PIN Reset**\\n\\n1. You will receive a confirmation message indicating that your PIN has been successfully reset.\\n2. Click the \\""OK\\"" button to close the message.\\n\\n**Important Notes:**\\n\\n* If you are unable to reset your PIN using the self-service tool, please contact the IT Helpdesk for assistance.\\n* It is recommended to keep your PIN confidential and not share it with anyone.\\n* You can reset your PIN a maximum of 3 times in a 24-hour period. If you exceed this limit, you will need to contact the IT Helpdesk to reset your PIN.\\n\\nBy following these steps, you should be able to reset your forgotten PIN and regain access to company systems and applications. If you encounter any issues during the process, please do not hesitate to reach out to the IT Helpdesk for further assistance.\\n\\n**Resetting a Forgotten PIN**\\n\\nIf you have forgotten your PIN, you can reset it using the following steps:\\n\\n**Step 1: Access the PIN Reset Tool**\\n\\n1. Go to the company\'s intranet homepage and click on the \\""IT Support\\"" link at the top right corner of the page.\\n2. Click on the \\""Self-Service\\"" tab and then select \\""PIN Reset\\"" from the drop-down menu.\\n3. You will be redirected to the PIN Reset Tool login page.\\n\\n**Step 2: Authenticate with Your Credentials**\\n\\n1. Enter your company username and password in the required fields.\\n2. Click the \\""Login\\"" button to authenticate.\\n\\n**Step 3: Verify Your Identity**\\n\\n1. You will be prompted to answer your security question. Enter your answer in the required field.\\n2. Click the \\""Next\\"" button to proceed.\\n\\n**Step 4: Reset Your PIN**\\n\\n1. Enter a new PIN in the required field. The PIN must be at least 8 characters long and contain a mix of uppercase and lowercase letters, numbers, and special characters.\\n2. Re-enter your new PIN in the confirmation field to ensure accuracy.\\n3. Click the \\""Reset PIN\\"" button to complete the process.\\n\\n**Step 5: Confirm PIN Reset**\\n\\n1. You will receive a confirmation message indicating that your PIN has been successfully reset.\\n\\nthe paper tray, as this can cause paper jams and other issues.\\n* If you are unsure about how to reset a jammed printer or if the issue persists after following these steps, contact the IT helpdesk for assistance.\\n\\n**Resetting a Jammed Printer**\\n\\n**Step 1: Turn Off the Printer**\\n\\nImmediately turn off the printer to prevent any further damage or paper jams. Locate the power button, usually found on the top or front of the printer, and press it to shut down the device.\\n\\n**Step 2: Open the Printer**\\n\\nLocate the printer\'s access panel, which varies depending on the printer model. Common locations include the top, front, or back of the printer. Open the panel by pressing the release latch or sliding it open. This will give you access to the internal mechanisms.\\n\\n**Step 3: Identify and Remove Jammed Paper**\\n\\nCarefully inspect the printer\'s internal mechanisms to locate the jammed paper. Gently pull out any visible paper scraps or torn pieces. Be cautious not to touch any internal components or rollers, as oils from your skin can cause damage.\\n\\n**Step 4: Check for Obstructions**\\n\\nInspect the printer\'s paper path, including the paper tray, rollers, and print head, for any obstructions or debris. Remove any dust, dirt, or other blockages that may be contributing to the jam.\\n\\n**Step 5: Realign the Paper Tray**\\n\\nIf the paper tray was dislodged during the jam, realign it according to the manufacturer\'s i\\n\\nAnswer:""}], ""role"": ""user""}]}', 'session_id': 's-3899c4712b86', 'invocation_id': 'e-081bbf1c-b7a8-4306-8d1a-8c33d4d12f5c', 'event_id': 'LTdy7EbO'}}}","{""system_instruction"":""You are a strict RAG agent. Use only the provided context. If the context does not contain the answer, reply that you don't know. Do not include any internal IDs or citations in your answer. Be concise.\n\nYou are an agent. Your internal name is \""adk_rag_minimal_agent\"".\n\n The description about you is \""Minimal RAG over CSV corpus\"""",""temperature"":0.0,""labels"":{""adk_agent_name"":""adk_rag_minimal_agent""}}",939.0,39.0,"{'system': 'gcp.vertex.agent', 'request': {'model': 'gemini-2.0-flash'}}","{""model"": ""gemini-2.0-flash"", ""config"": {""system_instruction"": ""You are a strict RAG agent. Use only the provided context. If the context does not contain the answer, reply that you don't know. Do not include any internal IDs or citations in your answer. Be concise.\n\nYou are an agent. Your internal name is \""adk_rag_minimal_agent\"".\n\n The description about you is \""Minimal RAG over CSV corpus\"""", ""temperature"": 0.0, ""labels"": {""adk_agent_name"": ""adk_rag_minimal_agent""}}, ""contents"": [{""parts"": [{""text"": ""Query: I forgot my PIN, how can I reset it?\n\nContext:\ncomplete the process.\n\n**Step 5: Confirm PIN Reset**\n\n1. You will receive a confirmation message indicating that your PIN has been successfully reset.\n2. Click the \""OK\"" button to close the message.\n\n**Important Notes:**\n\n* If you are unable to reset your PIN using the self-service tool, please contact the IT Helpdesk for assistance.\n* It is recommended to keep your PIN confidential and not share it with anyone.\n* You can reset your PIN a maximum of 3 times in a 24-hour period. If you exceed this limit, you will need to contact the IT Helpdesk to reset your PIN.\n\nBy following these steps, you should be able to reset your forgotten PIN and regain access to company systems and applications. If you encounter any issues during the process, please do not hesitate to reach out to the IT Helpdesk for further assistance.\n\n**Resetting a Forgotten PIN**\n\nIf you have forgotten your PIN, you can reset it using the following steps:\n\n**Step 1: Access the PIN Reset Tool**\n\n1. Go to the company's intranet homepage and click on the \""IT Support\"" link at the top right corner of the page.\n2. Click on the \""Self-Service\"" tab and then select \""PIN Reset\"" from the drop-down menu.\n3. You will be redirected to the PIN Reset Tool login page.\n\n**Step 2: Authenticate with Your Credentials**\n\n1. Enter your company username and password in the required fields.\n2. Click the \""Login\"" button to authenticate.\n\n**Step 3: Verify Your Identity**\n\n1. You will be prompted to answer your security question. Enter your answer in the required field.\n2. Click the \""Next\"" button to proceed.\n\n**Step 4: Reset Your PIN**\n\n1. Enter a new PIN in the required field. The PIN must be at least 8 characters long and contain a mix of uppercase and lowercase letters, numbers, and special characters.\n2. Re-enter your new PIN in the confirmation field to ensure accuracy.\n3. Click the \""Reset PIN\"" button to complete the process.\n\n**Step 5: Confirm PIN Reset**\n\n1. You will receive a confirmation message indicating that your PIN has been successfully reset.\n\nthe paper tray, as this can cause paper jams and other issues.\n* If you are unsure about how to reset a jammed printer or if the issue persists after following these steps, contact the IT helpdesk for assistance.\n\n**Resetting a Jammed Printer**\n\n**Step 1: Turn Off the Printer**\n\nImmediately turn off the printer to prevent any further damage or paper jams. Locate the power button, usually found on the top or front of the printer, and press it to shut down the device.\n\n**Step 2: Open the Printer**\n\nLocate the printer's access panel, which varies depending on the printer model. Common locations include the top, front, or back of the printer. Open the panel by pressing the release latch or sliding it open. This will give you access to the internal mechanisms.\n\n**Step 3: Identify and Remove Jammed Paper**\n\nCarefully inspect the printer's internal mechanisms to locate the jammed paper. Gently pull out any visible paper scraps or torn pieces. Be cautious not to touch any internal components or rollers, as oils from your skin can cause damage.\n\n**Step 4: Check for Obstructions**\n\nInspect the printer's paper path, including the paper tray, rollers, and print head, for any obstructions or debris. Remove any dust, dirt, or other blockages that may be contributing to the jam.\n\n**Step 5: Realign the Paper Tray**\n\nIf the paper tray was dislodged during the jam, realign it according to the manufacturer's i\n\nAnswer:""}], ""role"": ""user""}]}",900.0,"{""content"":{""parts"":[{""text"":""To reset your PIN, access the PIN Reset Tool on the company intranet, authenticate with your credentials, verify your identity by answering your security question, and then enter and confirm your new PIN.""}],""role"":""model""},""usage_metadata"":{""candidates_token_count"":39,""candidates_tokens_details"":[{""modality"":""TEXT"",""token_count"":39}],""prompt_token_count"":900,""prompt_tokens_details"":[{""modality"":""TEXT"",""token_count"":900}],""total_token_count"":939,""traffic_type"":""ON_DEMAND""}}","{'query': 'I forgot my PIN, how can I reset it?', 'context': 'complete the process.\n\n**Step 5: Confirm PIN Reset**\n\n1. You will receive a confirmation message indicating that your PIN has been successfully reset.\n2. Click the ""OK"" button to close the message.\n\n**Important Notes:**\n\n* If you are unable to reset your PIN using the self-service tool, please contact the IT Helpdesk for assistance.\n* It is recommended to keep your PIN confidential and not share it with anyone.\n* You can reset your PIN a maximum of 3 times in a 24-hour period. If you exceed this limit, you will need to contact the IT Helpdesk to reset your PIN.\n\nBy following these steps, you should be able to reset your forgotten PIN and regain access to company systems and applications. If you encounter any issues during the process, please do not hesitate to reach out to the IT Helpdesk for further assistance.\n\n**Resetting a Forgotten PIN**\n\nIf you have forgotten your PIN, you can reset it using the following steps:\n\n**Step 1: Access the PIN Reset Tool**\n\n1. Go to the company\'s intranet homepage and click on the ""IT Support"" link at the top right corner of the page.\n2. Click on the ""Self-Service"" tab and then select ""PIN Reset"" from the drop-down menu.\n3. You will be redirected to the PIN Reset Tool login page.\n\n**Step 2: Authenticate with Your Credentials**\n\n1. Enter your company username and password in the required fields.\n2. Click the ""Login"" button to authenticate.\n\n**Step 3: Verify Your Identity**\n\n1. You will be prompted to answer your security question. Enter your answer in the required field.\n2. Click the ""Next"" button to proceed.\n\n**Step 4: Reset Your PIN**\n\n1. Enter a new PIN in the required field. The PIN must be at least 8 characters long and contain a mix of uppercase and lowercase letters, numbers, and special characters.\n2. Re-enter your new PIN in the confirmation field to ensure accuracy.\n3. Click the ""Reset PIN"" button to complete the process.\n\n**Step 5: Confirm PIN Reset**\n\n1. You will receive a confirmation message indicating that your PIN has been successfully reset.\n\nthe paper tray, as this can cause paper jams and other issues.\n* If you are unsure about how to reset a jammed printer or if the issue persists after following these steps, contact the IT helpdesk for assistance.\n\n**Resetting a Jammed Printer**\n\n**Step 1: Turn Off the Printer**\n\nImmediately turn off the printer to prevent any further damage or paper jams. Locate the power button, usually found on the top or front of the printer, and press it to shut down the device.\n\n**Step 2: Open the Printer**\n\nLocate the printer\'s access panel, which varies depending on the printer model. Common locations include the top, front, or back of the printer. Open the panel by pressing the release latch or sliding it open. This will give you access to the internal mechanisms.\n\n**Step 3: Identify and Remove Jammed Paper**\n\nCarefully inspect the printer\'s internal mechanisms to locate the jammed paper. Gently pull out any visible paper scraps or torn pieces. Be cautious not to touch any internal components or rollers, as oils from your skin can cause damage.\n\n**Step 4: Check for Obstructions**\n\nInspect the printer\'s paper path, including the paper tray, rollers, and print head, for any obstructions or debris. Remove any dust, dirt, or other blockages that may be contributing to the jam.\n\n**Step 5: Realign the Paper Tray**\n\nIf the paper tray was dislodged during the jam, realign it according to the manufacturer\'s i', 'row_id_for_gt': 1, 'retrieval_chunk_ids': ['row::1__chunk::1', 'row::1__chunk::0', 'row::8__chunk::2', 'row::8__chunk::0'], 'retrieval_row_ids': [1, 1, 8, 8], 'retrieval_scores': [8.3335327637, 7.9856155009, 6.6193885877, 6.522960162], 'top_k': 4}",google,gemini-2.0-flash,s-3899c4712b86,"[{'message.role': 'model', 'message.contents': [{'message_content.type': 'text', 'message_content.text': 'To reset your PIN, access the PIN Reset Tool on the company intranet, authenticate with your credentials, verify your identity by answering your security question, and then enter and confirm your new PIN.'}]}]",v1,"Query: {query}

Context:
{context}

Answer:"
agent_run [adk_rag_minimal_agent],AGENT,64c080d62d3793e3,2025-08-17 20:09:27.815912+00:00,2025-08-17 20:09:29.232025+00:00,OK,,[],39712dd9c8f5040c,0df9044428d8a6fa4b061e3125ecae87,u,,AGENT,application/json,,,,,,,,,"{""content"":{""parts"":[{""text"":""To reset your PIN, access the PIN Reset Tool on the company intranet, authenticate with your credentials, verify your identity by answering your security question, and then enter and confirm your new PIN.""}],""role"":""model""},""usage_metadata"":{""candidates_token_count"":39,""candidates_tokens_details"":[{""modality"":""TEXT"",""token_count"":39}],""prompt_token_count"":900,""prompt_tokens_details"":[{""modality"":""TEXT"",""token_count"":900}],""total_token_count"":939,""traffic_type"":""ON_DEMAND""},""invocation_id"":""e-081bbf1c-b7a8-4306-8d1a-8c33d4d12f5c"",""author"":""adk_rag_minimal_agent"",""actions"":{""state_delta"":{},""artifact_delta"":{},""requested_auth_configs"":{}},""id"":""LTdy7EbO"",""timestamp"":1755461367.816362}","{'query': 'I forgot my PIN, how can I reset it?', 'context': 'complete the process.\n\n**Step 5: Confirm PIN Reset**\n\n1. You will receive a confirmation message indicating that your PIN has been successfully reset.\n2. Click the ""OK"" button to close the message.\n\n**Important Notes:**\n\n* If you are unable to reset your PIN using the self-service tool, please contact the IT Helpdesk for assistance.\n* It is recommended to keep your PIN confidential and not share it with anyone.\n* You can reset your PIN a maximum of 3 times in a 24-hour period. If you exceed this limit, you will need to contact the IT Helpdesk to reset your PIN.\n\nBy following these steps, you should be able to reset your forgotten PIN and regain access to company systems and applications. If you encounter any issues during the process, please do not hesitate to reach out to the IT Helpdesk for further assistance.\n\n**Resetting a Forgotten PIN**\n\nIf you have forgotten your PIN, you can reset it using the following steps:\n\n**Step 1: Access the PIN Reset Tool**\n\n1. Go to the company\'s intranet homepage and click on the ""IT Support"" link at the top right corner of the page.\n2. Click on the ""Self-Service"" tab and then select ""PIN Reset"" from the drop-down menu.\n3. You will be redirected to the PIN Reset Tool login page.\n\n**Step 2: Authenticate with Your Credentials**\n\n1. Enter your company username and password in the required fields.\n2. Click the ""Login"" button to authenticate.\n\n**Step 3: Verify Your Identity**\n\n1. You will be prompted to answer your security question. Enter your answer in the required field.\n2. Click the ""Next"" button to proceed.\n\n**Step 4: Reset Your PIN**\n\n1. Enter a new PIN in the required field. The PIN must be at least 8 characters long and contain a mix of uppercase and lowercase letters, numbers, and special characters.\n2. Re-enter your new PIN in the confirmation field to ensure accuracy.\n3. Click the ""Reset PIN"" button to complete the process.\n\n**Step 5: Confirm PIN Reset**\n\n1. You will receive a confirmation message indicating that your PIN has been successfully reset.\n\nthe paper tray, as this can cause paper jams and other issues.\n* If you are unsure about how to reset a jammed printer or if the issue persists after following these steps, contact the IT helpdesk for assistance.\n\n**Resetting a Jammed Printer**\n\n**Step 1: Turn Off the Printer**\n\nImmediately turn off the printer to prevent any further damage or paper jams. Locate the power button, usually found on the top or front of the printer, and press it to shut down the device.\n\n**Step 2: Open the Printer**\n\nLocate the printer\'s access panel, which varies depending on the printer model. Common locations include the top, front, or back of the printer. Open the panel by pressing the release latch or sliding it open. This will give you access to the internal mechanisms.\n\n**Step 3: Identify and Remove Jammed Paper**\n\nCarefully inspect the printer\'s internal mechanisms to locate the jammed paper. Gently pull out any visible paper scraps or torn pieces. Be cautious not to touch any internal components or rollers, as oils from your skin can cause damage.\n\n**Step 4: Check for Obstructions**\n\nInspect the printer\'s paper path, including the paper tray, rollers, and print head, for any obstructions or debris. Remove any dust, dirt, or other blockages that may be contributing to the jam.\n\n**Step 5: Realign the Paper Tray**\n\nIf the paper tray was dislodged during the jam, realign it according to the manufacturer\'s i', 'row_id_for_gt': 1, 'retrieval_chunk_ids': ['row::1__chunk::1', 'row::1__chunk::0', 'row::8__chunk::2', 'row::8__chunk::0'], 'retrieval_row_ids': [1, 1, 8, 8], 'retrieval_scores': [8.3335327637, 7.9856155009, 6.6193885877, 6.522960162], 'top_k': 4}",,,s-3899c4712b86,,v1,"Query: {query}

Context:
{context}

Answer:"
invocation [adk_rag_minimal],CHAIN,,2025-08-17 20:09:27.815438+00:00,2025-08-17 20:09:29.232875+00:00,OK,,[],64c080d62d3793e3,0df9044428d8a6fa4b061e3125ecae87,u,application/json,CHAIN,application/json,,,,,,,"{""user_id"": ""u"", ""session_id"": ""s-3899c4712b86"", ""new_message"": {""parts"": [{""text"": ""Query: I forgot my PIN, how can I reset it?\n\nContext:\ncomplete the process.\n\n**Step 5: Confirm PIN Reset**\n\n1. You will receive a confirmation message indicating that your PIN has been successfully reset.\n2. Click the \""OK\"" button to close the message.\n\n**Important Notes:**\n\n* If you are unable to reset your PIN using the self-service tool, please contact the IT Helpdesk for assistance.\n* It is recommended to keep your PIN confidential and not share it with anyone.\n* You can reset your PIN a maximum of 3 times in a 24-hour period. If you exceed this limit, you will need to contact the IT Helpdesk to reset your PIN.\n\nBy following these steps, you should be able to reset your forgotten PIN and regain access to company systems and applications. If you encounter any issues during the process, please do not hesitate to reach out to the IT Helpdesk for further assistance.\n\n**Resetting a Forgotten PIN**\n\nIf you have forgotten your PIN, you can reset it using the following steps:\n\n**Step 1: Access the PIN Reset Tool**\n\n1. Go to the company's intranet homepage and click on the \""IT Support\"" link at the top right corner of the page.\n2. Click on the \""Self-Service\"" tab and then select \""PIN Reset\"" from the drop-down menu.\n3. You will be redirected to the PIN Reset Tool login page.\n\n**Step 2: Authenticate with Your Credentials**\n\n1. Enter your company username and password in the required fields.\n2. Click the \""Login\"" button to authenticate.\n\n**Step 3: Verify Your Identity**\n\n1. You will be prompted to answer your security question. Enter your answer in the required field.\n2. Click the \""Next\"" button to proceed.\n\n**Step 4: Reset Your PIN**\n\n1. Enter a new PIN in the required field. The PIN must be at least 8 characters long and contain a mix of uppercase and lowercase letters, numbers, and special characters.\n2. Re-enter your new PIN in the confirmation field to ensure accuracy.\n3. Click the \""Reset PIN\"" button to complete the process.\n\n**Step 5: Confirm PIN Reset**\n\n1. You will receive a confirmation message indicating that your PIN has been successfully reset.\n\nthe paper tray, as this can cause paper jams and other issues.\n* If you are unsure about how to reset a jammed printer or if the issue persists after following these steps, contact the IT helpdesk for assistance.\n\n**Resetting a Jammed Printer**\n\n**Step 1: Turn Off the Printer**\n\nImmediately turn off the printer to prevent any further damage or paper jams. Locate the power button, usually found on the top or front of the printer, and press it to shut down the device.\n\n**Step 2: Open the Printer**\n\nLocate the printer's access panel, which varies depending on the printer model. Common locations include the top, front, or back of the printer. Open the panel by pressing the release latch or sliding it open. This will give you access to the internal mechanisms.\n\n**Step 3: Identify and Remove Jammed Paper**\n\nCarefully inspect the printer's internal mechanisms to locate the jammed paper. Gently pull out any visible paper scraps or torn pieces. Be cautious not to touch any internal components or rollers, as oils from your skin can cause damage.\n\n**Step 4: Check for Obstructions**\n\nInspect the printer's paper path, including the paper tray, rollers, and print head, for any obstructions or debris. Remove any dust, dirt, or other blockages that may be contributing to the jam.\n\n**Step 5: Realign the Paper Tray**\n\nIf the paper tray was dislodged during the jam, realign it according to the manufacturer's i\n\nAnswer:""}], ""role"": ""user""}, ""run_config"": {""save_input_blobs_as_artifacts"": false, ""support_cfc"": false, ""streaming_mode"": ""StreamingMode.NONE"", ""max_llm_calls"": 500}}",,"{""content"":{""parts"":[{""text"":""To reset your PIN, access the PIN Reset Tool on the company intranet, authenticate with your credentials, verify your identity by answering your security question, and then enter and confirm your new PIN.""}],""role"":""model""},""usage_metadata"":{""candidates_token_count"":39,""candidates_tokens_details"":[{""modality"":""TEXT"",""token_count"":39}],""prompt_token_count"":900,""prompt_tokens_details"":[{""modality"":""TEXT"",""token_count"":900}],""total_token_count"":939,""traffic_type"":""ON_DEMAND""},""invocation_id"":""e-081bbf1c-b7a8-4306-8d1a-8c33d4d12f5c"",""author"":""adk_rag_minimal_agent"",""actions"":{""state_delta"":{},""artifact_delta"":{},""requested_auth_configs"":{}},""id"":""LTdy7EbO"",""timestamp"":1755461367.816362}","{'query': 'I forgot my PIN, how can I reset it?', 'context': 'complete the process.\n\n**Step 5: Confirm PIN Reset**\n\n1. You will receive a confirmation message indicating that your PIN has been successfully reset.\n2. Click the ""OK"" button to close the message.\n\n**Important Notes:**\n\n* If you are unable to reset your PIN using the self-service tool, please contact the IT Helpdesk for assistance.\n* It is recommended to keep your PIN confidential and not share it with anyone.\n* You can reset your PIN a maximum of 3 times in a 24-hour period. If you exceed this limit, you will need to contact the IT Helpdesk to reset your PIN.\n\nBy following these steps, you should be able to reset your forgotten PIN and regain access to company systems and applications. If you encounter any issues during the process, please do not hesitate to reach out to the IT Helpdesk for further assistance.\n\n**Resetting a Forgotten PIN**\n\nIf you have forgotten your PIN, you can reset it using the following steps:\n\n**Step 1: Access the PIN Reset Tool**\n\n1. Go to the company\'s intranet homepage and click on the ""IT Support"" link at the top right corner of the page.\n2. Click on the ""Self-Service"" tab and then select ""PIN Reset"" from the drop-down menu.\n3. You will be redirected to the PIN Reset Tool login page.\n\n**Step 2: Authenticate with Your Credentials**\n\n1. Enter your company username and password in the required fields.\n2. Click the ""Login"" button to authenticate.\n\n**Step 3: Verify Your Identity**\n\n1. You will be prompted to answer your security question. Enter your answer in the required field.\n2. Click the ""Next"" button to proceed.\n\n**Step 4: Reset Your PIN**\n\n1. Enter a new PIN in the required field. The PIN must be at least 8 characters long and contain a mix of uppercase and lowercase letters, numbers, and special characters.\n2. Re-enter your new PIN in the confirmation field to ensure accuracy.\n3. Click the ""Reset PIN"" button to complete the process.\n\n**Step 5: Confirm PIN Reset**\n\n1. You will receive a confirmation message indicating that your PIN has been successfully reset.\n\nthe paper tray, as this can cause paper jams and other issues.\n* If you are unsure about how to reset a jammed printer or if the issue persists after following these steps, contact the IT helpdesk for assistance.\n\n**Resetting a Jammed Printer**\n\n**Step 1: Turn Off the Printer**\n\nImmediately turn off the printer to prevent any further damage or paper jams. Locate the power button, usually found on the top or front of the printer, and press it to shut down the device.\n\n**Step 2: Open the Printer**\n\nLocate the printer\'s access panel, which varies depending on the printer model. Common locations include the top, front, or back of the printer. Open the panel by pressing the release latch or sliding it open. This will give you access to the internal mechanisms.\n\n**Step 3: Identify and Remove Jammed Paper**\n\nCarefully inspect the printer\'s internal mechanisms to locate the jammed paper. Gently pull out any visible paper scraps or torn pieces. Be cautious not to touch any internal components or rollers, as oils from your skin can cause damage.\n\n**Step 4: Check for Obstructions**\n\nInspect the printer\'s paper path, including the paper tray, rollers, and print head, for any obstructions or debris. Remove any dust, dirt, or other blockages that may be contributing to the jam.\n\n**Step 5: Realign the Paper Tray**\n\nIf the paper tray was dislodged during the jam, realign it according to the manufacturer\'s i', 'row_id_for_gt': 1, 'retrieval_chunk_ids': ['row::1__chunk::1', 'row::1__chunk::0', 'row::8__chunk::2', 'row::8__chunk::0'], 'retrieval_row_ids': [1, 1, 8, 8], 'retrieval_scores': [8.3335327637, 7.9856155009, 6.6193885877, 6.522960162], 'top_k': 4}",,,s-3899c4712b86,,v1,"Query: {query}

Context:
{context}

Answer:"
call_llm,LLM,9974c0021d66b4f9,2025-08-17 20:09:29.235566+00:00,2025-08-17 20:09:31.283067+00:00,OK,,[],dfdf135fdffc4f24,c43027cbb8246020b0285eae0e794c2a,u,application/json,LLM,application/json,"[{'message.role': 'system', 'message.content': 'You are a strict RAG agent. Use only the provided context. If the context does not contain the answer, reply that you don\'t know. Do not include any internal IDs or citations in your answer. Be concise.\n\nYou are an agent. Your internal name is ""adk_rag_minimal_agent"".\n\n The description about you is ""Minimal RAG over CSV corpus""'}, {'message.role': 'user', 'message.contents': [{'message_content.type': 'text', 'message_content.text': 'Query: How do I set up VPN access on my laptop so I can work from home and access company resources?\n\nContext:\n**Configuring VPN Access for Remote Workers**\n\n**Overview**\n\nThis article provides step-by-step instructions for configuring VPN access for remote workers. This allows employees working from home or other remote locations to securely connect to the company network and access company resources.\n\n**Prerequisites**\n\n* The remote worker\'s device (laptop or desktop) must meet the company\'s minimum system requirements for VPN connectivity.\n* The remote worker must have a valid company login credentials.\n* The remote worker must have a stable internet connection.\n\n**Step 1: Install the VPN Client**\n\n1. Go to the company\'s software portal and download the VPN client software.\n2. Run the installer and follow the prompts to install the software.\n3. Once installed, launch the VPN client software.\n\n**Step 2: Configure the VPN Connection**\n\n1. In the VPN client software, click on ""New Connection"" and select ""Company VPN"" as the connection type.\n2. Enter the company\'s VPN server address: `vpn.company.com`.\n3. Enter your company login credentials (username and password).\n4. Select the ""Save"" button to save the connection settings.\n\n**Step 3: Establish the VPN Connection**\n\n1. Click on the ""Connec\n\nnue to experience issues, contact the IT helpdesk for further assistance.\n\n**Security Reminders**\n\n* Always keep your VPN client software up-to-date.\n* Never share your login credentials with anyone.\n* Avoid using public Wi-Fi or unsecured networks to access company resources via VPN.\n\nBy following these steps, remote workers can securely connect to the company network and access company resources from anywhere. If you have any questions or issues, please contact the IT helpdesk for further assistance.\n\nsername and password).\n4. Select the ""Save"" button to save the connection settings.\n\n**Step 3: Establish the VPN Connection**\n\n1. Click on the ""Connect"" button to establish the VPN connection.\n2. You may be prompted to authenticate with two-factor authentication (2FA). Follow the prompts to complete 2FA.\n3. Once connected, you will see a confirmation message indicating that you are connected to the company VPN.\n\n**Step 4: Verify VPN Connection**\n\n1. Open a web browser and navigate to `company.com`.\n2. You should be able to access company resources, such as email, intranet, and file shares.\n3. Verify that your device\'s IP address has changed to a company-assigned IP address.\n\n**Troubleshooting Tips**\n\n* If you encounter issues connecting to the VPN, ensure that your device meets the minimum system requirements and that your internet connection is stable.\n* If you are unable to access company resources, verify that you are connected to the VPN and that your device\'s IP address has changed to a company-assigned IP address.\n* If you continue to experience issues, contact the IT helpdesk for further assistance.\n\n**Security Reminders**\n\n* Always keep your VPN client software up-to-date.\n\n\n**Resetting a Jammed Printer**\n\n**Step 1: Turn Off the Printer**\n\nImmediately turn off the printer to prevent any further damage or paper jams. Locate the power button, usually found on the top or front of the printer, and press it to shut down the device.\n\n**Step 2: Open the Printer**\n\nLocate the printer\'s access panel, which varies depending on the printer model. Common locations include the top, front, or back of the printer. Open the panel by pressing the release latch or sliding it open. This will give you access to the internal mechanisms.\n\n**Step 3: Identify and Remove Jammed Paper**\n\nCarefully inspect the printer\'s internal mechanisms to locate the jammed paper. Gently pull out any visible paper scraps or torn pieces. Be cautious not to touch any internal components or rollers, as oils from your skin can cause damage.\n\n**Step 4: Check for Obstructions**\n\nInspect the printer\'s paper path, including the paper tray, rollers, and print head, for any obstructions or debris. Remove any dust, dirt, or other blockages that may be contributing to the jam.\n\n**Step 5: Realign the Paper Tray**\n\nIf the paper tray was dislodged during the jam, realign it according to the manufacturer\'s i\n\nAnswer:'}]}]","{'vertex': {'agent': {'llm_response': '{""content"":{""parts"":[{""text"":""To set up VPN access:\\n\\n1.  Download the VPN client software from the company\'s software portal and install it.\\n2.  In the VPN client, create a new connection, selecting \\""Company VPN\\"" as the type.\\n3.  Enter the company\'s VPN server address: `vpn.company.com`.\\n4.  Enter your company login credentials and save the connection settings.\\n5.  Click the \\""Connect\\"" button to establish the VPN connection and follow any prompts for two-factor authentication.\\n6.  Verify the connection by opening a web browser and navigating to `company.com` to access company resources. Also, check that your device\'s IP address has changed to a company-assigned IP address.""}],""role"":""model""},""usage_metadata"":{""candidates_token_count"":154,""candidates_tokens_details"":[{""modality"":""TEXT"",""token_count"":154}],""prompt_token_count"":1024,""prompt_tokens_details"":[{""modality"":""TEXT"",""token_count"":1024}],""total_token_count"":1178,""traffic_type"":""ON_DEMAND""}}', 'llm_request': '{""model"": ""gemini-2.0-flash"", ""config"": {""system_instruction"": ""You are a strict RAG agent. Use only the provided context. If the context does not contain the answer, reply that you don\'t know. Do not include any internal IDs or citations in your answer. Be concise.\\n\\nYou are an agent. Your internal name is \\""adk_rag_minimal_agent\\"".\\n\\n The description about you is \\""Minimal RAG over CSV corpus\\"""", ""temperature"": 0.0, ""labels"": {""adk_agent_name"": ""adk_rag_minimal_agent""}}, ""contents"": [{""parts"": [{""text"": ""Query: How do I set up VPN access on my laptop so I can work from home and access company resources?\\n\\nContext:\\n**Configuring VPN Access for Remote Workers**\\n\\n**Overview**\\n\\nThis article provides step-by-step instructions for configuring VPN access for remote workers. This allows employees working from home or other remote locations to securely connect to the company network and access company resources.\\n\\n**Prerequisites**\\n\\n* The remote worker\'s device (laptop or desktop) must meet the company\'s minimum system requirements for VPN connectivity.\\n* The remote worker must have a valid company login credentials.\\n* The remote worker must have a stable internet connection.\\n\\n**Step 1: Install the VPN Client**\\n\\n1. Go to the company\'s software portal and download the VPN client software.\\n2. Run the installer and follow the prompts to install the software.\\n3. Once installed, launch the VPN client software.\\n\\n**Step 2: Configure the VPN Connection**\\n\\n1. In the VPN client software, click on \\""New Connection\\"" and select \\""Company VPN\\"" as the connection type.\\n2. Enter the company\'s VPN server address: `vpn.company.com`.\\n3. Enter your company login credentials (username and password).\\n4. Select the \\""Save\\"" button to save the connection settings.\\n\\n**Step 3: Establish the VPN Connection**\\n\\n1. Click on the \\""Connec\\n\\nnue to experience issues, contact the IT helpdesk for further assistance.\\n\\n**Security Reminders**\\n\\n* Always keep your VPN client software up-to-date.\\n* Never share your login credentials with anyone.\\n* Avoid using public Wi-Fi or unsecured networks to access company resources via VPN.\\n\\nBy following these steps, remote workers can securely connect to the company network and access company resources from anywhere. If you have any questions or issues, please contact the IT helpdesk for further assistance.\\n\\nsername and password).\\n4. Select the \\""Save\\"" button to save the connection settings.\\n\\n**Step 3: Establish the VPN Connection**\\n\\n1. Click on the \\""Connect\\"" button to establish the VPN connection.\\n2. You may be prompted to authenticate with two-factor authentication (2FA). Follow the prompts to complete 2FA.\\n3. Once connected, you will see a confirmation message indicating that you are connected to the company VPN.\\n\\n**Step 4: Verify VPN Connection**\\n\\n1. Open a web browser and navigate to `company.com`.\\n2. You should be able to access company resources, such as email, intranet, and file shares.\\n3. Verify that your device\'s IP address has changed to a company-assigned IP address.\\n\\n**Troubleshooting Tips**\\n\\n* If you encounter issues connecting to the VPN, ensure that your device meets the minimum system requirements and that your internet connection is stable.\\n* If you are unable to access company resources, verify that you are connected to the VPN and that your device\'s IP address has changed to a company-assigned IP address.\\n* If you continue to experience issues, contact the IT helpdesk for further assistance.\\n\\n**Security Reminders**\\n\\n* Always keep your VPN client software up-to-date.\\n\\n\\n**Resetting a Jammed Printer**\\n\\n**Step 1: Turn Off the Printer**\\n\\nImmediately turn off the printer to prevent any further damage or paper jams. Locate the power button, usually found on the top or front of the printer, and press it to shut down the device.\\n\\n**Step 2: Open the Printer**\\n\\nLocate the printer\'s access panel, which varies depending on the printer model. Common locations include the top, front, or back of the printer. Open the panel by pressing the release latch or sliding it open. This will give you access to the internal mechanisms.\\n\\n**Step 3: Identify and Remove Jammed Paper**\\n\\nCarefully inspect the printer\'s internal mechanisms to locate the jammed paper. Gently pull out any visible paper scraps or torn pieces. Be cautious not to touch any internal components or rollers, as oils from your skin can cause damage.\\n\\n**Step 4: Check for Obstructions**\\n\\nInspect the printer\'s paper path, including the paper tray, rollers, and print head, for any obstructions or debris. Remove any dust, dirt, or other blockages that may be contributing to the jam.\\n\\n**Step 5: Realign the Paper Tray**\\n\\nIf the paper tray was dislodged during the jam, realign it according to the manufacturer\'s i\\n\\nAnswer:""}], ""role"": ""user""}]}', 'session_id': 's-06e79c6230bf', 'invocation_id': 'e-5bcd808a-f65d-41ab-ba60-8ad5417c5b0c', 'event_id': 'RSpSehOD'}}}","{""system_instruction"":""You are a strict RAG agent. Use only the provided context. If the context does not contain the answer, reply that you don't know. Do not include any internal IDs or citations in your answer. Be concise.\n\nYou are an agent. Your internal name is \""adk_rag_minimal_agent\"".\n\n The description about you is \""Minimal RAG over CSV corpus\"""",""temperature"":0.0,""labels"":{""adk_agent_name"":""adk_rag_minimal_agent""}}",1178.0,154.0,"{'system': 'gcp.vertex.agent', 'request': {'model': 'gemini-2.0-flash'}}","{""model"": ""gemini-2.0-flash"", ""config"": {""system_instruction"": ""You are a strict RAG agent. Use only the provided context. If the context does not contain the answer, reply that you don't know. Do not include any internal IDs or citations in your answer. Be concise.\n\nYou are an agent. Your internal name is \""adk_rag_minimal_agent\"".\n\n The description about you is \""Minimal RAG over CSV corpus\"""", ""temperature"": 0.0, ""labels"": {""adk_agent_name"": ""adk_rag_minimal_agent""}}, ""contents"": [{""parts"": [{""text"": ""Query: How do I set up VPN access on my laptop so I can work from home and access company resources?\n\nContext:\n**Configuring VPN Access for Remote Workers**\n\n**Overview**\n\nThis article provides step-by-step instructions for configuring VPN access for remote workers. This allows employees working from home or other remote locations to securely connect to the company network and access company resources.\n\n**Prerequisites**\n\n* The remote worker's device (laptop or desktop) must meet the company's minimum system requirements for VPN connectivity.\n* The remote worker must have a valid company login credentials.\n* The remote worker must have a stable internet connection.\n\n**Step 1: Install the VPN Client**\n\n1. Go to the company's software portal and download the VPN client software.\n2. Run the installer and follow the prompts to install the software.\n3. Once installed, launch the VPN client software.\n\n**Step 2: Configure the VPN Connection**\n\n1. In the VPN client software, click on \""New Connection\"" and select \""Company VPN\"" as the connection type.\n2. Enter the company's VPN server address: `vpn.company.com`.\n3. Enter your company login credentials (username and password).\n4. Select the \""Save\"" button to save the connection settings.\n\n**Step 3: Establish the VPN Connection**\n\n1. Click on the \""Connec\n\nnue to experience issues, contact the IT helpdesk for further assistance.\n\n**Security Reminders**\n\n* Always keep your VPN client software up-to-date.\n* Never share your login credentials with anyone.\n* Avoid using public Wi-Fi or unsecured networks to access company resources via VPN.\n\nBy following these steps, remote workers can securely connect to the company network and access company resources from anywhere. If you have any questions or issues, please contact the IT helpdesk for further assistance.\n\nsername and password).\n4. Select the \""Save\"" button to save the connection settings.\n\n**Step 3: Establish the VPN Connection**\n\n1. Click on the \""Connect\"" button to establish the VPN connection.\n2. You may be prompted to authenticate with two-factor authentication (2FA). Follow the prompts to complete 2FA.\n3. Once connected, you will see a confirmation message indicating that you are connected to the company VPN.\n\n**Step 4: Verify VPN Connection**\n\n1. Open a web browser and navigate to `company.com`.\n2. You should be able to access company resources, such as email, intranet, and file shares.\n3. Verify that your device's IP address has changed to a company-assigned IP address.\n\n**Troubleshooting Tips**\n\n* If you encounter issues connecting to the VPN, ensure that your device meets the minimum system requirements and that your internet connection is stable.\n* If you are unable to access company resources, verify that you are connected to the VPN and that your device's IP address has changed to a company-assigned IP address.\n* If you continue to experience issues, contact the IT helpdesk for further assistance.\n\n**Security Reminders**\n\n* Always keep your VPN client software up-to-date.\n\n\n**Resetting a Jammed Printer**\n\n**Step 1: Turn Off the Printer**\n\nImmediately turn off the printer to prevent any further damage or paper jams. Locate the power button, usually found on the top or front of the printer, and press it to shut down the device.\n\n**Step 2: Open the Printer**\n\nLocate the printer's access panel, which varies depending on the printer model. Common locations include the top, front, or back of the printer. Open the panel by pressing the release latch or sliding it open. This will give you access to the internal mechanisms.\n\n**Step 3: Identify and Remove Jammed Paper**\n\nCarefully inspect the printer's internal mechanisms to locate the jammed paper. Gently pull out any visible paper scraps or torn pieces. Be cautious not to touch any internal components or rollers, as oils from your skin can cause damage.\n\n**Step 4: Check for Obstructions**\n\nInspect the printer's paper path, including the paper tray, rollers, and print head, for any obstructions or debris. Remove any dust, dirt, or other blockages that may be contributing to the jam.\n\n**Step 5: Realign the Paper Tray**\n\nIf the paper tray was dislodged during the jam, realign it according to the manufacturer's i\n\nAnswer:""}], ""role"": ""user""}]}",1024.0,"{""content"":{""parts"":[{""text"":""To set up VPN access:\n\n1.  Download the VPN client software from the company's software portal and install it.\n2.  In the VPN client, create a new connection, selecting \""Company VPN\"" as the type.\n3.  Enter the company's VPN server address: `vpn.company.com`.\n4.  Enter your company login credentials and save the connection settings.\n5.  Click the \""Connect\"" button to establish the VPN connection and follow any prompts for two-factor authentication.\n6.  Verify the connection by opening a web browser and navigating to `company.com` to access company resources. Also, check that your device's IP address has changed to a company-assigned IP address.""}],""role"":""model""},""usage_metadata"":{""candidates_token_count"":154,""candidates_tokens_details"":[{""modality"":""TEXT"",""token_count"":154}],""prompt_token_count"":1024,""prompt_tokens_details"":[{""modality"":""TEXT"",""token_count"":1024}],""total_token_count"":1178,""traffic_type"":""ON_DEMAND""}}","{'query': 'How do I set up VPN access on my laptop so I can work from home and access company resources?', 'context': '**Configuring VPN Access for Remote Workers**\n\n**Overview**\n\nThis article provides step-by-step instructions for configuring VPN access for remote workers. This allows employees working from home or other remote locations to securely connect to the company network and access company resources.\n\n**Prerequisites**\n\n* The remote worker\'s device (laptop or desktop) must meet the company\'s minimum system requirements for VPN connectivity.\n* The remote worker must have a valid company login credentials.\n* The remote worker must have a stable internet connection.\n\n**Step 1: Install the VPN Client**\n\n1. Go to the company\'s software portal and download the VPN client software.\n2. Run the installer and follow the prompts to install the software.\n3. Once installed, launch the VPN client software.\n\n**Step 2: Configure the VPN Connection**\n\n1. In the VPN client software, click on ""New Connection"" and select ""Company VPN"" as the connection type.\n2. Enter the company\'s VPN server address: `vpn.company.com`.\n3. Enter your company login credentials (username and password).\n4. Select the ""Save"" button to save the connection settings.\n\n**Step 3: Establish the VPN Connection**\n\n1. Click on the ""Connec\n\nnue to experience issues, contact the IT helpdesk for further assistance.\n\n**Security Reminders**\n\n* Always keep your VPN client software up-to-date.\n* Never share your login credentials with anyone.\n* Avoid using public Wi-Fi or unsecured networks to access company resources via VPN.\n\nBy following these steps, remote workers can securely connect to the company network and access company resources from anywhere. If you have any questions or issues, please contact the IT helpdesk for further assistance.\n\nsername and password).\n4. Select the ""Save"" button to save the connection settings.\n\n**Step 3: Establish the VPN Connection**\n\n1. Click on the ""Connect"" button to establish the VPN connection.\n2. You may be prompted to authenticate with two-factor authentication (2FA). Follow the prompts to complete 2FA.\n3. Once connected, you will see a confirmation message indicating that you are connected to the company VPN.\n\n**Step 4: Verify VPN Connection**\n\n1. Open a web browser and navigate to `company.com`.\n2. You should be able to access company resources, such as email, intranet, and file shares.\n3. Verify that your device\'s IP address has changed to a company-assigned IP address.\n\n**Troubleshooting Tips**\n\n* If you encounter issues connecting to the VPN, ensure that your device meets the minimum system requirements and that your internet connection is stable.\n* If you are unable to access company resources, verify that you are connected to the VPN and that your device\'s IP address has changed to a company-assigned IP address.\n* If you continue to experience issues, contact the IT helpdesk for further assistance.\n\n**Security Reminders**\n\n* Always keep your VPN client software up-to-date.\n\n\n**Resetting a Jammed Printer**\n\n**Step 1: Turn Off the Printer**\n\nImmediately turn off the printer to prevent any further damage or paper jams. Locate the power button, usually found on the top or front of the printer, and press it to shut down the device.\n\n**Step 2: Open the Printer**\n\nLocate the printer\'s access panel, which varies depending on the printer model. Common locations include the top, front, or back of the printer. Open the panel by pressing the release latch or sliding it open. This will give you access to the internal mechanisms.\n\n**Step 3: Identify and Remove Jammed Paper**\n\nCarefully inspect the printer\'s internal mechanisms to locate the jammed paper. Gently pull out any visible paper scraps or torn pieces. Be cautious not to touch any internal components or rollers, as oils from your skin can cause damage.\n\n**Step 4: Check for Obstructions**\n\nInspect the printer\'s paper path, including the paper tray, rollers, and print head, for any obstructions or debris. Remove any dust, dirt, or other blockages that may be contributing to the jam.\n\n**Step 5: Realign the Paper Tray**\n\nIf the paper tray was dislodged during the jam, realign it according to the manufacturer\'s i', 'row_id_for_gt': 2, 'retrieval_chunk_ids': ['row::2__chunk::0', 'row::2__chunk::2', 'row::2__chunk::1', 'row::8__chunk::0'], 'retrieval_row_ids': [2, 2, 2, 8], 'retrieval_scores': [15.7663799018, 12.0901345715, 10.766604199, 8.6396478264], 'top_k': 4}",google,gemini-2.0-flash,s-06e79c6230bf,"[{'message.role': 'model', 'message.contents': [{'message_content.type': 'text', 'message_content.text': 'To set up VPN access:\n\n1.  Download the VPN client software from the company\'s software portal and install it.\n2.  In the VPN client, create a new connection, selecting ""Company VPN"" as the type.\n3.  Enter the company\'s VPN server address: `vpn.company.com`.\n4.  Enter your company login credentials and save the connection settings.\n5.  Click the ""Connect"" button to establish the VPN connection and follow any prompts for two-factor authentication.\n6.  Verify the connection by opening a web browser and navigating to `company.com` to access company resources. Also, check that your device\'s IP address has changed to a company-assigned IP address.'}]}]",v1,"Query: {query}

Context:
{context}

Answer:"
agent_run [adk_rag_minimal_agent],AGENT,da7fffb0fad46662,2025-08-17 20:09:29.235227+00:00,2025-08-17 20:09:31.288924+00:00,OK,,[],9974c0021d66b4f9,c43027cbb8246020b0285eae0e794c2a,u,,AGENT,application/json,,,,,,,,,"{""content"":{""parts"":[{""text"":""To set up VPN access:\n\n1.  Download the VPN client software from the company's software portal and install it.\n2.  In the VPN client, create a new connection, selecting \""Company VPN\"" as the type.\n3.  Enter the company's VPN server address: `vpn.company.com`.\n4.  Enter your company login credentials and save the connection settings.\n5.  Click the \""Connect\"" button to establish the VPN connection and follow any prompts for two-factor authentication.\n6.  Verify the connection by opening a web browser and navigating to `company.com` to access company resources. Also, check that your device's IP address has changed to a company-assigned IP address.""}],""role"":""model""},""usage_metadata"":{""candidates_token_count"":154,""candidates_tokens_details"":[{""modality"":""TEXT"",""token_count"":154}],""prompt_token_count"":1024,""prompt_tokens_details"":[{""modality"":""TEXT"",""token_count"":1024}],""total_token_count"":1178,""traffic_type"":""ON_DEMAND""},""invocation_id"":""e-5bcd808a-f65d-41ab-ba60-8ad5417c5b0c"",""author"":""adk_rag_minimal_agent"",""actions"":{""state_delta"":{},""artifact_delta"":{},""requested_auth_configs"":{}},""id"":""RSpSehOD"",""timestamp"":1755461369.235494}","{'query': 'How do I set up VPN access on my laptop so I can work from home and access company resources?', 'context': '**Configuring VPN Access for Remote Workers**\n\n**Overview**\n\nThis article provides step-by-step instructions for configuring VPN access for remote workers. This allows employees working from home or other remote locations to securely connect to the company network and access company resources.\n\n**Prerequisites**\n\n* The remote worker\'s device (laptop or desktop) must meet the company\'s minimum system requirements for VPN connectivity.\n* The remote worker must have a valid company login credentials.\n* The remote worker must have a stable internet connection.\n\n**Step 1: Install the VPN Client**\n\n1. Go to the company\'s software portal and download the VPN client software.\n2. Run the installer and follow the prompts to install the software.\n3. Once installed, launch the VPN client software.\n\n**Step 2: Configure the VPN Connection**\n\n1. In the VPN client software, click on ""New Connection"" and select ""Company VPN"" as the connection type.\n2. Enter the company\'s VPN server address: `vpn.company.com`.\n3. Enter your company login credentials (username and password).\n4. Select the ""Save"" button to save the connection settings.\n\n**Step 3: Establish the VPN Connection**\n\n1. Click on the ""Connec\n\nnue to experience issues, contact the IT helpdesk for further assistance.\n\n**Security Reminders**\n\n* Always keep your VPN client software up-to-date.\n* Never share your login credentials with anyone.\n* Avoid using public Wi-Fi or unsecured networks to access company resources via VPN.\n\nBy following these steps, remote workers can securely connect to the company network and access company resources from anywhere. If you have any questions or issues, please contact the IT helpdesk for further assistance.\n\nsername and password).\n4. Select the ""Save"" button to save the connection settings.\n\n**Step 3: Establish the VPN Connection**\n\n1. Click on the ""Connect"" button to establish the VPN connection.\n2. You may be prompted to authenticate with two-factor authentication (2FA). Follow the prompts to complete 2FA.\n3. Once connected, you will see a confirmation message indicating that you are connected to the company VPN.\n\n**Step 4: Verify VPN Connection**\n\n1. Open a web browser and navigate to `company.com`.\n2. You should be able to access company resources, such as email, intranet, and file shares.\n3. Verify that your device\'s IP address has changed to a company-assigned IP address.\n\n**Troubleshooting Tips**\n\n* If you encounter issues connecting to the VPN, ensure that your device meets the minimum system requirements and that your internet connection is stable.\n* If you are unable to access company resources, verify that you are connected to the VPN and that your device\'s IP address has changed to a company-assigned IP address.\n* If you continue to experience issues, contact the IT helpdesk for further assistance.\n\n**Security Reminders**\n\n* Always keep your VPN client software up-to-date.\n\n\n**Resetting a Jammed Printer**\n\n**Step 1: Turn Off the Printer**\n\nImmediately turn off the printer to prevent any further damage or paper jams. Locate the power button, usually found on the top or front of the printer, and press it to shut down the device.\n\n**Step 2: Open the Printer**\n\nLocate the printer\'s access panel, which varies depending on the printer model. Common locations include the top, front, or back of the printer. Open the panel by pressing the release latch or sliding it open. This will give you access to the internal mechanisms.\n\n**Step 3: Identify and Remove Jammed Paper**\n\nCarefully inspect the printer\'s internal mechanisms to locate the jammed paper. Gently pull out any visible paper scraps or torn pieces. Be cautious not to touch any internal components or rollers, as oils from your skin can cause damage.\n\n**Step 4: Check for Obstructions**\n\nInspect the printer\'s paper path, including the paper tray, rollers, and print head, for any obstructions or debris. Remove any dust, dirt, or other blockages that may be contributing to the jam.\n\n**Step 5: Realign the Paper Tray**\n\nIf the paper tray was dislodged during the jam, realign it according to the manufacturer\'s i', 'row_id_for_gt': 2, 'retrieval_chunk_ids': ['row::2__chunk::0', 'row::2__chunk::2', 'row::2__chunk::1', 'row::8__chunk::0'], 'retrieval_row_ids': [2, 2, 2, 8], 'retrieval_scores': [15.7663799018, 12.0901345715, 10.766604199, 8.6396478264], 'top_k': 4}",,,s-06e79c6230bf,,v1,"Query: {query}

Context:
{context}

Answer:"
invocation [adk_rag_minimal],CHAIN,,2025-08-17 20:09:29.234944+00:00,2025-08-17 20:09:31.290359+00:00,OK,,[],da7fffb0fad46662,c43027cbb8246020b0285eae0e794c2a,u,application/json,CHAIN,application/json,,,,,,,"{""user_id"": ""u"", ""session_id"": ""s-06e79c6230bf"", ""new_message"": {""parts"": [{""text"": ""Query: How do I set up VPN access on my laptop so I can work from home and access company resources?\n\nContext:\n**Configuring VPN Access for Remote Workers**\n\n**Overview**\n\nThis article provides step-by-step instructions for configuring VPN access for remote workers. This allows employees working from home or other remote locations to securely connect to the company network and access company resources.\n\n**Prerequisites**\n\n* The remote worker's device (laptop or desktop) must meet the company's minimum system requirements for VPN connectivity.\n* The remote worker must have a valid company login credentials.\n* The remote worker must have a stable internet connection.\n\n**Step 1: Install the VPN Client**\n\n1. Go to the company's software portal and download the VPN client software.\n2. Run the installer and follow the prompts to install the software.\n3. Once installed, launch the VPN client software.\n\n**Step 2: Configure the VPN Connection**\n\n1. In the VPN client software, click on \""New Connection\"" and select \""Company VPN\"" as the connection type.\n2. Enter the company's VPN server address: `vpn.company.com`.\n3. Enter your company login credentials (username and password).\n4. Select the \""Save\"" button to save the connection settings.\n\n**Step 3: Establish the VPN Connection**\n\n1. Click on the \""Connec\n\nnue to experience issues, contact the IT helpdesk for further assistance.\n\n**Security Reminders**\n\n* Always keep your VPN client software up-to-date.\n* Never share your login credentials with anyone.\n* Avoid using public Wi-Fi or unsecured networks to access company resources via VPN.\n\nBy following these steps, remote workers can securely connect to the company network and access company resources from anywhere. If you have any questions or issues, please contact the IT helpdesk for further assistance.\n\nsername and password).\n4. Select the \""Save\"" button to save the connection settings.\n\n**Step 3: Establish the VPN Connection**\n\n1. Click on the \""Connect\"" button to establish the VPN connection.\n2. You may be prompted to authenticate with two-factor authentication (2FA). Follow the prompts to complete 2FA.\n3. Once connected, you will see a confirmation message indicating that you are connected to the company VPN.\n\n**Step 4: Verify VPN Connection**\n\n1. Open a web browser and navigate to `company.com`.\n2. You should be able to access company resources, such as email, intranet, and file shares.\n3. Verify that your device's IP address has changed to a company-assigned IP address.\n\n**Troubleshooting Tips**\n\n* If you encounter issues connecting to the VPN, ensure that your device meets the minimum system requirements and that your internet connection is stable.\n* If you are unable to access company resources, verify that you are connected to the VPN and that your device's IP address has changed to a company-assigned IP address.\n* If you continue to experience issues, contact the IT helpdesk for further assistance.\n\n**Security Reminders**\n\n* Always keep your VPN client software up-to-date.\n\n\n**Resetting a Jammed Printer**\n\n**Step 1: Turn Off the Printer**\n\nImmediately turn off the printer to prevent any further damage or paper jams. Locate the power button, usually found on the top or front of the printer, and press it to shut down the device.\n\n**Step 2: Open the Printer**\n\nLocate the printer's access panel, which varies depending on the printer model. Common locations include the top, front, or back of the printer. Open the panel by pressing the release latch or sliding it open. This will give you access to the internal mechanisms.\n\n**Step 3: Identify and Remove Jammed Paper**\n\nCarefully inspect the printer's internal mechanisms to locate the jammed paper. Gently pull out any visible paper scraps or torn pieces. Be cautious not to touch any internal components or rollers, as oils from your skin can cause damage.\n\n**Step 4: Check for Obstructions**\n\nInspect the printer's paper path, including the paper tray, rollers, and print head, for any obstructions or debris. Remove any dust, dirt, or other blockages that may be contributing to the jam.\n\n**Step 5: Realign the Paper Tray**\n\nIf the paper tray was dislodged during the jam, realign it according to the manufacturer's i\n\nAnswer:""}], ""role"": ""user""}, ""run_config"": {""save_input_blobs_as_artifacts"": false, ""support_cfc"": false, ""streaming_mode"": ""StreamingMode.NONE"", ""max_llm_calls"": 500}}",,"{""content"":{""parts"":[{""text"":""To set up VPN access:\n\n1.  Download the VPN client software from the company's software portal and install it.\n2.  In the VPN client, create a new connection, selecting \""Company VPN\"" as the type.\n3.  Enter the company's VPN server address: `vpn.company.com`.\n4.  Enter your company login credentials and save the connection settings.\n5.  Click the \""Connect\"" button to establish the VPN connection and follow any prompts for two-factor authentication.\n6.  Verify the connection by opening a web browser and navigating to `company.com` to access company resources. Also, check that your device's IP address has changed to a company-assigned IP address.""}],""role"":""model""},""usage_metadata"":{""candidates_token_count"":154,""candidates_tokens_details"":[{""modality"":""TEXT"",""token_count"":154}],""prompt_token_count"":1024,""prompt_tokens_details"":[{""modality"":""TEXT"",""token_count"":1024}],""total_token_count"":1178,""traffic_type"":""ON_DEMAND""},""invocation_id"":""e-5bcd808a-f65d-41ab-ba60-8ad5417c5b0c"",""author"":""adk_rag_minimal_agent"",""actions"":{""state_delta"":{},""artifact_delta"":{},""requested_auth_configs"":{}},""id"":""RSpSehOD"",""timestamp"":1755461369.235494}","{'query': 'How do I set up VPN access on my laptop so I can work from home and access company resources?', 'context': '**Configuring VPN Access for Remote Workers**\n\n**Overview**\n\nThis article provides step-by-step instructions for configuring VPN access for remote workers. This allows employees working from home or other remote locations to securely connect to the company network and access company resources.\n\n**Prerequisites**\n\n* The remote worker\'s device (laptop or desktop) must meet the company\'s minimum system requirements for VPN connectivity.\n* The remote worker must have a valid company login credentials.\n* The remote worker must have a stable internet connection.\n\n**Step 1: Install the VPN Client**\n\n1. Go to the company\'s software portal and download the VPN client software.\n2. Run the installer and follow the prompts to install the software.\n3. Once installed, launch the VPN client software.\n\n**Step 2: Configure the VPN Connection**\n\n1. In the VPN client software, click on ""New Connection"" and select ""Company VPN"" as the connection type.\n2. Enter the company\'s VPN server address: `vpn.company.com`.\n3. Enter your company login credentials (username and password).\n4. Select the ""Save"" button to save the connection settings.\n\n**Step 3: Establish the VPN Connection**\n\n1. Click on the ""Connec\n\nnue to experience issues, contact the IT helpdesk for further assistance.\n\n**Security Reminders**\n\n* Always keep your VPN client software up-to-date.\n* Never share your login credentials with anyone.\n* Avoid using public Wi-Fi or unsecured networks to access company resources via VPN.\n\nBy following these steps, remote workers can securely connect to the company network and access company resources from anywhere. If you have any questions or issues, please contact the IT helpdesk for further assistance.\n\nsername and password).\n4. Select the ""Save"" button to save the connection settings.\n\n**Step 3: Establish the VPN Connection**\n\n1. Click on the ""Connect"" button to establish the VPN connection.\n2. You may be prompted to authenticate with two-factor authentication (2FA). Follow the prompts to complete 2FA.\n3. Once connected, you will see a confirmation message indicating that you are connected to the company VPN.\n\n**Step 4: Verify VPN Connection**\n\n1. Open a web browser and navigate to `company.com`.\n2. You should be able to access company resources, such as email, intranet, and file shares.\n3. Verify that your device\'s IP address has changed to a company-assigned IP address.\n\n**Troubleshooting Tips**\n\n* If you encounter issues connecting to the VPN, ensure that your device meets the minimum system requirements and that your internet connection is stable.\n* If you are unable to access company resources, verify that you are connected to the VPN and that your device\'s IP address has changed to a company-assigned IP address.\n* If you continue to experience issues, contact the IT helpdesk for further assistance.\n\n**Security Reminders**\n\n* Always keep your VPN client software up-to-date.\n\n\n**Resetting a Jammed Printer**\n\n**Step 1: Turn Off the Printer**\n\nImmediately turn off the printer to prevent any further damage or paper jams. Locate the power button, usually found on the top or front of the printer, and press it to shut down the device.\n\n**Step 2: Open the Printer**\n\nLocate the printer\'s access panel, which varies depending on the printer model. Common locations include the top, front, or back of the printer. Open the panel by pressing the release latch or sliding it open. This will give you access to the internal mechanisms.\n\n**Step 3: Identify and Remove Jammed Paper**\n\nCarefully inspect the printer\'s internal mechanisms to locate the jammed paper. Gently pull out any visible paper scraps or torn pieces. Be cautious not to touch any internal components or rollers, as oils from your skin can cause damage.\n\n**Step 4: Check for Obstructions**\n\nInspect the printer\'s paper path, including the paper tray, rollers, and print head, for any obstructions or debris. Remove any dust, dirt, or other blockages that may be contributing to the jam.\n\n**Step 5: Realign the Paper Tray**\n\nIf the paper tray was dislodged during the jam, realign it according to the manufacturer\'s i', 'row_id_for_gt': 2, 'retrieval_chunk_ids': ['row::2__chunk::0', 'row::2__chunk::2', 'row::2__chunk::1', 'row::8__chunk::0'], 'retrieval_row_ids': [2, 2, 2, 8], 'retrieval_scores': [15.7663799018, 12.0901345715, 10.766604199, 8.6396478264], 'top_k': 4}",,,s-06e79c6230bf,,v1,"Query: {query}

Context:
{context}

Answer:"
call_llm,LLM,5e4424154451bacd,2025-08-17 20:09:31.295333+00:00,2025-08-17 20:09:32.759162+00:00,OK,,[],56e44bc12b410634,634d005309126ff54ad147d87072b3ad,u,application/json,LLM,application/json,"[{'message.role': 'system', 'message.content': 'You are a strict RAG agent. Use only the provided context. If the context does not contain the answer, reply that you don\'t know. Do not include any internal IDs or citations in your answer. Be concise.\n\nYou are an agent. Your internal name is ""adk_rag_minimal_agent"".\n\n The description about you is ""Minimal RAG over CSV corpus""'}, {'message.role': 'user', 'message.contents': [{'message_content.type': 'text', 'message_content.text': ""Query: My Microsoft Word keeps freezing every time I try to open a document, I've tried closing and reopening it but the issue persists, what can I do to fix it?\n\nContext:\n Files**\n\nCorrupt files can cause issues with Microsoft Office applications. Try opening a new, blank document to see if the issue persists. If the issue does not occur with a new document, it's possible that the original file is corrupt.\n\n**Step 5: Check for Conflicting Programs**\n\nOther programs running on your computer can conflict with Microsoft Office applications. Try closing all other programs and background applications to see if the issue resolves.\n\n**Step 6: Check Office Configuration**\n\nOffice configuration issues can cause problems with Microsoft Office applications. Try resetting Office configuration by following these steps:\n\n* Open the **Command Prompt** as an administrator.\n* Type the following command and press **Enter**: `officec2rclient.exe /uninstall`\n* Wait for the command to complete, then restart your computer.\n\n**Step 7: Reinstall Microsoft Office**\n\nIf none of the above steps resolve the issue, try reinstalling Microsoft Office. Go to the **Control Panel**, select **Programs and Features**, and uninstall Microsoft Office. Then, reinstall Microsoft Office from the company's software portal or by contacting the IT department.\n\n**Additional Troubleshooting Tip\n\n**Troubleshooting Issues with Microsoft Office**\n\nThis article provides steps to troubleshoot common issues with Microsoft Office applications, including Word, Excel, PowerPoint, and Outlook.\n\n**Step 1: Restart Microsoft Office**\n\nBefore proceeding with troubleshooting, try restarting the Microsoft Office application that is experiencing issues. This simple step can often resolve problems caused by temporary glitches or corrupted files.\n\n**Step 2: Check for Updates**\n\nEnsure that Microsoft Office is up-to-date. Open any Microsoft Office application, go to **File** > **Account**, and click **Update Options**. If updates are available, install them and restart the application.\n\n**Step 3: Disable Add-ins**\n\nAdd-ins can sometimes cause issues with Microsoft Office applications. To disable add-ins, follow these steps:\n\n* Open the Microsoft Office application experiencing issues.\n* Go to **File** > **Options** > **Add-ins**.\n* Uncheck the boxes next to each add-in to disable them.\n* Click **OK** to save changes.\n\n**Step 4: Check for Corrupt Files**\n\nCorrupt files can cause issues with Microsoft Office applications. Try opening a new, blank document to see if the issue persists. If the is\n\nsoft Office. Then, reinstall Microsoft Office from the company's software portal or by contacting the IT department.\n\n**Additional Troubleshooting Tips**\n\n* Check for antivirus software conflicts, as some antivirus programs can interfere with Microsoft Office applications.\n* Ensure that your computer meets the system requirements for Microsoft Office.\n* If using a Microsoft Office template, try creating a new document from scratch to see if the issue persists.\n* If experiencing issues with a specific file, try opening the file on a different computer or in a different Microsoft Office application to isolate the problem.\n\nBy following these steps, you should be able to troubleshoot and resolve common issues with Microsoft Office applications. If the issue persists, contact the IT department for further assistance.\n\n**Resetting a Jammed Printer**\n\n**Step 1: Turn Off the Printer**\n\nImmediately turn off the printer to prevent any further damage or paper jams. Locate the power button, usually found on the top or front of the printer, and press it to shut down the device.\n\n**Step 2: Open the Printer**\n\nLocate the printer's access panel, which varies depending on the printer model. Common locations include the top, front, or back of the printer. Open the panel by pressing the release latch or sliding it open. This will give you access to the internal mechanisms.\n\n**Step 3: Identify and Remove Jammed Paper**\n\nCarefully inspect the printer's internal mechanisms to locate the jammed paper. Gently pull out any visible paper scraps or torn pieces. Be cautious not to touch any internal components or rollers, as oils from your skin can cause damage.\n\n**Step 4: Check for Obstructions**\n\nInspect the printer's paper path, including the paper tray, rollers, and print head, for any obstructions or debris. Remove any dust, dirt, or other blockages that may be contributing to the jam.\n\n**Step 5: Realign the Paper Tray**\n\nIf the paper tray was dislodged during the jam, realign it according to the manufacturer's i\n\nAnswer:""}]}]","{'vertex': {'agent': {'llm_response': '{""content"":{""parts"":[{""text"":""Here are some things you can try:\\n- Restart Microsoft Office.\\n- Check for updates.\\n- Disable add-ins.\\n- Check for corrupt files by opening a new, blank document.\\n- Check for conflicting programs.\\n- Reset Office configuration.\\n- Reinstall Microsoft Office.\\n""}],""role"":""model""},""usage_metadata"":{""candidates_token_count"":62,""candidates_tokens_details"":[{""modality"":""TEXT"",""token_count"":62}],""prompt_token_count"":1041,""prompt_tokens_details"":[{""modality"":""TEXT"",""token_count"":1041}],""total_token_count"":1103,""traffic_type"":""ON_DEMAND""}}', 'llm_request': '{""model"": ""gemini-2.0-flash"", ""config"": {""system_instruction"": ""You are a strict RAG agent. Use only the provided context. If the context does not contain the answer, reply that you don\'t know. Do not include any internal IDs or citations in your answer. Be concise.\\n\\nYou are an agent. Your internal name is \\""adk_rag_minimal_agent\\"".\\n\\n The description about you is \\""Minimal RAG over CSV corpus\\"""", ""temperature"": 0.0, ""labels"": {""adk_agent_name"": ""adk_rag_minimal_agent""}}, ""contents"": [{""parts"": [{""text"": ""Query: My Microsoft Word keeps freezing every time I try to open a document, I\'ve tried closing and reopening it but the issue persists, what can I do to fix it?\\n\\nContext:\\n Files**\\n\\nCorrupt files can cause issues with Microsoft Office applications. Try opening a new, blank document to see if the issue persists. If the issue does not occur with a new document, it\'s possible that the original file is corrupt.\\n\\n**Step 5: Check for Conflicting Programs**\\n\\nOther programs running on your computer can conflict with Microsoft Office applications. Try closing all other programs and background applications to see if the issue resolves.\\n\\n**Step 6: Check Office Configuration**\\n\\nOffice configuration issues can cause problems with Microsoft Office applications. Try resetting Office configuration by following these steps:\\n\\n* Open the **Command Prompt** as an administrator.\\n* Type the following command and press **Enter**: `officec2rclient.exe /uninstall`\\n* Wait for the command to complete, then restart your computer.\\n\\n**Step 7: Reinstall Microsoft Office**\\n\\nIf none of the above steps resolve the issue, try reinstalling Microsoft Office. Go to the **Control Panel**, select **Programs and Features**, and uninstall Microsoft Office. Then, reinstall Microsoft Office from the company\'s software portal or by contacting the IT department.\\n\\n**Additional Troubleshooting Tip\\n\\n**Troubleshooting Issues with Microsoft Office**\\n\\nThis article provides steps to troubleshoot common issues with Microsoft Office applications, including Word, Excel, PowerPoint, and Outlook.\\n\\n**Step 1: Restart Microsoft Office**\\n\\nBefore proceeding with troubleshooting, try restarting the Microsoft Office application that is experiencing issues. This simple step can often resolve problems caused by temporary glitches or corrupted files.\\n\\n**Step 2: Check for Updates**\\n\\nEnsure that Microsoft Office is up-to-date. Open any Microsoft Office application, go to **File** > **Account**, and click **Update Options**. If updates are available, install them and restart the application.\\n\\n**Step 3: Disable Add-ins**\\n\\nAdd-ins can sometimes cause issues with Microsoft Office applications. To disable add-ins, follow these steps:\\n\\n* Open the Microsoft Office application experiencing issues.\\n* Go to **File** > **Options** > **Add-ins**.\\n* Uncheck the boxes next to each add-in to disable them.\\n* Click **OK** to save changes.\\n\\n**Step 4: Check for Corrupt Files**\\n\\nCorrupt files can cause issues with Microsoft Office applications. Try opening a new, blank document to see if the issue persists. If the is\\n\\nsoft Office. Then, reinstall Microsoft Office from the company\'s software portal or by contacting the IT department.\\n\\n**Additional Troubleshooting Tips**\\n\\n* Check for antivirus software conflicts, as some antivirus programs can interfere with Microsoft Office applications.\\n* Ensure that your computer meets the system requirements for Microsoft Office.\\n* If using a Microsoft Office template, try creating a new document from scratch to see if the issue persists.\\n* If experiencing issues with a specific file, try opening the file on a different computer or in a different Microsoft Office application to isolate the problem.\\n\\nBy following these steps, you should be able to troubleshoot and resolve common issues with Microsoft Office applications. If the issue persists, contact the IT department for further assistance.\\n\\n**Resetting a Jammed Printer**\\n\\n**Step 1: Turn Off the Printer**\\n\\nImmediately turn off the printer to prevent any further damage or paper jams. Locate the power button, usually found on the top or front of the printer, and press it to shut down the device.\\n\\n**Step 2: Open the Printer**\\n\\nLocate the printer\'s access panel, which varies depending on the printer model. Common locations include the top, front, or back of the printer. Open the panel by pressing the release latch or sliding it open. This will give you access to the internal mechanisms.\\n\\n**Step 3: Identify and Remove Jammed Paper**\\n\\nCarefully inspect the printer\'s internal mechanisms to locate the jammed paper. Gently pull out any visible paper scraps or torn pieces. Be cautious not to touch any internal components or rollers, as oils from your skin can cause damage.\\n\\n**Step 4: Check for Obstructions**\\n\\nInspect the printer\'s paper path, including the paper tray, rollers, and print head, for any obstructions or debris. Remove any dust, dirt, or other blockages that may be contributing to the jam.\\n\\n**Step 5: Realign the Paper Tray**\\n\\nIf the paper tray was dislodged during the jam, realign it according to the manufacturer\'s i\\n\\nAnswer:""}], ""role"": ""user""}]}', 'session_id': 's-f8772241af27', 'invocation_id': 'e-a65c4703-111a-4ff7-84ef-71e1db377c78', 'event_id': 'vOxZr7zs'}}}","{""system_instruction"":""You are a strict RAG agent. Use only the provided context. If the context does not contain the answer, reply that you don't know. Do not include any internal IDs or citations in your answer. Be concise.\n\nYou are an agent. Your internal name is \""adk_rag_minimal_agent\"".\n\n The description about you is \""Minimal RAG over CSV corpus\"""",""temperature"":0.0,""labels"":{""adk_agent_name"":""adk_rag_minimal_agent""}}",1103.0,62.0,"{'system': 'gcp.vertex.agent', 'request': {'model': 'gemini-2.0-flash'}}","{""model"": ""gemini-2.0-flash"", ""config"": {""system_instruction"": ""You are a strict RAG agent. Use only the provided context. If the context does not contain the answer, reply that you don't know. Do not include any internal IDs or citations in your answer. Be concise.\n\nYou are an agent. Your internal name is \""adk_rag_minimal_agent\"".\n\n The description about you is \""Minimal RAG over CSV corpus\"""", ""temperature"": 0.0, ""labels"": {""adk_agent_name"": ""adk_rag_minimal_agent""}}, ""contents"": [{""parts"": [{""text"": ""Query: My Microsoft Word keeps freezing every time I try to open a document, I've tried closing and reopening it but the issue persists, what can I do to fix it?\n\nContext:\n Files**\n\nCorrupt files can cause issues with Microsoft Office applications. Try opening a new, blank document to see if the issue persists. If the issue does not occur with a new document, it's possible that the original file is corrupt.\n\n**Step 5: Check for Conflicting Programs**\n\nOther programs running on your computer can conflict with Microsoft Office applications. Try closing all other programs and background applications to see if the issue resolves.\n\n**Step 6: Check Office Configuration**\n\nOffice configuration issues can cause problems with Microsoft Office applications. Try resetting Office configuration by following these steps:\n\n* Open the **Command Prompt** as an administrator.\n* Type the following command and press **Enter**: `officec2rclient.exe /uninstall`\n* Wait for the command to complete, then restart your computer.\n\n**Step 7: Reinstall Microsoft Office**\n\nIf none of the above steps resolve the issue, try reinstalling Microsoft Office. Go to the **Control Panel**, select **Programs and Features**, and uninstall Microsoft Office. Then, reinstall Microsoft Office from the company's software portal or by contacting the IT department.\n\n**Additional Troubleshooting Tip\n\n**Troubleshooting Issues with Microsoft Office**\n\nThis article provides steps to troubleshoot common issues with Microsoft Office applications, including Word, Excel, PowerPoint, and Outlook.\n\n**Step 1: Restart Microsoft Office**\n\nBefore proceeding with troubleshooting, try restarting the Microsoft Office application that is experiencing issues. This simple step can often resolve problems caused by temporary glitches or corrupted files.\n\n**Step 2: Check for Updates**\n\nEnsure that Microsoft Office is up-to-date. Open any Microsoft Office application, go to **File** > **Account**, and click **Update Options**. If updates are available, install them and restart the application.\n\n**Step 3: Disable Add-ins**\n\nAdd-ins can sometimes cause issues with Microsoft Office applications. To disable add-ins, follow these steps:\n\n* Open the Microsoft Office application experiencing issues.\n* Go to **File** > **Options** > **Add-ins**.\n* Uncheck the boxes next to each add-in to disable them.\n* Click **OK** to save changes.\n\n**Step 4: Check for Corrupt Files**\n\nCorrupt files can cause issues with Microsoft Office applications. Try opening a new, blank document to see if the issue persists. If the is\n\nsoft Office. Then, reinstall Microsoft Office from the company's software portal or by contacting the IT department.\n\n**Additional Troubleshooting Tips**\n\n* Check for antivirus software conflicts, as some antivirus programs can interfere with Microsoft Office applications.\n* Ensure that your computer meets the system requirements for Microsoft Office.\n* If using a Microsoft Office template, try creating a new document from scratch to see if the issue persists.\n* If experiencing issues with a specific file, try opening the file on a different computer or in a different Microsoft Office application to isolate the problem.\n\nBy following these steps, you should be able to troubleshoot and resolve common issues with Microsoft Office applications. If the issue persists, contact the IT department for further assistance.\n\n**Resetting a Jammed Printer**\n\n**Step 1: Turn Off the Printer**\n\nImmediately turn off the printer to prevent any further damage or paper jams. Locate the power button, usually found on the top or front of the printer, and press it to shut down the device.\n\n**Step 2: Open the Printer**\n\nLocate the printer's access panel, which varies depending on the printer model. Common locations include the top, front, or back of the printer. Open the panel by pressing the release latch or sliding it open. This will give you access to the internal mechanisms.\n\n**Step 3: Identify and Remove Jammed Paper**\n\nCarefully inspect the printer's internal mechanisms to locate the jammed paper. Gently pull out any visible paper scraps or torn pieces. Be cautious not to touch any internal components or rollers, as oils from your skin can cause damage.\n\n**Step 4: Check for Obstructions**\n\nInspect the printer's paper path, including the paper tray, rollers, and print head, for any obstructions or debris. Remove any dust, dirt, or other blockages that may be contributing to the jam.\n\n**Step 5: Realign the Paper Tray**\n\nIf the paper tray was dislodged during the jam, realign it according to the manufacturer's i\n\nAnswer:""}], ""role"": ""user""}]}",1041.0,"{""content"":{""parts"":[{""text"":""Here are some things you can try:\n- Restart Microsoft Office.\n- Check for updates.\n- Disable add-ins.\n- Check for corrupt files by opening a new, blank document.\n- Check for conflicting programs.\n- Reset Office configuration.\n- Reinstall Microsoft Office.\n""}],""role"":""model""},""usage_metadata"":{""candidates_token_count"":62,""candidates_tokens_details"":[{""modality"":""TEXT"",""token_count"":62}],""prompt_token_count"":1041,""prompt_tokens_details"":[{""modality"":""TEXT"",""token_count"":1041}],""total_token_count"":1103,""traffic_type"":""ON_DEMAND""}}","{'query': ""My Microsoft Word keeps freezing every time I try to open a document, I've tried closing and reopening it but the issue persists, what can I do to fix it?"", 'context': "" Files**\n\nCorrupt files can cause issues with Microsoft Office applications. Try opening a new, blank document to see if the issue persists. If the issue does not occur with a new document, it's possible that the original file is corrupt.\n\n**Step 5: Check for Conflicting Programs**\n\nOther programs running on your computer can conflict with Microsoft Office applications. Try closing all other programs and background applications to see if the issue resolves.\n\n**Step 6: Check Office Configuration**\n\nOffice configuration issues can cause problems with Microsoft Office applications. Try resetting Office configuration by following these steps:\n\n* Open the **Command Prompt** as an administrator.\n* Type the following command and press **Enter**: `officec2rclient.exe /uninstall`\n* Wait for the command to complete, then restart your computer.\n\n**Step 7: Reinstall Microsoft Office**\n\nIf none of the above steps resolve the issue, try reinstalling Microsoft Office. Go to the **Control Panel**, select **Programs and Features**, and uninstall Microsoft Office. Then, reinstall Microsoft Office from the company's software portal or by contacting the IT department.\n\n**Additional Troubleshooting Tip\n\n**Troubleshooting Issues with Microsoft Office**\n\nThis article provides steps to troubleshoot common issues with Microsoft Office applications, including Word, Excel, PowerPoint, and Outlook.\n\n**Step 1: Restart Microsoft Office**\n\nBefore proceeding with troubleshooting, try restarting the Microsoft Office application that is experiencing issues. This simple step can often resolve problems caused by temporary glitches or corrupted files.\n\n**Step 2: Check for Updates**\n\nEnsure that Microsoft Office is up-to-date. Open any Microsoft Office application, go to **File** > **Account**, and click **Update Options**. If updates are available, install them and restart the application.\n\n**Step 3: Disable Add-ins**\n\nAdd-ins can sometimes cause issues with Microsoft Office applications. To disable add-ins, follow these steps:\n\n* Open the Microsoft Office application experiencing issues.\n* Go to **File** > **Options** > **Add-ins**.\n* Uncheck the boxes next to each add-in to disable them.\n* Click **OK** to save changes.\n\n**Step 4: Check for Corrupt Files**\n\nCorrupt files can cause issues with Microsoft Office applications. Try opening a new, blank document to see if the issue persists. If the is\n\nsoft Office. Then, reinstall Microsoft Office from the company's software portal or by contacting the IT department.\n\n**Additional Troubleshooting Tips**\n\n* Check for antivirus software conflicts, as some antivirus programs can interfere with Microsoft Office applications.\n* Ensure that your computer meets the system requirements for Microsoft Office.\n* If using a Microsoft Office template, try creating a new document from scratch to see if the issue persists.\n* If experiencing issues with a specific file, try opening the file on a different computer or in a different Microsoft Office application to isolate the problem.\n\nBy following these steps, you should be able to troubleshoot and resolve common issues with Microsoft Office applications. If the issue persists, contact the IT department for further assistance.\n\n**Resetting a Jammed Printer**\n\n**Step 1: Turn Off the Printer**\n\nImmediately turn off the printer to prevent any further damage or paper jams. Locate the power button, usually found on the top or front of the printer, and press it to shut down the device.\n\n**Step 2: Open the Printer**\n\nLocate the printer's access panel, which varies depending on the printer model. Common locations include the top, front, or back of the printer. Open the panel by pressing the release latch or sliding it open. This will give you access to the internal mechanisms.\n\n**Step 3: Identify and Remove Jammed Paper**\n\nCarefully inspect the printer's internal mechanisms to locate the jammed paper. Gently pull out any visible paper scraps or torn pieces. Be cautious not to touch any internal components or rollers, as oils from your skin can cause damage.\n\n**Step 4: Check for Obstructions**\n\nInspect the printer's paper path, including the paper tray, rollers, and print head, for any obstructions or debris. Remove any dust, dirt, or other blockages that may be contributing to the jam.\n\n**Step 5: Realign the Paper Tray**\n\nIf the paper tray was dislodged during the jam, realign it according to the manufacturer's i"", 'row_id_for_gt': 3, 'retrieval_chunk_ids': ['row::3__chunk::1', 'row::3__chunk::0', 'row::3__chunk::2', 'row::8__chunk::0'], 'retrieval_row_ids': [3, 3, 3, 8], 'retrieval_scores': [22.41808352, 19.6122071331, 18.0742497528, 16.9524251399], 'top_k': 4}",google,gemini-2.0-flash,s-f8772241af27,"[{'message.role': 'model', 'message.contents': [{'message_content.type': 'text', 'message_content.text': 'Here are some things you can try:\n- Restart Microsoft Office.\n- Check for updates.\n- Disable add-ins.\n- Check for corrupt files by opening a new, blank document.\n- Check for conflicting programs.\n- Reset Office configuration.\n- Reinstall Microsoft Office.\n'}]}]",v1,"Query: {query}

Context:
{context}

Answer:"
agent_run [adk_rag_minimal_agent],AGENT,b1d8d2f686bc2921,2025-08-17 20:09:31.294737+00:00,2025-08-17 20:09:32.762830+00:00,OK,,[],5e4424154451bacd,634d005309126ff54ad147d87072b3ad,u,,AGENT,application/json,,,,,,,,,"{""content"":{""parts"":[{""text"":""Here are some things you can try:\n- Restart Microsoft Office.\n- Check for updates.\n- Disable add-ins.\n- Check for corrupt files by opening a new, blank document.\n- Check for conflicting programs.\n- Reset Office configuration.\n- Reinstall Microsoft Office.\n""}],""role"":""model""},""usage_metadata"":{""candidates_token_count"":62,""candidates_tokens_details"":[{""modality"":""TEXT"",""token_count"":62}],""prompt_token_count"":1041,""prompt_tokens_details"":[{""modality"":""TEXT"",""token_count"":1041}],""total_token_count"":1103,""traffic_type"":""ON_DEMAND""},""invocation_id"":""e-a65c4703-111a-4ff7-84ef-71e1db377c78"",""author"":""adk_rag_minimal_agent"",""actions"":{""state_delta"":{},""artifact_delta"":{},""requested_auth_configs"":{}},""id"":""vOxZr7zs"",""timestamp"":1755461371.295206}","{'query': ""My Microsoft Word keeps freezing every time I try to open a document, I've tried closing and reopening it but the issue persists, what can I do to fix it?"", 'context': "" Files**\n\nCorrupt files can cause issues with Microsoft Office applications. Try opening a new, blank document to see if the issue persists. If the issue does not occur with a new document, it's possible that the original file is corrupt.\n\n**Step 5: Check for Conflicting Programs**\n\nOther programs running on your computer can conflict with Microsoft Office applications. Try closing all other programs and background applications to see if the issue resolves.\n\n**Step 6: Check Office Configuration**\n\nOffice configuration issues can cause problems with Microsoft Office applications. Try resetting Office configuration by following these steps:\n\n* Open the **Command Prompt** as an administrator.\n* Type the following command and press **Enter**: `officec2rclient.exe /uninstall`\n* Wait for the command to complete, then restart your computer.\n\n**Step 7: Reinstall Microsoft Office**\n\nIf none of the above steps resolve the issue, try reinstalling Microsoft Office. Go to the **Control Panel**, select **Programs and Features**, and uninstall Microsoft Office. Then, reinstall Microsoft Office from the company's software portal or by contacting the IT department.\n\n**Additional Troubleshooting Tip\n\n**Troubleshooting Issues with Microsoft Office**\n\nThis article provides steps to troubleshoot common issues with Microsoft Office applications, including Word, Excel, PowerPoint, and Outlook.\n\n**Step 1: Restart Microsoft Office**\n\nBefore proceeding with troubleshooting, try restarting the Microsoft Office application that is experiencing issues. This simple step can often resolve problems caused by temporary glitches or corrupted files.\n\n**Step 2: Check for Updates**\n\nEnsure that Microsoft Office is up-to-date. Open any Microsoft Office application, go to **File** > **Account**, and click **Update Options**. If updates are available, install them and restart the application.\n\n**Step 3: Disable Add-ins**\n\nAdd-ins can sometimes cause issues with Microsoft Office applications. To disable add-ins, follow these steps:\n\n* Open the Microsoft Office application experiencing issues.\n* Go to **File** > **Options** > **Add-ins**.\n* Uncheck the boxes next to each add-in to disable them.\n* Click **OK** to save changes.\n\n**Step 4: Check for Corrupt Files**\n\nCorrupt files can cause issues with Microsoft Office applications. Try opening a new, blank document to see if the issue persists. If the is\n\nsoft Office. Then, reinstall Microsoft Office from the company's software portal or by contacting the IT department.\n\n**Additional Troubleshooting Tips**\n\n* Check for antivirus software conflicts, as some antivirus programs can interfere with Microsoft Office applications.\n* Ensure that your computer meets the system requirements for Microsoft Office.\n* If using a Microsoft Office template, try creating a new document from scratch to see if the issue persists.\n* If experiencing issues with a specific file, try opening the file on a different computer or in a different Microsoft Office application to isolate the problem.\n\nBy following these steps, you should be able to troubleshoot and resolve common issues with Microsoft Office applications. If the issue persists, contact the IT department for further assistance.\n\n**Resetting a Jammed Printer**\n\n**Step 1: Turn Off the Printer**\n\nImmediately turn off the printer to prevent any further damage or paper jams. Locate the power button, usually found on the top or front of the printer, and press it to shut down the device.\n\n**Step 2: Open the Printer**\n\nLocate the printer's access panel, which varies depending on the printer model. Common locations include the top, front, or back of the printer. Open the panel by pressing the release latch or sliding it open. This will give you access to the internal mechanisms.\n\n**Step 3: Identify and Remove Jammed Paper**\n\nCarefully inspect the printer's internal mechanisms to locate the jammed paper. Gently pull out any visible paper scraps or torn pieces. Be cautious not to touch any internal components or rollers, as oils from your skin can cause damage.\n\n**Step 4: Check for Obstructions**\n\nInspect the printer's paper path, including the paper tray, rollers, and print head, for any obstructions or debris. Remove any dust, dirt, or other blockages that may be contributing to the jam.\n\n**Step 5: Realign the Paper Tray**\n\nIf the paper tray was dislodged during the jam, realign it according to the manufacturer's i"", 'row_id_for_gt': 3, 'retrieval_chunk_ids': ['row::3__chunk::1', 'row::3__chunk::0', 'row::3__chunk::2', 'row::8__chunk::0'], 'retrieval_row_ids': [3, 3, 3, 8], 'retrieval_scores': [22.41808352, 19.6122071331, 18.0742497528, 16.9524251399], 'top_k': 4}",,,s-f8772241af27,,v1,"Query: {query}

Context:
{context}

Answer:"
invocation [adk_rag_minimal],CHAIN,,2025-08-17 20:09:31.294243+00:00,2025-08-17 20:09:32.763788+00:00,OK,,[],b1d8d2f686bc2921,634d005309126ff54ad147d87072b3ad,u,application/json,CHAIN,application/json,,,,,,,"{""user_id"": ""u"", ""session_id"": ""s-f8772241af27"", ""new_message"": {""parts"": [{""text"": ""Query: My Microsoft Word keeps freezing every time I try to open a document, I've tried closing and reopening it but the issue persists, what can I do to fix it?\n\nContext:\n Files**\n\nCorrupt files can cause issues with Microsoft Office applications. Try opening a new, blank document to see if the issue persists. If the issue does not occur with a new document, it's possible that the original file is corrupt.\n\n**Step 5: Check for Conflicting Programs**\n\nOther programs running on your computer can conflict with Microsoft Office applications. Try closing all other programs and background applications to see if the issue resolves.\n\n**Step 6: Check Office Configuration**\n\nOffice configuration issues can cause problems with Microsoft Office applications. Try resetting Office configuration by following these steps:\n\n* Open the **Command Prompt** as an administrator.\n* Type the following command and press **Enter**: `officec2rclient.exe /uninstall`\n* Wait for the command to complete, then restart your computer.\n\n**Step 7: Reinstall Microsoft Office**\n\nIf none of the above steps resolve the issue, try reinstalling Microsoft Office. Go to the **Control Panel**, select **Programs and Features**, and uninstall Microsoft Office. Then, reinstall Microsoft Office from the company's software portal or by contacting the IT department.\n\n**Additional Troubleshooting Tip\n\n**Troubleshooting Issues with Microsoft Office**\n\nThis article provides steps to troubleshoot common issues with Microsoft Office applications, including Word, Excel, PowerPoint, and Outlook.\n\n**Step 1: Restart Microsoft Office**\n\nBefore proceeding with troubleshooting, try restarting the Microsoft Office application that is experiencing issues. This simple step can often resolve problems caused by temporary glitches or corrupted files.\n\n**Step 2: Check for Updates**\n\nEnsure that Microsoft Office is up-to-date. Open any Microsoft Office application, go to **File** > **Account**, and click **Update Options**. If updates are available, install them and restart the application.\n\n**Step 3: Disable Add-ins**\n\nAdd-ins can sometimes cause issues with Microsoft Office applications. To disable add-ins, follow these steps:\n\n* Open the Microsoft Office application experiencing issues.\n* Go to **File** > **Options** > **Add-ins**.\n* Uncheck the boxes next to each add-in to disable them.\n* Click **OK** to save changes.\n\n**Step 4: Check for Corrupt Files**\n\nCorrupt files can cause issues with Microsoft Office applications. Try opening a new, blank document to see if the issue persists. If the is\n\nsoft Office. Then, reinstall Microsoft Office from the company's software portal or by contacting the IT department.\n\n**Additional Troubleshooting Tips**\n\n* Check for antivirus software conflicts, as some antivirus programs can interfere with Microsoft Office applications.\n* Ensure that your computer meets the system requirements for Microsoft Office.\n* If using a Microsoft Office template, try creating a new document from scratch to see if the issue persists.\n* If experiencing issues with a specific file, try opening the file on a different computer or in a different Microsoft Office application to isolate the problem.\n\nBy following these steps, you should be able to troubleshoot and resolve common issues with Microsoft Office applications. If the issue persists, contact the IT department for further assistance.\n\n**Resetting a Jammed Printer**\n\n**Step 1: Turn Off the Printer**\n\nImmediately turn off the printer to prevent any further damage or paper jams. Locate the power button, usually found on the top or front of the printer, and press it to shut down the device.\n\n**Step 2: Open the Printer**\n\nLocate the printer's access panel, which varies depending on the printer model. Common locations include the top, front, or back of the printer. Open the panel by pressing the release latch or sliding it open. This will give you access to the internal mechanisms.\n\n**Step 3: Identify and Remove Jammed Paper**\n\nCarefully inspect the printer's internal mechanisms to locate the jammed paper. Gently pull out any visible paper scraps or torn pieces. Be cautious not to touch any internal components or rollers, as oils from your skin can cause damage.\n\n**Step 4: Check for Obstructions**\n\nInspect the printer's paper path, including the paper tray, rollers, and print head, for any obstructions or debris. Remove any dust, dirt, or other blockages that may be contributing to the jam.\n\n**Step 5: Realign the Paper Tray**\n\nIf the paper tray was dislodged during the jam, realign it according to the manufacturer's i\n\nAnswer:""}], ""role"": ""user""}, ""run_config"": {""save_input_blobs_as_artifacts"": false, ""support_cfc"": false, ""streaming_mode"": ""StreamingMode.NONE"", ""max_llm_calls"": 500}}",,"{""content"":{""parts"":[{""text"":""Here are some things you can try:\n- Restart Microsoft Office.\n- Check for updates.\n- Disable add-ins.\n- Check for corrupt files by opening a new, blank document.\n- Check for conflicting programs.\n- Reset Office configuration.\n- Reinstall Microsoft Office.\n""}],""role"":""model""},""usage_metadata"":{""candidates_token_count"":62,""candidates_tokens_details"":[{""modality"":""TEXT"",""token_count"":62}],""prompt_token_count"":1041,""prompt_tokens_details"":[{""modality"":""TEXT"",""token_count"":1041}],""total_token_count"":1103,""traffic_type"":""ON_DEMAND""},""invocation_id"":""e-a65c4703-111a-4ff7-84ef-71e1db377c78"",""author"":""adk_rag_minimal_agent"",""actions"":{""state_delta"":{},""artifact_delta"":{},""requested_auth_configs"":{}},""id"":""vOxZr7zs"",""timestamp"":1755461371.295206}","{'query': ""My Microsoft Word keeps freezing every time I try to open a document, I've tried closing and reopening it but the issue persists, what can I do to fix it?"", 'context': "" Files**\n\nCorrupt files can cause issues with Microsoft Office applications. Try opening a new, blank document to see if the issue persists. If the issue does not occur with a new document, it's possible that the original file is corrupt.\n\n**Step 5: Check for Conflicting Programs**\n\nOther programs running on your computer can conflict with Microsoft Office applications. Try closing all other programs and background applications to see if the issue resolves.\n\n**Step 6: Check Office Configuration**\n\nOffice configuration issues can cause problems with Microsoft Office applications. Try resetting Office configuration by following these steps:\n\n* Open the **Command Prompt** as an administrator.\n* Type the following command and press **Enter**: `officec2rclient.exe /uninstall`\n* Wait for the command to complete, then restart your computer.\n\n**Step 7: Reinstall Microsoft Office**\n\nIf none of the above steps resolve the issue, try reinstalling Microsoft Office. Go to the **Control Panel**, select **Programs and Features**, and uninstall Microsoft Office. Then, reinstall Microsoft Office from the company's software portal or by contacting the IT department.\n\n**Additional Troubleshooting Tip\n\n**Troubleshooting Issues with Microsoft Office**\n\nThis article provides steps to troubleshoot common issues with Microsoft Office applications, including Word, Excel, PowerPoint, and Outlook.\n\n**Step 1: Restart Microsoft Office**\n\nBefore proceeding with troubleshooting, try restarting the Microsoft Office application that is experiencing issues. This simple step can often resolve problems caused by temporary glitches or corrupted files.\n\n**Step 2: Check for Updates**\n\nEnsure that Microsoft Office is up-to-date. Open any Microsoft Office application, go to **File** > **Account**, and click **Update Options**. If updates are available, install them and restart the application.\n\n**Step 3: Disable Add-ins**\n\nAdd-ins can sometimes cause issues with Microsoft Office applications. To disable add-ins, follow these steps:\n\n* Open the Microsoft Office application experiencing issues.\n* Go to **File** > **Options** > **Add-ins**.\n* Uncheck the boxes next to each add-in to disable them.\n* Click **OK** to save changes.\n\n**Step 4: Check for Corrupt Files**\n\nCorrupt files can cause issues with Microsoft Office applications. Try opening a new, blank document to see if the issue persists. If the is\n\nsoft Office. Then, reinstall Microsoft Office from the company's software portal or by contacting the IT department.\n\n**Additional Troubleshooting Tips**\n\n* Check for antivirus software conflicts, as some antivirus programs can interfere with Microsoft Office applications.\n* Ensure that your computer meets the system requirements for Microsoft Office.\n* If using a Microsoft Office template, try creating a new document from scratch to see if the issue persists.\n* If experiencing issues with a specific file, try opening the file on a different computer or in a different Microsoft Office application to isolate the problem.\n\nBy following these steps, you should be able to troubleshoot and resolve common issues with Microsoft Office applications. If the issue persists, contact the IT department for further assistance.\n\n**Resetting a Jammed Printer**\n\n**Step 1: Turn Off the Printer**\n\nImmediately turn off the printer to prevent any further damage or paper jams. Locate the power button, usually found on the top or front of the printer, and press it to shut down the device.\n\n**Step 2: Open the Printer**\n\nLocate the printer's access panel, which varies depending on the printer model. Common locations include the top, front, or back of the printer. Open the panel by pressing the release latch or sliding it open. This will give you access to the internal mechanisms.\n\n**Step 3: Identify and Remove Jammed Paper**\n\nCarefully inspect the printer's internal mechanisms to locate the jammed paper. Gently pull out any visible paper scraps or torn pieces. Be cautious not to touch any internal components or rollers, as oils from your skin can cause damage.\n\n**Step 4: Check for Obstructions**\n\nInspect the printer's paper path, including the paper tray, rollers, and print head, for any obstructions or debris. Remove any dust, dirt, or other blockages that may be contributing to the jam.\n\n**Step 5: Realign the Paper Tray**\n\nIf the paper tray was dislodged during the jam, realign it according to the manufacturer's i"", 'row_id_for_gt': 3, 'retrieval_chunk_ids': ['row::3__chunk::1', 'row::3__chunk::0', 'row::3__chunk::2', 'row::8__chunk::0'], 'retrieval_row_ids': [3, 3, 3, 8], 'retrieval_scores': [22.41808352, 19.6122071331, 18.0742497528, 16.9524251399], 'top_k': 4}",,,s-f8772241af27,,v1,"Query: {query}

Context:
{context}

Answer:"
call_llm,LLM,c3095d5db73eaa07,2025-08-17 20:09:32.766889+00:00,2025-08-17 20:09:34.674594+00:00,OK,,[],e4d0a53bcd652a35,d7a3f8d061182eb7134ee70772f855e6,u,application/json,LLM,application/json,"[{'message.role': 'system', 'message.content': 'You are a strict RAG agent. Use only the provided context. If the context does not contain the answer, reply that you don\'t know. Do not include any internal IDs or citations in your answer. Be concise.\n\nYou are an agent. Your internal name is ""adk_rag_minimal_agent"".\n\n The description about you is ""Minimal RAG over CSV corpus""'}, {'message.role': 'user', 'message.contents': [{'message_content.type': 'text', 'message_content.text': 'Query: How do I set up a conference call on Cisco Webex with both video and audio for a meeting with multiple participants?\n\nContext:\nTo set up a conference call on Cisco Webex, follow these steps:\n\n**Step 1: Log in to Cisco Webex**\n\nOpen a web browser and navigate to [company Webex URL]. Enter your company login credentials to access the Webex portal.\n\n**Step 2: Schedule a Meeting**\n\nClick on the ""Meetings"" tab and select ""Schedule a Meeting"" from the drop-down menu. Fill in the required information, including:\n\n* Meeting topic\n* Start and end time\n* Duration\n* Invitees (add email addresses or names from the company directory)\n\n**Step 3: Configure Audio Settings**\n\nIn the ""Audio"" section, select ""Cisco Webex Audio"" as the default audio type. You can also choose to allow participants to join via phone or VoIP.\n\n**Step 4: Set Up Video Settings (Optional)**\n\nIf you want to enable video conferencing, click on the ""Video"" tab and select ""Cisco Webex Video"" as the default video type. You can also choose to allow participants to join via video.\n\n**Step 5: Add Agenda and Notes (Optional)**\n\nYou can add an agenda and notes to the meeting invitation by clicking on the ""Agenda"" tab. This information will be visible to all invitees.\n\n**Step 6: Send Invitations**\n\nClick ""Schedule"" to send the meeting invitation to all invite\n\nssues during the meeting, try restarting your audio or video settings or contacting the IT helpdesk for assistance.\n\nBy following these steps, you can successfully set up and host a conference call on Cisco Webex. If you have any further questions or issues, please contact the IT helpdesk for assistance.\n\na"" tab. This information will be visible to all invitees.\n\n**Step 6: Send Invitations**\n\nClick ""Schedule"" to send the meeting invitation to all invitees. The invitation will include a link to join the meeting, as well as dial-in information for audio-only participants.\n\n**Step 7: Start the Meeting**\n\nAt the scheduled start time, click on the ""Start"" button to begin the conference call. As the host, you will be prompted to enter your audio and video settings before joining the meeting.\n\n**Tips and Best Practices**\n\n* Make sure to test your audio and video settings before the meeting to ensure a smooth experience.\n* Encourage invitees to join the meeting 5-10 minutes early to troubleshoot any technical issues.\n* Use the ""Mute"" feature to minimize background noise and ensure clear audio.\n* Use the ""Share"" feature to share your screen or presentations with participants.\n\n**Troubleshooting**\n\n* If you encounter issues joining the meeting, try restarting your browser or checking your internet connection.\n* If you experience audio or video issues during the meeting, try restarting your audio or video settings or contacting the IT helpdesk for assistance.\n\nBy following these steps, you can\n\n(SSID). Enable WPA2-PSK or WPA3-PSK encryption and set the password created in Step 3. Save your changes.\n\n**Step 5: Set Up a Guest Network (Optional)**\n\nIf you need to provide wireless access to guests or visitors, set up a separate guest network. This will isolate your main network from potential security risks. Configure the guest network with a different SSID and password.\n\n**Step 6: Configure Firewall Settings**\n\nEnable the firewall on your router and configure it to block incoming and outgoing traffic on unnecessary ports. Restrict access to your network by only allowing necessary incoming traffic.\n\n**Step 7: Set Up Quality of Service (QoS)**\n\nConfigure QoS settings on your router to prioritize critical network traffic, such as video conferencing or VoIP calls. This ensures that critical applications receive sufficient bandwidth.\n\n**Step 8: Implement Network Segmentation**\n\nSegment your network into different zones or subnets to restrict access to sensitive areas of your network. This limits the spread of malware or unauthorized access in case of a breach.\n\n**Step 9: Regularly Update Your Router\'s Firmware**\n\nRegularly check for and install firmware updates for your router to\n\nAnswer:'}]}]","{'vertex': {'agent': {'llm_response': '{""content"":{""parts"":[{""text"":""1.  Log in to Cisco Webex.\\n2.  Schedule a meeting, including the topic, start/end time, duration and invitees.\\n3.  In the \\""Audio\\"" section, select \\""Cisco Webex Audio\\"" as the default audio type.\\n4.  To enable video conferencing, click on the \\""Video\\"" tab and select \\""Cisco Webex Video\\"" as the default video type.\\n5.  Add an agenda and notes to the meeting invitation by clicking on the \\""Agenda\\"" tab.\\n6.  Click \\""Schedule\\"" to send the meeting invitation to all invitees.\\n7.  At the scheduled start time, click on the \\""Start\\"" button to begin the conference call.""}],""role"":""model""},""usage_metadata"":{""candidates_token_count"":149,""candidates_tokens_details"":[{""modality"":""TEXT"",""token_count"":149}],""prompt_token_count"":966,""prompt_tokens_details"":[{""modality"":""TEXT"",""token_count"":966}],""total_token_count"":1115,""traffic_type"":""ON_DEMAND""}}', 'llm_request': '{""model"": ""gemini-2.0-flash"", ""config"": {""system_instruction"": ""You are a strict RAG agent. Use only the provided context. If the context does not contain the answer, reply that you don\'t know. Do not include any internal IDs or citations in your answer. Be concise.\\n\\nYou are an agent. Your internal name is \\""adk_rag_minimal_agent\\"".\\n\\n The description about you is \\""Minimal RAG over CSV corpus\\"""", ""temperature"": 0.0, ""labels"": {""adk_agent_name"": ""adk_rag_minimal_agent""}}, ""contents"": [{""parts"": [{""text"": ""Query: How do I set up a conference call on Cisco Webex with both video and audio for a meeting with multiple participants?\\n\\nContext:\\nTo set up a conference call on Cisco Webex, follow these steps:\\n\\n**Step 1: Log in to Cisco Webex**\\n\\nOpen a web browser and navigate to [company Webex URL]. Enter your company login credentials to access the Webex portal.\\n\\n**Step 2: Schedule a Meeting**\\n\\nClick on the \\""Meetings\\"" tab and select \\""Schedule a Meeting\\"" from the drop-down menu. Fill in the required information, including:\\n\\n* Meeting topic\\n* Start and end time\\n* Duration\\n* Invitees (add email addresses or names from the company directory)\\n\\n**Step 3: Configure Audio Settings**\\n\\nIn the \\""Audio\\"" section, select \\""Cisco Webex Audio\\"" as the default audio type. You can also choose to allow participants to join via phone or VoIP.\\n\\n**Step 4: Set Up Video Settings (Optional)**\\n\\nIf you want to enable video conferencing, click on the \\""Video\\"" tab and select \\""Cisco Webex Video\\"" as the default video type. You can also choose to allow participants to join via video.\\n\\n**Step 5: Add Agenda and Notes (Optional)**\\n\\nYou can add an agenda and notes to the meeting invitation by clicking on the \\""Agenda\\"" tab. This information will be visible to all invitees.\\n\\n**Step 6: Send Invitations**\\n\\nClick \\""Schedule\\"" to send the meeting invitation to all invite\\n\\nssues during the meeting, try restarting your audio or video settings or contacting the IT helpdesk for assistance.\\n\\nBy following these steps, you can successfully set up and host a conference call on Cisco Webex. If you have any further questions or issues, please contact the IT helpdesk for assistance.\\n\\na\\"" tab. This information will be visible to all invitees.\\n\\n**Step 6: Send Invitations**\\n\\nClick \\""Schedule\\"" to send the meeting invitation to all invitees. The invitation will include a link to join the meeting, as well as dial-in information for audio-only participants.\\n\\n**Step 7: Start the Meeting**\\n\\nAt the scheduled start time, click on the \\""Start\\"" button to begin the conference call. As the host, you will be prompted to enter your audio and video settings before joining the meeting.\\n\\n**Tips and Best Practices**\\n\\n* Make sure to test your audio and video settings before the meeting to ensure a smooth experience.\\n* Encourage invitees to join the meeting 5-10 minutes early to troubleshoot any technical issues.\\n* Use the \\""Mute\\"" feature to minimize background noise and ensure clear audio.\\n* Use the \\""Share\\"" feature to share your screen or presentations with participants.\\n\\n**Troubleshooting**\\n\\n* If you encounter issues joining the meeting, try restarting your browser or checking your internet connection.\\n* If you experience audio or video issues during the meeting, try restarting your audio or video settings or contacting the IT helpdesk for assistance.\\n\\nBy following these steps, you can\\n\\n(SSID). Enable WPA2-PSK or WPA3-PSK encryption and set the password created in Step 3. Save your changes.\\n\\n**Step 5: Set Up a Guest Network (Optional)**\\n\\nIf you need to provide wireless access to guests or visitors, set up a separate guest network. This will isolate your main network from potential security risks. Configure the guest network with a different SSID and password.\\n\\n**Step 6: Configure Firewall Settings**\\n\\nEnable the firewall on your router and configure it to block incoming and outgoing traffic on unnecessary ports. Restrict access to your network by only allowing necessary incoming traffic.\\n\\n**Step 7: Set Up Quality of Service (QoS)**\\n\\nConfigure QoS settings on your router to prioritize critical network traffic, such as video conferencing or VoIP calls. This ensures that critical applications receive sufficient bandwidth.\\n\\n**Step 8: Implement Network Segmentation**\\n\\nSegment your network into different zones or subnets to restrict access to sensitive areas of your network. This limits the spread of malware or unauthorized access in case of a breach.\\n\\n**Step 9: Regularly Update Your Router\'s Firmware**\\n\\nRegularly check for and install firmware updates for your router to\\n\\nAnswer:""}], ""role"": ""user""}]}', 'session_id': 's-57d778b48f0c', 'invocation_id': 'e-c34e1180-3615-423c-b67d-fccc205ffa40', 'event_id': 'r6dicZS6'}}}","{""system_instruction"":""You are a strict RAG agent. Use only the provided context. If the context does not contain the answer, reply that you don't know. Do not include any internal IDs or citations in your answer. Be concise.\n\nYou are an agent. Your internal name is \""adk_rag_minimal_agent\"".\n\n The description about you is \""Minimal RAG over CSV corpus\"""",""temperature"":0.0,""labels"":{""adk_agent_name"":""adk_rag_minimal_agent""}}",1115.0,149.0,"{'system': 'gcp.vertex.agent', 'request': {'model': 'gemini-2.0-flash'}}","{""model"": ""gemini-2.0-flash"", ""config"": {""system_instruction"": ""You are a strict RAG agent. Use only the provided context. If the context does not contain the answer, reply that you don't know. Do not include any internal IDs or citations in your answer. Be concise.\n\nYou are an agent. Your internal name is \""adk_rag_minimal_agent\"".\n\n The description about you is \""Minimal RAG over CSV corpus\"""", ""temperature"": 0.0, ""labels"": {""adk_agent_name"": ""adk_rag_minimal_agent""}}, ""contents"": [{""parts"": [{""text"": ""Query: How do I set up a conference call on Cisco Webex with both video and audio for a meeting with multiple participants?\n\nContext:\nTo set up a conference call on Cisco Webex, follow these steps:\n\n**Step 1: Log in to Cisco Webex**\n\nOpen a web browser and navigate to [company Webex URL]. Enter your company login credentials to access the Webex portal.\n\n**Step 2: Schedule a Meeting**\n\nClick on the \""Meetings\"" tab and select \""Schedule a Meeting\"" from the drop-down menu. Fill in the required information, including:\n\n* Meeting topic\n* Start and end time\n* Duration\n* Invitees (add email addresses or names from the company directory)\n\n**Step 3: Configure Audio Settings**\n\nIn the \""Audio\"" section, select \""Cisco Webex Audio\"" as the default audio type. You can also choose to allow participants to join via phone or VoIP.\n\n**Step 4: Set Up Video Settings (Optional)**\n\nIf you want to enable video conferencing, click on the \""Video\"" tab and select \""Cisco Webex Video\"" as the default video type. You can also choose to allow participants to join via video.\n\n**Step 5: Add Agenda and Notes (Optional)**\n\nYou can add an agenda and notes to the meeting invitation by clicking on the \""Agenda\"" tab. This information will be visible to all invitees.\n\n**Step 6: Send Invitations**\n\nClick \""Schedule\"" to send the meeting invitation to all invite\n\nssues during the meeting, try restarting your audio or video settings or contacting the IT helpdesk for assistance.\n\nBy following these steps, you can successfully set up and host a conference call on Cisco Webex. If you have any further questions or issues, please contact the IT helpdesk for assistance.\n\na\"" tab. This information will be visible to all invitees.\n\n**Step 6: Send Invitations**\n\nClick \""Schedule\"" to send the meeting invitation to all invitees. The invitation will include a link to join the meeting, as well as dial-in information for audio-only participants.\n\n**Step 7: Start the Meeting**\n\nAt the scheduled start time, click on the \""Start\"" button to begin the conference call. As the host, you will be prompted to enter your audio and video settings before joining the meeting.\n\n**Tips and Best Practices**\n\n* Make sure to test your audio and video settings before the meeting to ensure a smooth experience.\n* Encourage invitees to join the meeting 5-10 minutes early to troubleshoot any technical issues.\n* Use the \""Mute\"" feature to minimize background noise and ensure clear audio.\n* Use the \""Share\"" feature to share your screen or presentations with participants.\n\n**Troubleshooting**\n\n* If you encounter issues joining the meeting, try restarting your browser or checking your internet connection.\n* If you experience audio or video issues during the meeting, try restarting your audio or video settings or contacting the IT helpdesk for assistance.\n\nBy following these steps, you can\n\n(SSID). Enable WPA2-PSK or WPA3-PSK encryption and set the password created in Step 3. Save your changes.\n\n**Step 5: Set Up a Guest Network (Optional)**\n\nIf you need to provide wireless access to guests or visitors, set up a separate guest network. This will isolate your main network from potential security risks. Configure the guest network with a different SSID and password.\n\n**Step 6: Configure Firewall Settings**\n\nEnable the firewall on your router and configure it to block incoming and outgoing traffic on unnecessary ports. Restrict access to your network by only allowing necessary incoming traffic.\n\n**Step 7: Set Up Quality of Service (QoS)**\n\nConfigure QoS settings on your router to prioritize critical network traffic, such as video conferencing or VoIP calls. This ensures that critical applications receive sufficient bandwidth.\n\n**Step 8: Implement Network Segmentation**\n\nSegment your network into different zones or subnets to restrict access to sensitive areas of your network. This limits the spread of malware or unauthorized access in case of a breach.\n\n**Step 9: Regularly Update Your Router's Firmware**\n\nRegularly check for and install firmware updates for your router to\n\nAnswer:""}], ""role"": ""user""}]}",966.0,"{""content"":{""parts"":[{""text"":""1.  Log in to Cisco Webex.\n2.  Schedule a meeting, including the topic, start/end time, duration and invitees.\n3.  In the \""Audio\"" section, select \""Cisco Webex Audio\"" as the default audio type.\n4.  To enable video conferencing, click on the \""Video\"" tab and select \""Cisco Webex Video\"" as the default video type.\n5.  Add an agenda and notes to the meeting invitation by clicking on the \""Agenda\"" tab.\n6.  Click \""Schedule\"" to send the meeting invitation to all invitees.\n7.  At the scheduled start time, click on the \""Start\"" button to begin the conference call.""}],""role"":""model""},""usage_metadata"":{""candidates_token_count"":149,""candidates_tokens_details"":[{""modality"":""TEXT"",""token_count"":149}],""prompt_token_count"":966,""prompt_tokens_details"":[{""modality"":""TEXT"",""token_count"":966}],""total_token_count"":1115,""traffic_type"":""ON_DEMAND""}}","{'query': 'How do I set up a conference call on Cisco Webex with both video and audio for a meeting with multiple participants?', 'context': 'To set up a conference call on Cisco Webex, follow these steps:\n\n**Step 1: Log in to Cisco Webex**\n\nOpen a web browser and navigate to [company Webex URL]. Enter your company login credentials to access the Webex portal.\n\n**Step 2: Schedule a Meeting**\n\nClick on the ""Meetings"" tab and select ""Schedule a Meeting"" from the drop-down menu. Fill in the required information, including:\n\n* Meeting topic\n* Start and end time\n* Duration\n* Invitees (add email addresses or names from the company directory)\n\n**Step 3: Configure Audio Settings**\n\nIn the ""Audio"" section, select ""Cisco Webex Audio"" as the default audio type. You can also choose to allow participants to join via phone or VoIP.\n\n**Step 4: Set Up Video Settings (Optional)**\n\nIf you want to enable video conferencing, click on the ""Video"" tab and select ""Cisco Webex Video"" as the default video type. You can also choose to allow participants to join via video.\n\n**Step 5: Add Agenda and Notes (Optional)**\n\nYou can add an agenda and notes to the meeting invitation by clicking on the ""Agenda"" tab. This information will be visible to all invitees.\n\n**Step 6: Send Invitations**\n\nClick ""Schedule"" to send the meeting invitation to all invite\n\nssues during the meeting, try restarting your audio or video settings or contacting the IT helpdesk for assistance.\n\nBy following these steps, you can successfully set up and host a conference call on Cisco Webex. If you have any further questions or issues, please contact the IT helpdesk for assistance.\n\na"" tab. This information will be visible to all invitees.\n\n**Step 6: Send Invitations**\n\nClick ""Schedule"" to send the meeting invitation to all invitees. The invitation will include a link to join the meeting, as well as dial-in information for audio-only participants.\n\n**Step 7: Start the Meeting**\n\nAt the scheduled start time, click on the ""Start"" button to begin the conference call. As the host, you will be prompted to enter your audio and video settings before joining the meeting.\n\n**Tips and Best Practices**\n\n* Make sure to test your audio and video settings before the meeting to ensure a smooth experience.\n* Encourage invitees to join the meeting 5-10 minutes early to troubleshoot any technical issues.\n* Use the ""Mute"" feature to minimize background noise and ensure clear audio.\n* Use the ""Share"" feature to share your screen or presentations with participants.\n\n**Troubleshooting**\n\n* If you encounter issues joining the meeting, try restarting your browser or checking your internet connection.\n* If you experience audio or video issues during the meeting, try restarting your audio or video settings or contacting the IT helpdesk for assistance.\n\nBy following these steps, you can\n\n(SSID). Enable WPA2-PSK or WPA3-PSK encryption and set the password created in Step 3. Save your changes.\n\n**Step 5: Set Up a Guest Network (Optional)**\n\nIf you need to provide wireless access to guests or visitors, set up a separate guest network. This will isolate your main network from potential security risks. Configure the guest network with a different SSID and password.\n\n**Step 6: Configure Firewall Settings**\n\nEnable the firewall on your router and configure it to block incoming and outgoing traffic on unnecessary ports. Restrict access to your network by only allowing necessary incoming traffic.\n\n**Step 7: Set Up Quality of Service (QoS)**\n\nConfigure QoS settings on your router to prioritize critical network traffic, such as video conferencing or VoIP calls. This ensures that critical applications receive sufficient bandwidth.\n\n**Step 8: Implement Network Segmentation**\n\nSegment your network into different zones or subnets to restrict access to sensitive areas of your network. This limits the spread of malware or unauthorized access in case of a breach.\n\n**Step 9: Regularly Update Your Router\'s Firmware**\n\nRegularly check for and install firmware updates for your router to', 'row_id_for_gt': 4, 'retrieval_chunk_ids': ['row::4__chunk::0', 'row::4__chunk::2', 'row::4__chunk::1', 'row::7__chunk::1'], 'retrieval_row_ids': [4, 4, 4, 7], 'retrieval_scores': [31.3037687004, 26.848242268, 23.0509343235, 9.1081086602], 'top_k': 4}",google,gemini-2.0-flash,s-57d778b48f0c,"[{'message.role': 'model', 'message.contents': [{'message_content.type': 'text', 'message_content.text': '1.  Log in to Cisco Webex.\n2.  Schedule a meeting, including the topic, start/end time, duration and invitees.\n3.  In the ""Audio"" section, select ""Cisco Webex Audio"" as the default audio type.\n4.  To enable video conferencing, click on the ""Video"" tab and select ""Cisco Webex Video"" as the default video type.\n5.  Add an agenda and notes to the meeting invitation by clicking on the ""Agenda"" tab.\n6.  Click ""Schedule"" to send the meeting invitation to all invitees.\n7.  At the scheduled start time, click on the ""Start"" button to begin the conference call.'}]}]",v1,"Query: {query}

Context:
{context}

Answer:"
agent_run [adk_rag_minimal_agent],AGENT,c3c4063f6694df53,2025-08-17 20:09:32.766509+00:00,2025-08-17 20:09:34.681210+00:00,OK,,[],c3095d5db73eaa07,d7a3f8d061182eb7134ee70772f855e6,u,,AGENT,application/json,,,,,,,,,"{""content"":{""parts"":[{""text"":""1.  Log in to Cisco Webex.\n2.  Schedule a meeting, including the topic, start/end time, duration and invitees.\n3.  In the \""Audio\"" section, select \""Cisco Webex Audio\"" as the default audio type.\n4.  To enable video conferencing, click on the \""Video\"" tab and select \""Cisco Webex Video\"" as the default video type.\n5.  Add an agenda and notes to the meeting invitation by clicking on the \""Agenda\"" tab.\n6.  Click \""Schedule\"" to send the meeting invitation to all invitees.\n7.  At the scheduled start time, click on the \""Start\"" button to begin the conference call.""}],""role"":""model""},""usage_metadata"":{""candidates_token_count"":149,""candidates_tokens_details"":[{""modality"":""TEXT"",""token_count"":149}],""prompt_token_count"":966,""prompt_tokens_details"":[{""modality"":""TEXT"",""token_count"":966}],""total_token_count"":1115,""traffic_type"":""ON_DEMAND""},""invocation_id"":""e-c34e1180-3615-423c-b67d-fccc205ffa40"",""author"":""adk_rag_minimal_agent"",""actions"":{""state_delta"":{},""artifact_delta"":{},""requested_auth_configs"":{}},""id"":""r6dicZS6"",""timestamp"":1755461372.766811}","{'query': 'How do I set up a conference call on Cisco Webex with both video and audio for a meeting with multiple participants?', 'context': 'To set up a conference call on Cisco Webex, follow these steps:\n\n**Step 1: Log in to Cisco Webex**\n\nOpen a web browser and navigate to [company Webex URL]. Enter your company login credentials to access the Webex portal.\n\n**Step 2: Schedule a Meeting**\n\nClick on the ""Meetings"" tab and select ""Schedule a Meeting"" from the drop-down menu. Fill in the required information, including:\n\n* Meeting topic\n* Start and end time\n* Duration\n* Invitees (add email addresses or names from the company directory)\n\n**Step 3: Configure Audio Settings**\n\nIn the ""Audio"" section, select ""Cisco Webex Audio"" as the default audio type. You can also choose to allow participants to join via phone or VoIP.\n\n**Step 4: Set Up Video Settings (Optional)**\n\nIf you want to enable video conferencing, click on the ""Video"" tab and select ""Cisco Webex Video"" as the default video type. You can also choose to allow participants to join via video.\n\n**Step 5: Add Agenda and Notes (Optional)**\n\nYou can add an agenda and notes to the meeting invitation by clicking on the ""Agenda"" tab. This information will be visible to all invitees.\n\n**Step 6: Send Invitations**\n\nClick ""Schedule"" to send the meeting invitation to all invite\n\nssues during the meeting, try restarting your audio or video settings or contacting the IT helpdesk for assistance.\n\nBy following these steps, you can successfully set up and host a conference call on Cisco Webex. If you have any further questions or issues, please contact the IT helpdesk for assistance.\n\na"" tab. This information will be visible to all invitees.\n\n**Step 6: Send Invitations**\n\nClick ""Schedule"" to send the meeting invitation to all invitees. The invitation will include a link to join the meeting, as well as dial-in information for audio-only participants.\n\n**Step 7: Start the Meeting**\n\nAt the scheduled start time, click on the ""Start"" button to begin the conference call. As the host, you will be prompted to enter your audio and video settings before joining the meeting.\n\n**Tips and Best Practices**\n\n* Make sure to test your audio and video settings before the meeting to ensure a smooth experience.\n* Encourage invitees to join the meeting 5-10 minutes early to troubleshoot any technical issues.\n* Use the ""Mute"" feature to minimize background noise and ensure clear audio.\n* Use the ""Share"" feature to share your screen or presentations with participants.\n\n**Troubleshooting**\n\n* If you encounter issues joining the meeting, try restarting your browser or checking your internet connection.\n* If you experience audio or video issues during the meeting, try restarting your audio or video settings or contacting the IT helpdesk for assistance.\n\nBy following these steps, you can\n\n(SSID). Enable WPA2-PSK or WPA3-PSK encryption and set the password created in Step 3. Save your changes.\n\n**Step 5: Set Up a Guest Network (Optional)**\n\nIf you need to provide wireless access to guests or visitors, set up a separate guest network. This will isolate your main network from potential security risks. Configure the guest network with a different SSID and password.\n\n**Step 6: Configure Firewall Settings**\n\nEnable the firewall on your router and configure it to block incoming and outgoing traffic on unnecessary ports. Restrict access to your network by only allowing necessary incoming traffic.\n\n**Step 7: Set Up Quality of Service (QoS)**\n\nConfigure QoS settings on your router to prioritize critical network traffic, such as video conferencing or VoIP calls. This ensures that critical applications receive sufficient bandwidth.\n\n**Step 8: Implement Network Segmentation**\n\nSegment your network into different zones or subnets to restrict access to sensitive areas of your network. This limits the spread of malware or unauthorized access in case of a breach.\n\n**Step 9: Regularly Update Your Router\'s Firmware**\n\nRegularly check for and install firmware updates for your router to', 'row_id_for_gt': 4, 'retrieval_chunk_ids': ['row::4__chunk::0', 'row::4__chunk::2', 'row::4__chunk::1', 'row::7__chunk::1'], 'retrieval_row_ids': [4, 4, 4, 7], 'retrieval_scores': [31.3037687004, 26.848242268, 23.0509343235, 9.1081086602], 'top_k': 4}",,,s-57d778b48f0c,,v1,"Query: {query}

Context:
{context}

Answer:"
invocation [adk_rag_minimal],CHAIN,,2025-08-17 20:09:32.766184+00:00,2025-08-17 20:09:34.682832+00:00,OK,,[],c3c4063f6694df53,d7a3f8d061182eb7134ee70772f855e6,u,application/json,CHAIN,application/json,,,,,,,"{""user_id"": ""u"", ""session_id"": ""s-57d778b48f0c"", ""new_message"": {""parts"": [{""text"": ""Query: How do I set up a conference call on Cisco Webex with both video and audio for a meeting with multiple participants?\n\nContext:\nTo set up a conference call on Cisco Webex, follow these steps:\n\n**Step 1: Log in to Cisco Webex**\n\nOpen a web browser and navigate to [company Webex URL]. Enter your company login credentials to access the Webex portal.\n\n**Step 2: Schedule a Meeting**\n\nClick on the \""Meetings\"" tab and select \""Schedule a Meeting\"" from the drop-down menu. Fill in the required information, including:\n\n* Meeting topic\n* Start and end time\n* Duration\n* Invitees (add email addresses or names from the company directory)\n\n**Step 3: Configure Audio Settings**\n\nIn the \""Audio\"" section, select \""Cisco Webex Audio\"" as the default audio type. You can also choose to allow participants to join via phone or VoIP.\n\n**Step 4: Set Up Video Settings (Optional)**\n\nIf you want to enable video conferencing, click on the \""Video\"" tab and select \""Cisco Webex Video\"" as the default video type. You can also choose to allow participants to join via video.\n\n**Step 5: Add Agenda and Notes (Optional)**\n\nYou can add an agenda and notes to the meeting invitation by clicking on the \""Agenda\"" tab. This information will be visible to all invitees.\n\n**Step 6: Send Invitations**\n\nClick \""Schedule\"" to send the meeting invitation to all invite\n\nssues during the meeting, try restarting your audio or video settings or contacting the IT helpdesk for assistance.\n\nBy following these steps, you can successfully set up and host a conference call on Cisco Webex. If you have any further questions or issues, please contact the IT helpdesk for assistance.\n\na\"" tab. This information will be visible to all invitees.\n\n**Step 6: Send Invitations**\n\nClick \""Schedule\"" to send the meeting invitation to all invitees. The invitation will include a link to join the meeting, as well as dial-in information for audio-only participants.\n\n**Step 7: Start the Meeting**\n\nAt the scheduled start time, click on the \""Start\"" button to begin the conference call. As the host, you will be prompted to enter your audio and video settings before joining the meeting.\n\n**Tips and Best Practices**\n\n* Make sure to test your audio and video settings before the meeting to ensure a smooth experience.\n* Encourage invitees to join the meeting 5-10 minutes early to troubleshoot any technical issues.\n* Use the \""Mute\"" feature to minimize background noise and ensure clear audio.\n* Use the \""Share\"" feature to share your screen or presentations with participants.\n\n**Troubleshooting**\n\n* If you encounter issues joining the meeting, try restarting your browser or checking your internet connection.\n* If you experience audio or video issues during the meeting, try restarting your audio or video settings or contacting the IT helpdesk for assistance.\n\nBy following these steps, you can\n\n(SSID). Enable WPA2-PSK or WPA3-PSK encryption and set the password created in Step 3. Save your changes.\n\n**Step 5: Set Up a Guest Network (Optional)**\n\nIf you need to provide wireless access to guests or visitors, set up a separate guest network. This will isolate your main network from potential security risks. Configure the guest network with a different SSID and password.\n\n**Step 6: Configure Firewall Settings**\n\nEnable the firewall on your router and configure it to block incoming and outgoing traffic on unnecessary ports. Restrict access to your network by only allowing necessary incoming traffic.\n\n**Step 7: Set Up Quality of Service (QoS)**\n\nConfigure QoS settings on your router to prioritize critical network traffic, such as video conferencing or VoIP calls. This ensures that critical applications receive sufficient bandwidth.\n\n**Step 8: Implement Network Segmentation**\n\nSegment your network into different zones or subnets to restrict access to sensitive areas of your network. This limits the spread of malware or unauthorized access in case of a breach.\n\n**Step 9: Regularly Update Your Router's Firmware**\n\nRegularly check for and install firmware updates for your router to\n\nAnswer:""}], ""role"": ""user""}, ""run_config"": {""save_input_blobs_as_artifacts"": false, ""support_cfc"": false, ""streaming_mode"": ""StreamingMode.NONE"", ""max_llm_calls"": 500}}",,"{""content"":{""parts"":[{""text"":""1.  Log in to Cisco Webex.\n2.  Schedule a meeting, including the topic, start/end time, duration and invitees.\n3.  In the \""Audio\"" section, select \""Cisco Webex Audio\"" as the default audio type.\n4.  To enable video conferencing, click on the \""Video\"" tab and select \""Cisco Webex Video\"" as the default video type.\n5.  Add an agenda and notes to the meeting invitation by clicking on the \""Agenda\"" tab.\n6.  Click \""Schedule\"" to send the meeting invitation to all invitees.\n7.  At the scheduled start time, click on the \""Start\"" button to begin the conference call.""}],""role"":""model""},""usage_metadata"":{""candidates_token_count"":149,""candidates_tokens_details"":[{""modality"":""TEXT"",""token_count"":149}],""prompt_token_count"":966,""prompt_tokens_details"":[{""modality"":""TEXT"",""token_count"":966}],""total_token_count"":1115,""traffic_type"":""ON_DEMAND""},""invocation_id"":""e-c34e1180-3615-423c-b67d-fccc205ffa40"",""author"":""adk_rag_minimal_agent"",""actions"":{""state_delta"":{},""artifact_delta"":{},""requested_auth_configs"":{}},""id"":""r6dicZS6"",""timestamp"":1755461372.766811}","{'query': 'How do I set up a conference call on Cisco Webex with both video and audio for a meeting with multiple participants?', 'context': 'To set up a conference call on Cisco Webex, follow these steps:\n\n**Step 1: Log in to Cisco Webex**\n\nOpen a web browser and navigate to [company Webex URL]. Enter your company login credentials to access the Webex portal.\n\n**Step 2: Schedule a Meeting**\n\nClick on the ""Meetings"" tab and select ""Schedule a Meeting"" from the drop-down menu. Fill in the required information, including:\n\n* Meeting topic\n* Start and end time\n* Duration\n* Invitees (add email addresses or names from the company directory)\n\n**Step 3: Configure Audio Settings**\n\nIn the ""Audio"" section, select ""Cisco Webex Audio"" as the default audio type. You can also choose to allow participants to join via phone or VoIP.\n\n**Step 4: Set Up Video Settings (Optional)**\n\nIf you want to enable video conferencing, click on the ""Video"" tab and select ""Cisco Webex Video"" as the default video type. You can also choose to allow participants to join via video.\n\n**Step 5: Add Agenda and Notes (Optional)**\n\nYou can add an agenda and notes to the meeting invitation by clicking on the ""Agenda"" tab. This information will be visible to all invitees.\n\n**Step 6: Send Invitations**\n\nClick ""Schedule"" to send the meeting invitation to all invite\n\nssues during the meeting, try restarting your audio or video settings or contacting the IT helpdesk for assistance.\n\nBy following these steps, you can successfully set up and host a conference call on Cisco Webex. If you have any further questions or issues, please contact the IT helpdesk for assistance.\n\na"" tab. This information will be visible to all invitees.\n\n**Step 6: Send Invitations**\n\nClick ""Schedule"" to send the meeting invitation to all invitees. The invitation will include a link to join the meeting, as well as dial-in information for audio-only participants.\n\n**Step 7: Start the Meeting**\n\nAt the scheduled start time, click on the ""Start"" button to begin the conference call. As the host, you will be prompted to enter your audio and video settings before joining the meeting.\n\n**Tips and Best Practices**\n\n* Make sure to test your audio and video settings before the meeting to ensure a smooth experience.\n* Encourage invitees to join the meeting 5-10 minutes early to troubleshoot any technical issues.\n* Use the ""Mute"" feature to minimize background noise and ensure clear audio.\n* Use the ""Share"" feature to share your screen or presentations with participants.\n\n**Troubleshooting**\n\n* If you encounter issues joining the meeting, try restarting your browser or checking your internet connection.\n* If you experience audio or video issues during the meeting, try restarting your audio or video settings or contacting the IT helpdesk for assistance.\n\nBy following these steps, you can\n\n(SSID). Enable WPA2-PSK or WPA3-PSK encryption and set the password created in Step 3. Save your changes.\n\n**Step 5: Set Up a Guest Network (Optional)**\n\nIf you need to provide wireless access to guests or visitors, set up a separate guest network. This will isolate your main network from potential security risks. Configure the guest network with a different SSID and password.\n\n**Step 6: Configure Firewall Settings**\n\nEnable the firewall on your router and configure it to block incoming and outgoing traffic on unnecessary ports. Restrict access to your network by only allowing necessary incoming traffic.\n\n**Step 7: Set Up Quality of Service (QoS)**\n\nConfigure QoS settings on your router to prioritize critical network traffic, such as video conferencing or VoIP calls. This ensures that critical applications receive sufficient bandwidth.\n\n**Step 8: Implement Network Segmentation**\n\nSegment your network into different zones or subnets to restrict access to sensitive areas of your network. This limits the spread of malware or unauthorized access in case of a breach.\n\n**Step 9: Regularly Update Your Router\'s Firmware**\n\nRegularly check for and install firmware updates for your router to', 'row_id_for_gt': 4, 'retrieval_chunk_ids': ['row::4__chunk::0', 'row::4__chunk::2', 'row::4__chunk::1', 'row::7__chunk::1'], 'retrieval_row_ids': [4, 4, 4, 7], 'retrieval_scores': [31.3037687004, 26.848242268, 23.0509343235, 9.1081086602], 'top_k': 4}",,,s-57d778b48f0c,,v1,"Query: {query}

Context:
{context}

Answer:"
call_llm,LLM,2ef26d93f4039656,2025-08-17 20:09:34.688008+00:00,2025-08-17 20:09:36.609868+00:00,OK,,[],508e127b3d33714c,98c3eb59207735c613df364cb138e675,u,application/json,LLM,application/json,"[{'message.role': 'system', 'message.content': 'You are a strict RAG agent. Use only the provided context. If the context does not contain the answer, reply that you don\'t know. Do not include any internal IDs or citations in your answer. Be concise.\n\nYou are an agent. Your internal name is ""adk_rag_minimal_agent"".\n\n The description about you is ""Minimal RAG over CSV corpus""'}, {'message.role': 'user', 'message.contents': [{'message_content.type': 'text', 'message_content.text': ""Query: How do I back up my important work files to prevent data loss?\n\nContext:\n**Creating a Backup of Important Files**\n\nBacking up important files is a crucial step in protecting your data from loss or corruption. This article will guide you through the process of creating a backup of your important files.\n\n**Step 1: Identify Important Files**\n\nThe first step in creating a backup is to identify the important files that need to be backed up. These may include documents, spreadsheets, presentations, and other files that are critical to your work. Make a list of the files and folders that you need to back up.\n\n**Step 2: Choose a Backup Method**\n\nThere are several ways to back up your files, including:\n\n* **External Hard Drive**: Connect an external hard drive to your computer and copy your important files to it.\n* **Cloud Backup**: Use a cloud backup service such as OneDrive, Google Drive, or Dropbox to store your files online.\n* **Network Share**: Save your files to a network share or a shared drive on your company's network.\n* **USB Drive**: Use a USB drive to store your important files.\n\nChoose a backup method that works best for you and your needs.\n\n**Step 3: Connect Your Backup Device**\n\nIf you are using an external hard drive or USB drive, connect it to y\n\nthat works best for you and your needs.\n\n**Step 3: Connect Your Backup Device**\n\nIf you are using an external hard drive or USB drive, connect it to your computer. If you are using a cloud backup service, log in to your account and ensure that you have sufficient storage space.\n\n**Step 4: Copy Your Files**\n\nCopy your important files to your chosen backup device. Make sure to copy all the files and folders that you identified in Step 1.\n\n**Step 5: Verify Your Backup**\n\nOnce you have copied your files, verify that they have been backed up successfully. Check the contents of your backup device to ensure that all files are present and can be opened.\n\n**Step 6: Schedule Regular Backups**\n\nTo ensure that your important files are always up to date, schedule regular backups. You can set up your backup software to run automatically at a specified time each day or week.\n\n**Additional Tips**\n\n* **Backup Frequency**: Aim to backup your important files at least once a week, or more frequently if you work with sensitive or critical data.\n* **Backup Location**: Store your backup device in a safe location, away from your computer and other electronic devices.\n* **Versioning**: Consider using a bac\n\n Location**: Store your backup device in a safe location, away from your computer and other electronic devices.\n* **Versioning**: Consider using a backup software that supports versioning, which allows you to keep multiple versions of your files in case you need to recover a previous version.\n\nBy following these steps, you can ensure that your important files are safely backed up and protected from loss or corruption.\n\n**Resetting a Jammed Printer**\n\n**Step 1: Turn Off the Printer**\n\nImmediately turn off the printer to prevent any further damage or paper jams. Locate the power button, usually found on the top or front of the printer, and press it to shut down the device.\n\n**Step 2: Open the Printer**\n\nLocate the printer's access panel, which varies depending on the printer model. Common locations include the top, front, or back of the printer. Open the panel by pressing the release latch or sliding it open. This will give you access to the internal mechanisms.\n\n**Step 3: Identify and Remove Jammed Paper**\n\nCarefully inspect the printer's internal mechanisms to locate the jammed paper. Gently pull out any visible paper scraps or torn pieces. Be cautious not to touch any internal components or rollers, as oils from your skin can cause damage.\n\n**Step 4: Check for Obstructions**\n\nInspect the printer's paper path, including the paper tray, rollers, and print head, for any obstructions or debris. Remove any dust, dirt, or other blockages that may be contributing to the jam.\n\n**Step 5: Realign the Paper Tray**\n\nIf the paper tray was dislodged during the jam, realign it according to the manufacturer's i\n\nAnswer:""}]}]","{'vertex': {'agent': {'llm_response': '{""content"":{""parts"":[{""text"":""To back up your important work files, you should:\\n\\n1.  Identify the important files.\\n2.  Choose a backup method like an external hard drive, cloud backup, network share, or USB drive.\\n3.  Connect your backup device.\\n4.  Copy your files to the backup device.\\n5.  Verify that the backup was successful.\\n6.  Schedule regular backups.\\n\\nIt is also recommended to back up your files at least once a week and store your backup device in a safe location. Consider using backup software that supports versioning.\\n""}],""role"":""model""},""usage_metadata"":{""candidates_token_count"":119,""candidates_tokens_details"":[{""modality"":""TEXT"",""token_count"":119}],""prompt_token_count"":982,""prompt_tokens_details"":[{""modality"":""TEXT"",""token_count"":982}],""total_token_count"":1101,""traffic_type"":""ON_DEMAND""}}', 'llm_request': '{""model"": ""gemini-2.0-flash"", ""config"": {""system_instruction"": ""You are a strict RAG agent. Use only the provided context. If the context does not contain the answer, reply that you don\'t know. Do not include any internal IDs or citations in your answer. Be concise.\\n\\nYou are an agent. Your internal name is \\""adk_rag_minimal_agent\\"".\\n\\n The description about you is \\""Minimal RAG over CSV corpus\\"""", ""temperature"": 0.0, ""labels"": {""adk_agent_name"": ""adk_rag_minimal_agent""}}, ""contents"": [{""parts"": [{""text"": ""Query: How do I back up my important work files to prevent data loss?\\n\\nContext:\\n**Creating a Backup of Important Files**\\n\\nBacking up important files is a crucial step in protecting your data from loss or corruption. This article will guide you through the process of creating a backup of your important files.\\n\\n**Step 1: Identify Important Files**\\n\\nThe first step in creating a backup is to identify the important files that need to be backed up. These may include documents, spreadsheets, presentations, and other files that are critical to your work. Make a list of the files and folders that you need to back up.\\n\\n**Step 2: Choose a Backup Method**\\n\\nThere are several ways to back up your files, including:\\n\\n* **External Hard Drive**: Connect an external hard drive to your computer and copy your important files to it.\\n* **Cloud Backup**: Use a cloud backup service such as OneDrive, Google Drive, or Dropbox to store your files online.\\n* **Network Share**: Save your files to a network share or a shared drive on your company\'s network.\\n* **USB Drive**: Use a USB drive to store your important files.\\n\\nChoose a backup method that works best for you and your needs.\\n\\n**Step 3: Connect Your Backup Device**\\n\\nIf you are using an external hard drive or USB drive, connect it to y\\n\\nthat works best for you and your needs.\\n\\n**Step 3: Connect Your Backup Device**\\n\\nIf you are using an external hard drive or USB drive, connect it to your computer. If you are using a cloud backup service, log in to your account and ensure that you have sufficient storage space.\\n\\n**Step 4: Copy Your Files**\\n\\nCopy your important files to your chosen backup device. Make sure to copy all the files and folders that you identified in Step 1.\\n\\n**Step 5: Verify Your Backup**\\n\\nOnce you have copied your files, verify that they have been backed up successfully. Check the contents of your backup device to ensure that all files are present and can be opened.\\n\\n**Step 6: Schedule Regular Backups**\\n\\nTo ensure that your important files are always up to date, schedule regular backups. You can set up your backup software to run automatically at a specified time each day or week.\\n\\n**Additional Tips**\\n\\n* **Backup Frequency**: Aim to backup your important files at least once a week, or more frequently if you work with sensitive or critical data.\\n* **Backup Location**: Store your backup device in a safe location, away from your computer and other electronic devices.\\n* **Versioning**: Consider using a bac\\n\\n Location**: Store your backup device in a safe location, away from your computer and other electronic devices.\\n* **Versioning**: Consider using a backup software that supports versioning, which allows you to keep multiple versions of your files in case you need to recover a previous version.\\n\\nBy following these steps, you can ensure that your important files are safely backed up and protected from loss or corruption.\\n\\n**Resetting a Jammed Printer**\\n\\n**Step 1: Turn Off the Printer**\\n\\nImmediately turn off the printer to prevent any further damage or paper jams. Locate the power button, usually found on the top or front of the printer, and press it to shut down the device.\\n\\n**Step 2: Open the Printer**\\n\\nLocate the printer\'s access panel, which varies depending on the printer model. Common locations include the top, front, or back of the printer. Open the panel by pressing the release latch or sliding it open. This will give you access to the internal mechanisms.\\n\\n**Step 3: Identify and Remove Jammed Paper**\\n\\nCarefully inspect the printer\'s internal mechanisms to locate the jammed paper. Gently pull out any visible paper scraps or torn pieces. Be cautious not to touch any internal components or rollers, as oils from your skin can cause damage.\\n\\n**Step 4: Check for Obstructions**\\n\\nInspect the printer\'s paper path, including the paper tray, rollers, and print head, for any obstructions or debris. Remove any dust, dirt, or other blockages that may be contributing to the jam.\\n\\n**Step 5: Realign the Paper Tray**\\n\\nIf the paper tray was dislodged during the jam, realign it according to the manufacturer\'s i\\n\\nAnswer:""}], ""role"": ""user""}]}', 'session_id': 's-856b099f85c5', 'invocation_id': 'e-d3b3837e-b8d8-44cf-aee7-fe9c8c732110', 'event_id': 'rxPz8Zx7'}}}","{""system_instruction"":""You are a strict RAG agent. Use only the provided context. If the context does not contain the answer, reply that you don't know. Do not include any internal IDs or citations in your answer. Be concise.\n\nYou are an agent. Your internal name is \""adk_rag_minimal_agent\"".\n\n The description about you is \""Minimal RAG over CSV corpus\"""",""temperature"":0.0,""labels"":{""adk_agent_name"":""adk_rag_minimal_agent""}}",1101.0,119.0,"{'system': 'gcp.vertex.agent', 'request': {'model': 'gemini-2.0-flash'}}","{""model"": ""gemini-2.0-flash"", ""config"": {""system_instruction"": ""You are a strict RAG agent. Use only the provided context. If the context does not contain the answer, reply that you don't know. Do not include any internal IDs or citations in your answer. Be concise.\n\nYou are an agent. Your internal name is \""adk_rag_minimal_agent\"".\n\n The description about you is \""Minimal RAG over CSV corpus\"""", ""temperature"": 0.0, ""labels"": {""adk_agent_name"": ""adk_rag_minimal_agent""}}, ""contents"": [{""parts"": [{""text"": ""Query: How do I back up my important work files to prevent data loss?\n\nContext:\n**Creating a Backup of Important Files**\n\nBacking up important files is a crucial step in protecting your data from loss or corruption. This article will guide you through the process of creating a backup of your important files.\n\n**Step 1: Identify Important Files**\n\nThe first step in creating a backup is to identify the important files that need to be backed up. These may include documents, spreadsheets, presentations, and other files that are critical to your work. Make a list of the files and folders that you need to back up.\n\n**Step 2: Choose a Backup Method**\n\nThere are several ways to back up your files, including:\n\n* **External Hard Drive**: Connect an external hard drive to your computer and copy your important files to it.\n* **Cloud Backup**: Use a cloud backup service such as OneDrive, Google Drive, or Dropbox to store your files online.\n* **Network Share**: Save your files to a network share or a shared drive on your company's network.\n* **USB Drive**: Use a USB drive to store your important files.\n\nChoose a backup method that works best for you and your needs.\n\n**Step 3: Connect Your Backup Device**\n\nIf you are using an external hard drive or USB drive, connect it to y\n\nthat works best for you and your needs.\n\n**Step 3: Connect Your Backup Device**\n\nIf you are using an external hard drive or USB drive, connect it to your computer. If you are using a cloud backup service, log in to your account and ensure that you have sufficient storage space.\n\n**Step 4: Copy Your Files**\n\nCopy your important files to your chosen backup device. Make sure to copy all the files and folders that you identified in Step 1.\n\n**Step 5: Verify Your Backup**\n\nOnce you have copied your files, verify that they have been backed up successfully. Check the contents of your backup device to ensure that all files are present and can be opened.\n\n**Step 6: Schedule Regular Backups**\n\nTo ensure that your important files are always up to date, schedule regular backups. You can set up your backup software to run automatically at a specified time each day or week.\n\n**Additional Tips**\n\n* **Backup Frequency**: Aim to backup your important files at least once a week, or more frequently if you work with sensitive or critical data.\n* **Backup Location**: Store your backup device in a safe location, away from your computer and other electronic devices.\n* **Versioning**: Consider using a bac\n\n Location**: Store your backup device in a safe location, away from your computer and other electronic devices.\n* **Versioning**: Consider using a backup software that supports versioning, which allows you to keep multiple versions of your files in case you need to recover a previous version.\n\nBy following these steps, you can ensure that your important files are safely backed up and protected from loss or corruption.\n\n**Resetting a Jammed Printer**\n\n**Step 1: Turn Off the Printer**\n\nImmediately turn off the printer to prevent any further damage or paper jams. Locate the power button, usually found on the top or front of the printer, and press it to shut down the device.\n\n**Step 2: Open the Printer**\n\nLocate the printer's access panel, which varies depending on the printer model. Common locations include the top, front, or back of the printer. Open the panel by pressing the release latch or sliding it open. This will give you access to the internal mechanisms.\n\n**Step 3: Identify and Remove Jammed Paper**\n\nCarefully inspect the printer's internal mechanisms to locate the jammed paper. Gently pull out any visible paper scraps or torn pieces. Be cautious not to touch any internal components or rollers, as oils from your skin can cause damage.\n\n**Step 4: Check for Obstructions**\n\nInspect the printer's paper path, including the paper tray, rollers, and print head, for any obstructions or debris. Remove any dust, dirt, or other blockages that may be contributing to the jam.\n\n**Step 5: Realign the Paper Tray**\n\nIf the paper tray was dislodged during the jam, realign it according to the manufacturer's i\n\nAnswer:""}], ""role"": ""user""}]}",982.0,"{""content"":{""parts"":[{""text"":""To back up your important work files, you should:\n\n1.  Identify the important files.\n2.  Choose a backup method like an external hard drive, cloud backup, network share, or USB drive.\n3.  Connect your backup device.\n4.  Copy your files to the backup device.\n5.  Verify that the backup was successful.\n6.  Schedule regular backups.\n\nIt is also recommended to back up your files at least once a week and store your backup device in a safe location. Consider using backup software that supports versioning.\n""}],""role"":""model""},""usage_metadata"":{""candidates_token_count"":119,""candidates_tokens_details"":[{""modality"":""TEXT"",""token_count"":119}],""prompt_token_count"":982,""prompt_tokens_details"":[{""modality"":""TEXT"",""token_count"":982}],""total_token_count"":1101,""traffic_type"":""ON_DEMAND""}}","{'query': 'How do I back up my important work files to prevent data loss?', 'context': ""**Creating a Backup of Important Files**\n\nBacking up important files is a crucial step in protecting your data from loss or corruption. This article will guide you through the process of creating a backup of your important files.\n\n**Step 1: Identify Important Files**\n\nThe first step in creating a backup is to identify the important files that need to be backed up. These may include documents, spreadsheets, presentations, and other files that are critical to your work. Make a list of the files and folders that you need to back up.\n\n**Step 2: Choose a Backup Method**\n\nThere are several ways to back up your files, including:\n\n* **External Hard Drive**: Connect an external hard drive to your computer and copy your important files to it.\n* **Cloud Backup**: Use a cloud backup service such as OneDrive, Google Drive, or Dropbox to store your files online.\n* **Network Share**: Save your files to a network share or a shared drive on your company's network.\n* **USB Drive**: Use a USB drive to store your important files.\n\nChoose a backup method that works best for you and your needs.\n\n**Step 3: Connect Your Backup Device**\n\nIf you are using an external hard drive or USB drive, connect it to y\n\nthat works best for you and your needs.\n\n**Step 3: Connect Your Backup Device**\n\nIf you are using an external hard drive or USB drive, connect it to your computer. If you are using a cloud backup service, log in to your account and ensure that you have sufficient storage space.\n\n**Step 4: Copy Your Files**\n\nCopy your important files to your chosen backup device. Make sure to copy all the files and folders that you identified in Step 1.\n\n**Step 5: Verify Your Backup**\n\nOnce you have copied your files, verify that they have been backed up successfully. Check the contents of your backup device to ensure that all files are present and can be opened.\n\n**Step 6: Schedule Regular Backups**\n\nTo ensure that your important files are always up to date, schedule regular backups. You can set up your backup software to run automatically at a specified time each day or week.\n\n**Additional Tips**\n\n* **Backup Frequency**: Aim to backup your important files at least once a week, or more frequently if you work with sensitive or critical data.\n* **Backup Location**: Store your backup device in a safe location, away from your computer and other electronic devices.\n* **Versioning**: Consider using a bac\n\n Location**: Store your backup device in a safe location, away from your computer and other electronic devices.\n* **Versioning**: Consider using a backup software that supports versioning, which allows you to keep multiple versions of your files in case you need to recover a previous version.\n\nBy following these steps, you can ensure that your important files are safely backed up and protected from loss or corruption.\n\n**Resetting a Jammed Printer**\n\n**Step 1: Turn Off the Printer**\n\nImmediately turn off the printer to prevent any further damage or paper jams. Locate the power button, usually found on the top or front of the printer, and press it to shut down the device.\n\n**Step 2: Open the Printer**\n\nLocate the printer's access panel, which varies depending on the printer model. Common locations include the top, front, or back of the printer. Open the panel by pressing the release latch or sliding it open. This will give you access to the internal mechanisms.\n\n**Step 3: Identify and Remove Jammed Paper**\n\nCarefully inspect the printer's internal mechanisms to locate the jammed paper. Gently pull out any visible paper scraps or torn pieces. Be cautious not to touch any internal components or rollers, as oils from your skin can cause damage.\n\n**Step 4: Check for Obstructions**\n\nInspect the printer's paper path, including the paper tray, rollers, and print head, for any obstructions or debris. Remove any dust, dirt, or other blockages that may be contributing to the jam.\n\n**Step 5: Realign the Paper Tray**\n\nIf the paper tray was dislodged during the jam, realign it according to the manufacturer's i"", 'row_id_for_gt': 5, 'retrieval_chunk_ids': ['row::5__chunk::0', 'row::5__chunk::1', 'row::5__chunk::2', 'row::8__chunk::0'], 'retrieval_row_ids': [5, 5, 5, 8], 'retrieval_scores': [15.929862415, 10.6065732186, 9.6222549494, 7.3057022062], 'top_k': 4}",google,gemini-2.0-flash,s-856b099f85c5,"[{'message.role': 'model', 'message.contents': [{'message_content.type': 'text', 'message_content.text': 'To back up your important work files, you should:\n\n1.  Identify the important files.\n2.  Choose a backup method like an external hard drive, cloud backup, network share, or USB drive.\n3.  Connect your backup device.\n4.  Copy your files to the backup device.\n5.  Verify that the backup was successful.\n6.  Schedule regular backups.\n\nIt is also recommended to back up your files at least once a week and store your backup device in a safe location. Consider using backup software that supports versioning.\n'}]}]",v1,"Query: {query}

Context:
{context}

Answer:"
agent_run [adk_rag_minimal_agent],AGENT,c0af9b970f4e9187,2025-08-17 20:09:34.687322+00:00,2025-08-17 20:09:36.616118+00:00,OK,,[],2ef26d93f4039656,98c3eb59207735c613df364cb138e675,u,,AGENT,application/json,,,,,,,,,"{""content"":{""parts"":[{""text"":""To back up your important work files, you should:\n\n1.  Identify the important files.\n2.  Choose a backup method like an external hard drive, cloud backup, network share, or USB drive.\n3.  Connect your backup device.\n4.  Copy your files to the backup device.\n5.  Verify that the backup was successful.\n6.  Schedule regular backups.\n\nIt is also recommended to back up your files at least once a week and store your backup device in a safe location. Consider using backup software that supports versioning.\n""}],""role"":""model""},""usage_metadata"":{""candidates_token_count"":119,""candidates_tokens_details"":[{""modality"":""TEXT"",""token_count"":119}],""prompt_token_count"":982,""prompt_tokens_details"":[{""modality"":""TEXT"",""token_count"":982}],""total_token_count"":1101,""traffic_type"":""ON_DEMAND""},""invocation_id"":""e-d3b3837e-b8d8-44cf-aee7-fe9c8c732110"",""author"":""adk_rag_minimal_agent"",""actions"":{""state_delta"":{},""artifact_delta"":{},""requested_auth_configs"":{}},""id"":""rxPz8Zx7"",""timestamp"":1755461374.687874}","{'query': 'How do I back up my important work files to prevent data loss?', 'context': ""**Creating a Backup of Important Files**\n\nBacking up important files is a crucial step in protecting your data from loss or corruption. This article will guide you through the process of creating a backup of your important files.\n\n**Step 1: Identify Important Files**\n\nThe first step in creating a backup is to identify the important files that need to be backed up. These may include documents, spreadsheets, presentations, and other files that are critical to your work. Make a list of the files and folders that you need to back up.\n\n**Step 2: Choose a Backup Method**\n\nThere are several ways to back up your files, including:\n\n* **External Hard Drive**: Connect an external hard drive to your computer and copy your important files to it.\n* **Cloud Backup**: Use a cloud backup service such as OneDrive, Google Drive, or Dropbox to store your files online.\n* **Network Share**: Save your files to a network share or a shared drive on your company's network.\n* **USB Drive**: Use a USB drive to store your important files.\n\nChoose a backup method that works best for you and your needs.\n\n**Step 3: Connect Your Backup Device**\n\nIf you are using an external hard drive or USB drive, connect it to y\n\nthat works best for you and your needs.\n\n**Step 3: Connect Your Backup Device**\n\nIf you are using an external hard drive or USB drive, connect it to your computer. If you are using a cloud backup service, log in to your account and ensure that you have sufficient storage space.\n\n**Step 4: Copy Your Files**\n\nCopy your important files to your chosen backup device. Make sure to copy all the files and folders that you identified in Step 1.\n\n**Step 5: Verify Your Backup**\n\nOnce you have copied your files, verify that they have been backed up successfully. Check the contents of your backup device to ensure that all files are present and can be opened.\n\n**Step 6: Schedule Regular Backups**\n\nTo ensure that your important files are always up to date, schedule regular backups. You can set up your backup software to run automatically at a specified time each day or week.\n\n**Additional Tips**\n\n* **Backup Frequency**: Aim to backup your important files at least once a week, or more frequently if you work with sensitive or critical data.\n* **Backup Location**: Store your backup device in a safe location, away from your computer and other electronic devices.\n* **Versioning**: Consider using a bac\n\n Location**: Store your backup device in a safe location, away from your computer and other electronic devices.\n* **Versioning**: Consider using a backup software that supports versioning, which allows you to keep multiple versions of your files in case you need to recover a previous version.\n\nBy following these steps, you can ensure that your important files are safely backed up and protected from loss or corruption.\n\n**Resetting a Jammed Printer**\n\n**Step 1: Turn Off the Printer**\n\nImmediately turn off the printer to prevent any further damage or paper jams. Locate the power button, usually found on the top or front of the printer, and press it to shut down the device.\n\n**Step 2: Open the Printer**\n\nLocate the printer's access panel, which varies depending on the printer model. Common locations include the top, front, or back of the printer. Open the panel by pressing the release latch or sliding it open. This will give you access to the internal mechanisms.\n\n**Step 3: Identify and Remove Jammed Paper**\n\nCarefully inspect the printer's internal mechanisms to locate the jammed paper. Gently pull out any visible paper scraps or torn pieces. Be cautious not to touch any internal components or rollers, as oils from your skin can cause damage.\n\n**Step 4: Check for Obstructions**\n\nInspect the printer's paper path, including the paper tray, rollers, and print head, for any obstructions or debris. Remove any dust, dirt, or other blockages that may be contributing to the jam.\n\n**Step 5: Realign the Paper Tray**\n\nIf the paper tray was dislodged during the jam, realign it according to the manufacturer's i"", 'row_id_for_gt': 5, 'retrieval_chunk_ids': ['row::5__chunk::0', 'row::5__chunk::1', 'row::5__chunk::2', 'row::8__chunk::0'], 'retrieval_row_ids': [5, 5, 5, 8], 'retrieval_scores': [15.929862415, 10.6065732186, 9.6222549494, 7.3057022062], 'top_k': 4}",,,s-856b099f85c5,,v1,"Query: {query}

Context:
{context}

Answer:"
invocation [adk_rag_minimal],CHAIN,,2025-08-17 20:09:34.686747+00:00,2025-08-17 20:09:36.617533+00:00,OK,,[],c0af9b970f4e9187,98c3eb59207735c613df364cb138e675,u,application/json,CHAIN,application/json,,,,,,,"{""user_id"": ""u"", ""session_id"": ""s-856b099f85c5"", ""new_message"": {""parts"": [{""text"": ""Query: How do I back up my important work files to prevent data loss?\n\nContext:\n**Creating a Backup of Important Files**\n\nBacking up important files is a crucial step in protecting your data from loss or corruption. This article will guide you through the process of creating a backup of your important files.\n\n**Step 1: Identify Important Files**\n\nThe first step in creating a backup is to identify the important files that need to be backed up. These may include documents, spreadsheets, presentations, and other files that are critical to your work. Make a list of the files and folders that you need to back up.\n\n**Step 2: Choose a Backup Method**\n\nThere are several ways to back up your files, including:\n\n* **External Hard Drive**: Connect an external hard drive to your computer and copy your important files to it.\n* **Cloud Backup**: Use a cloud backup service such as OneDrive, Google Drive, or Dropbox to store your files online.\n* **Network Share**: Save your files to a network share or a shared drive on your company's network.\n* **USB Drive**: Use a USB drive to store your important files.\n\nChoose a backup method that works best for you and your needs.\n\n**Step 3: Connect Your Backup Device**\n\nIf you are using an external hard drive or USB drive, connect it to y\n\nthat works best for you and your needs.\n\n**Step 3: Connect Your Backup Device**\n\nIf you are using an external hard drive or USB drive, connect it to your computer. If you are using a cloud backup service, log in to your account and ensure that you have sufficient storage space.\n\n**Step 4: Copy Your Files**\n\nCopy your important files to your chosen backup device. Make sure to copy all the files and folders that you identified in Step 1.\n\n**Step 5: Verify Your Backup**\n\nOnce you have copied your files, verify that they have been backed up successfully. Check the contents of your backup device to ensure that all files are present and can be opened.\n\n**Step 6: Schedule Regular Backups**\n\nTo ensure that your important files are always up to date, schedule regular backups. You can set up your backup software to run automatically at a specified time each day or week.\n\n**Additional Tips**\n\n* **Backup Frequency**: Aim to backup your important files at least once a week, or more frequently if you work with sensitive or critical data.\n* **Backup Location**: Store your backup device in a safe location, away from your computer and other electronic devices.\n* **Versioning**: Consider using a bac\n\n Location**: Store your backup device in a safe location, away from your computer and other electronic devices.\n* **Versioning**: Consider using a backup software that supports versioning, which allows you to keep multiple versions of your files in case you need to recover a previous version.\n\nBy following these steps, you can ensure that your important files are safely backed up and protected from loss or corruption.\n\n**Resetting a Jammed Printer**\n\n**Step 1: Turn Off the Printer**\n\nImmediately turn off the printer to prevent any further damage or paper jams. Locate the power button, usually found on the top or front of the printer, and press it to shut down the device.\n\n**Step 2: Open the Printer**\n\nLocate the printer's access panel, which varies depending on the printer model. Common locations include the top, front, or back of the printer. Open the panel by pressing the release latch or sliding it open. This will give you access to the internal mechanisms.\n\n**Step 3: Identify and Remove Jammed Paper**\n\nCarefully inspect the printer's internal mechanisms to locate the jammed paper. Gently pull out any visible paper scraps or torn pieces. Be cautious not to touch any internal components or rollers, as oils from your skin can cause damage.\n\n**Step 4: Check for Obstructions**\n\nInspect the printer's paper path, including the paper tray, rollers, and print head, for any obstructions or debris. Remove any dust, dirt, or other blockages that may be contributing to the jam.\n\n**Step 5: Realign the Paper Tray**\n\nIf the paper tray was dislodged during the jam, realign it according to the manufacturer's i\n\nAnswer:""}], ""role"": ""user""}, ""run_config"": {""save_input_blobs_as_artifacts"": false, ""support_cfc"": false, ""streaming_mode"": ""StreamingMode.NONE"", ""max_llm_calls"": 500}}",,"{""content"":{""parts"":[{""text"":""To back up your important work files, you should:\n\n1.  Identify the important files.\n2.  Choose a backup method like an external hard drive, cloud backup, network share, or USB drive.\n3.  Connect your backup device.\n4.  Copy your files to the backup device.\n5.  Verify that the backup was successful.\n6.  Schedule regular backups.\n\nIt is also recommended to back up your files at least once a week and store your backup device in a safe location. Consider using backup software that supports versioning.\n""}],""role"":""model""},""usage_metadata"":{""candidates_token_count"":119,""candidates_tokens_details"":[{""modality"":""TEXT"",""token_count"":119}],""prompt_token_count"":982,""prompt_tokens_details"":[{""modality"":""TEXT"",""token_count"":982}],""total_token_count"":1101,""traffic_type"":""ON_DEMAND""},""invocation_id"":""e-d3b3837e-b8d8-44cf-aee7-fe9c8c732110"",""author"":""adk_rag_minimal_agent"",""actions"":{""state_delta"":{},""artifact_delta"":{},""requested_auth_configs"":{}},""id"":""rxPz8Zx7"",""timestamp"":1755461374.687874}","{'query': 'How do I back up my important work files to prevent data loss?', 'context': ""**Creating a Backup of Important Files**\n\nBacking up important files is a crucial step in protecting your data from loss or corruption. This article will guide you through the process of creating a backup of your important files.\n\n**Step 1: Identify Important Files**\n\nThe first step in creating a backup is to identify the important files that need to be backed up. These may include documents, spreadsheets, presentations, and other files that are critical to your work. Make a list of the files and folders that you need to back up.\n\n**Step 2: Choose a Backup Method**\n\nThere are several ways to back up your files, including:\n\n* **External Hard Drive**: Connect an external hard drive to your computer and copy your important files to it.\n* **Cloud Backup**: Use a cloud backup service such as OneDrive, Google Drive, or Dropbox to store your files online.\n* **Network Share**: Save your files to a network share or a shared drive on your company's network.\n* **USB Drive**: Use a USB drive to store your important files.\n\nChoose a backup method that works best for you and your needs.\n\n**Step 3: Connect Your Backup Device**\n\nIf you are using an external hard drive or USB drive, connect it to y\n\nthat works best for you and your needs.\n\n**Step 3: Connect Your Backup Device**\n\nIf you are using an external hard drive or USB drive, connect it to your computer. If you are using a cloud backup service, log in to your account and ensure that you have sufficient storage space.\n\n**Step 4: Copy Your Files**\n\nCopy your important files to your chosen backup device. Make sure to copy all the files and folders that you identified in Step 1.\n\n**Step 5: Verify Your Backup**\n\nOnce you have copied your files, verify that they have been backed up successfully. Check the contents of your backup device to ensure that all files are present and can be opened.\n\n**Step 6: Schedule Regular Backups**\n\nTo ensure that your important files are always up to date, schedule regular backups. You can set up your backup software to run automatically at a specified time each day or week.\n\n**Additional Tips**\n\n* **Backup Frequency**: Aim to backup your important files at least once a week, or more frequently if you work with sensitive or critical data.\n* **Backup Location**: Store your backup device in a safe location, away from your computer and other electronic devices.\n* **Versioning**: Consider using a bac\n\n Location**: Store your backup device in a safe location, away from your computer and other electronic devices.\n* **Versioning**: Consider using a backup software that supports versioning, which allows you to keep multiple versions of your files in case you need to recover a previous version.\n\nBy following these steps, you can ensure that your important files are safely backed up and protected from loss or corruption.\n\n**Resetting a Jammed Printer**\n\n**Step 1: Turn Off the Printer**\n\nImmediately turn off the printer to prevent any further damage or paper jams. Locate the power button, usually found on the top or front of the printer, and press it to shut down the device.\n\n**Step 2: Open the Printer**\n\nLocate the printer's access panel, which varies depending on the printer model. Common locations include the top, front, or back of the printer. Open the panel by pressing the release latch or sliding it open. This will give you access to the internal mechanisms.\n\n**Step 3: Identify and Remove Jammed Paper**\n\nCarefully inspect the printer's internal mechanisms to locate the jammed paper. Gently pull out any visible paper scraps or torn pieces. Be cautious not to touch any internal components or rollers, as oils from your skin can cause damage.\n\n**Step 4: Check for Obstructions**\n\nInspect the printer's paper path, including the paper tray, rollers, and print head, for any obstructions or debris. Remove any dust, dirt, or other blockages that may be contributing to the jam.\n\n**Step 5: Realign the Paper Tray**\n\nIf the paper tray was dislodged during the jam, realign it according to the manufacturer's i"", 'row_id_for_gt': 5, 'retrieval_chunk_ids': ['row::5__chunk::0', 'row::5__chunk::1', 'row::5__chunk::2', 'row::8__chunk::0'], 'retrieval_row_ids': [5, 5, 5, 8], 'retrieval_scores': [15.929862415, 10.6065732186, 9.6222549494, 7.3057022062], 'top_k': 4}",,,s-856b099f85c5,,v1,"Query: {query}

Context:
{context}

Answer:"
call_llm,LLM,0f4185d6f7c120e1,2025-08-17 20:09:36.623309+00:00,2025-08-17 20:09:39.374886+00:00,OK,,[],5c78e81dff47b463,bb1f403b7189576e3c71ddf90d41b875,u,application/json,LLM,application/json,"[{'message.role': 'system', 'message.content': 'You are a strict RAG agent. Use only the provided context. If the context does not contain the answer, reply that you don\'t know. Do not include any internal IDs or citations in your answer. Be concise.\n\nYou are an agent. Your internal name is ""adk_rag_minimal_agent"".\n\n The description about you is ""Minimal RAG over CSV corpus""'}, {'message.role': 'user', 'message.contents': [{'message_content.type': 'text', 'message_content.text': 'Query: My company-issued tablet is freezing frequently and I\'m unable to access some of my apps, what can I do to fix the issue?\n\nContext:\n**Troubleshooting Issues with Company-Issued Tablets**\n\nThis article provides step-by-step guidance for troubleshooting common issues with company-issued tablets. Please follow the steps outlined below to resolve the issue before escalating to advanced support.\n\n**Step 1: Power Cycle the Tablet**\n\n* Press and hold the power button until the tablet shuts down.\n* Wait for 30 seconds to allow any residual power to drain.\n* Press the power button again to turn the tablet back on.\n* Observe if the issue persists.\n\n**Step 2: Check for Software Updates**\n\n* Ensure the tablet is connected to a stable internet connection.\n* Go to **Settings** > **System** > **System Update**.\n* Check for available software updates and install any pending updates.\n* Restart the tablet after installation.\n\n**Step 3: Restart in Safe Mode**\n\n* Press and hold the power button until the tablet shuts down.\n* Press the power button again to turn the tablet back on.\n* Immediately hold down the **Volume Down** button until the tablet boots into safe mode.\n* Observe if the issue persists in safe mode.\n\n**Step 4: Check for App-Related Issues**\n\n* Identify the app that is experiencing issues.\n* Go to **Settings** > **Ap\n\nhe issue persists in safe mode.\n\n**Step 4: Check for App-Related Issues**\n\n* Identify the app that is experiencing issues.\n* Go to **Settings** > **Apps** > **[App Name]**.\n* Clear the app\'s cache and data.\n* Restart the app to see if the issue is resolved.\n\n**Step 5: Perform a Factory Reset**\n\n* Go to **Settings** > **System** > **Advanced** > **Reset Options**.\n* Select **Erase all data (factory reset)**.\n* Follow the prompts to complete the reset process.\n* Note: This step will erase all data on the tablet, so ensure that all important data is backed up before proceeding.\n\n**Step 6: Check for Hardware Issues**\n\n* Inspect the tablet for any signs of physical damage or wear.\n* Check the charging port and ensure it is free from debris.\n* Try using a different charging cable or power source.\n\n**Step 7: Gather Diagnostic Information**\n\n* Go to **Settings** > **System** > **About Tablet**.\n* Take note of the tablet\'s operating system version, device ID, and any error messages.\n* Provide this information to advanced support if the issue cannot be resolved through these troubleshooting steps.\n\nIf none of the above steps resolve the issue, please escalate the issue to advanced support, p\n\ncomplete the process.\n\n**Step 5: Confirm PIN Reset**\n\n1. You will receive a confirmation message indicating that your PIN has been successfully reset.\n2. Click the ""OK"" button to close the message.\n\n**Important Notes:**\n\n* If you are unable to reset your PIN using the self-service tool, please contact the IT Helpdesk for assistance.\n* It is recommended to keep your PIN confidential and not share it with anyone.\n* You can reset your PIN a maximum of 3 times in a 24-hour period. If you exceed this limit, you will need to contact the IT Helpdesk to reset your PIN.\n\nBy following these steps, you should be able to reset your forgotten PIN and regain access to company systems and applications. If you encounter any issues during the process, please do not hesitate to reach out to the IT Helpdesk for further assistance.\n\n**Resetting a Jammed Printer**\n\n**Step 1: Turn Off the Printer**\n\nImmediately turn off the printer to prevent any further damage or paper jams. Locate the power button, usually found on the top or front of the printer, and press it to shut down the device.\n\n**Step 2: Open the Printer**\n\nLocate the printer\'s access panel, which varies depending on the printer model. Common locations include the top, front, or back of the printer. Open the panel by pressing the release latch or sliding it open. This will give you access to the internal mechanisms.\n\n**Step 3: Identify and Remove Jammed Paper**\n\nCarefully inspect the printer\'s internal mechanisms to locate the jammed paper. Gently pull out any visible paper scraps or torn pieces. Be cautious not to touch any internal components or rollers, as oils from your skin can cause damage.\n\n**Step 4: Check for Obstructions**\n\nInspect the printer\'s paper path, including the paper tray, rollers, and print head, for any obstructions or debris. Remove any dust, dirt, or other blockages that may be contributing to the jam.\n\n**Step 5: Realign the Paper Tray**\n\nIf the paper tray was dislodged during the jam, realign it according to the manufacturer\'s i\n\nAnswer:'}]}]","{'vertex': {'agent': {'llm_response': '{""content"":{""parts"":[{""text"":""To fix the freezing and app access issues on your company-issued tablet, try the following steps:\\n\\n1.  **Power Cycle:** Restart the tablet by holding the power button until it shuts down, wait 30 seconds, and then turn it back on.\\n2.  **Software Updates:** Connect to the internet and check for software updates in **Settings** > **System** > **System Update**. Install any updates and restart the tablet.\\n3.  **Safe Mode:** Restart the tablet and hold the **Volume Down** button to boot into safe mode. See if the issue persists.\\n4.  **App Issues:** Go to **Settings** > **Apps** > **[App Name]** for the problematic app. Clear the app\'s cache and data, then restart the app.\\n5.  **Factory Reset:** As a last resort, go to **Settings** > **System** > **Advanced** > **Reset Options** and select **Erase all data (factory reset)**. Note that this will erase all data on the tablet, so ensure that all important data is backed up before proceeding.\\n6.  **Hardware Issues:** Inspect the tablet for physical damage and check the charging port. Try a different charging cable.\\n\\nIf these steps don\'t work, gather diagnostic information from **Settings** > **System** > **About Tablet** (OS version, device ID, error messages) and escalate the issue to advanced support.""}],""role"":""model""},""usage_metadata"":{""candidates_token_count"":299,""candidates_tokens_details"":[{""modality"":""TEXT"",""token_count"":299}],""prompt_token_count"":1137,""prompt_tokens_details"":[{""modality"":""TEXT"",""token_count"":1137}],""total_token_count"":1436,""traffic_type"":""ON_DEMAND""}}', 'llm_request': '{""model"": ""gemini-2.0-flash"", ""config"": {""system_instruction"": ""You are a strict RAG agent. Use only the provided context. If the context does not contain the answer, reply that you don\'t know. Do not include any internal IDs or citations in your answer. Be concise.\\n\\nYou are an agent. Your internal name is \\""adk_rag_minimal_agent\\"".\\n\\n The description about you is \\""Minimal RAG over CSV corpus\\"""", ""temperature"": 0.0, ""labels"": {""adk_agent_name"": ""adk_rag_minimal_agent""}}, ""contents"": [{""parts"": [{""text"": ""Query: My company-issued tablet is freezing frequently and I\'m unable to access some of my apps, what can I do to fix the issue?\\n\\nContext:\\n**Troubleshooting Issues with Company-Issued Tablets**\\n\\nThis article provides step-by-step guidance for troubleshooting common issues with company-issued tablets. Please follow the steps outlined below to resolve the issue before escalating to advanced support.\\n\\n**Step 1: Power Cycle the Tablet**\\n\\n* Press and hold the power button until the tablet shuts down.\\n* Wait for 30 seconds to allow any residual power to drain.\\n* Press the power button again to turn the tablet back on.\\n* Observe if the issue persists.\\n\\n**Step 2: Check for Software Updates**\\n\\n* Ensure the tablet is connected to a stable internet connection.\\n* Go to **Settings** > **System** > **System Update**.\\n* Check for available software updates and install any pending updates.\\n* Restart the tablet after installation.\\n\\n**Step 3: Restart in Safe Mode**\\n\\n* Press and hold the power button until the tablet shuts down.\\n* Press the power button again to turn the tablet back on.\\n* Immediately hold down the **Volume Down** button until the tablet boots into safe mode.\\n* Observe if the issue persists in safe mode.\\n\\n**Step 4: Check for App-Related Issues**\\n\\n* Identify the app that is experiencing issues.\\n* Go to **Settings** > **Ap\\n\\nhe issue persists in safe mode.\\n\\n**Step 4: Check for App-Related Issues**\\n\\n* Identify the app that is experiencing issues.\\n* Go to **Settings** > **Apps** > **[App Name]**.\\n* Clear the app\'s cache and data.\\n* Restart the app to see if the issue is resolved.\\n\\n**Step 5: Perform a Factory Reset**\\n\\n* Go to **Settings** > **System** > **Advanced** > **Reset Options**.\\n* Select **Erase all data (factory reset)**.\\n* Follow the prompts to complete the reset process.\\n* Note: This step will erase all data on the tablet, so ensure that all important data is backed up before proceeding.\\n\\n**Step 6: Check for Hardware Issues**\\n\\n* Inspect the tablet for any signs of physical damage or wear.\\n* Check the charging port and ensure it is free from debris.\\n* Try using a different charging cable or power source.\\n\\n**Step 7: Gather Diagnostic Information**\\n\\n* Go to **Settings** > **System** > **About Tablet**.\\n* Take note of the tablet\'s operating system version, device ID, and any error messages.\\n* Provide this information to advanced support if the issue cannot be resolved through these troubleshooting steps.\\n\\nIf none of the above steps resolve the issue, please escalate the issue to advanced support, p\\n\\ncomplete the process.\\n\\n**Step 5: Confirm PIN Reset**\\n\\n1. You will receive a confirmation message indicating that your PIN has been successfully reset.\\n2. Click the \\""OK\\"" button to close the message.\\n\\n**Important Notes:**\\n\\n* If you are unable to reset your PIN using the self-service tool, please contact the IT Helpdesk for assistance.\\n* It is recommended to keep your PIN confidential and not share it with anyone.\\n* You can reset your PIN a maximum of 3 times in a 24-hour period. If you exceed this limit, you will need to contact the IT Helpdesk to reset your PIN.\\n\\nBy following these steps, you should be able to reset your forgotten PIN and regain access to company systems and applications. If you encounter any issues during the process, please do not hesitate to reach out to the IT Helpdesk for further assistance.\\n\\n**Resetting a Jammed Printer**\\n\\n**Step 1: Turn Off the Printer**\\n\\nImmediately turn off the printer to prevent any further damage or paper jams. Locate the power button, usually found on the top or front of the printer, and press it to shut down the device.\\n\\n**Step 2: Open the Printer**\\n\\nLocate the printer\'s access panel, which varies depending on the printer model. Common locations include the top, front, or back of the printer. Open the panel by pressing the release latch or sliding it open. This will give you access to the internal mechanisms.\\n\\n**Step 3: Identify and Remove Jammed Paper**\\n\\nCarefully inspect the printer\'s internal mechanisms to locate the jammed paper. Gently pull out any visible paper scraps or torn pieces. Be cautious not to touch any internal components or rollers, as oils from your skin can cause damage.\\n\\n**Step 4: Check for Obstructions**\\n\\nInspect the printer\'s paper path, including the paper tray, rollers, and print head, for any obstructions or debris. Remove any dust, dirt, or other blockages that may be contributing to the jam.\\n\\n**Step 5: Realign the Paper Tray**\\n\\nIf the paper tray was dislodged during the jam, realign it according to the manufacturer\'s i\\n\\nAnswer:""}], ""role"": ""user""}]}', 'session_id': 's-b3e041cbd1de', 'invocation_id': 'e-9541b174-1e03-48e0-91ed-5d9e9140b39a', 'event_id': 'lfClde8c'}}}","{""system_instruction"":""You are a strict RAG agent. Use only the provided context. If the context does not contain the answer, reply that you don't know. Do not include any internal IDs or citations in your answer. Be concise.\n\nYou are an agent. Your internal name is \""adk_rag_minimal_agent\"".\n\n The description about you is \""Minimal RAG over CSV corpus\"""",""temperature"":0.0,""labels"":{""adk_agent_name"":""adk_rag_minimal_agent""}}",1436.0,299.0,"{'system': 'gcp.vertex.agent', 'request': {'model': 'gemini-2.0-flash'}}","{""model"": ""gemini-2.0-flash"", ""config"": {""system_instruction"": ""You are a strict RAG agent. Use only the provided context. If the context does not contain the answer, reply that you don't know. Do not include any internal IDs or citations in your answer. Be concise.\n\nYou are an agent. Your internal name is \""adk_rag_minimal_agent\"".\n\n The description about you is \""Minimal RAG over CSV corpus\"""", ""temperature"": 0.0, ""labels"": {""adk_agent_name"": ""adk_rag_minimal_agent""}}, ""contents"": [{""parts"": [{""text"": ""Query: My company-issued tablet is freezing frequently and I'm unable to access some of my apps, what can I do to fix the issue?\n\nContext:\n**Troubleshooting Issues with Company-Issued Tablets**\n\nThis article provides step-by-step guidance for troubleshooting common issues with company-issued tablets. Please follow the steps outlined below to resolve the issue before escalating to advanced support.\n\n**Step 1: Power Cycle the Tablet**\n\n* Press and hold the power button until the tablet shuts down.\n* Wait for 30 seconds to allow any residual power to drain.\n* Press the power button again to turn the tablet back on.\n* Observe if the issue persists.\n\n**Step 2: Check for Software Updates**\n\n* Ensure the tablet is connected to a stable internet connection.\n* Go to **Settings** > **System** > **System Update**.\n* Check for available software updates and install any pending updates.\n* Restart the tablet after installation.\n\n**Step 3: Restart in Safe Mode**\n\n* Press and hold the power button until the tablet shuts down.\n* Press the power button again to turn the tablet back on.\n* Immediately hold down the **Volume Down** button until the tablet boots into safe mode.\n* Observe if the issue persists in safe mode.\n\n**Step 4: Check for App-Related Issues**\n\n* Identify the app that is experiencing issues.\n* Go to **Settings** > **Ap\n\nhe issue persists in safe mode.\n\n**Step 4: Check for App-Related Issues**\n\n* Identify the app that is experiencing issues.\n* Go to **Settings** > **Apps** > **[App Name]**.\n* Clear the app's cache and data.\n* Restart the app to see if the issue is resolved.\n\n**Step 5: Perform a Factory Reset**\n\n* Go to **Settings** > **System** > **Advanced** > **Reset Options**.\n* Select **Erase all data (factory reset)**.\n* Follow the prompts to complete the reset process.\n* Note: This step will erase all data on the tablet, so ensure that all important data is backed up before proceeding.\n\n**Step 6: Check for Hardware Issues**\n\n* Inspect the tablet for any signs of physical damage or wear.\n* Check the charging port and ensure it is free from debris.\n* Try using a different charging cable or power source.\n\n**Step 7: Gather Diagnostic Information**\n\n* Go to **Settings** > **System** > **About Tablet**.\n* Take note of the tablet's operating system version, device ID, and any error messages.\n* Provide this information to advanced support if the issue cannot be resolved through these troubleshooting steps.\n\nIf none of the above steps resolve the issue, please escalate the issue to advanced support, p\n\ncomplete the process.\n\n**Step 5: Confirm PIN Reset**\n\n1. You will receive a confirmation message indicating that your PIN has been successfully reset.\n2. Click the \""OK\"" button to close the message.\n\n**Important Notes:**\n\n* If you are unable to reset your PIN using the self-service tool, please contact the IT Helpdesk for assistance.\n* It is recommended to keep your PIN confidential and not share it with anyone.\n* You can reset your PIN a maximum of 3 times in a 24-hour period. If you exceed this limit, you will need to contact the IT Helpdesk to reset your PIN.\n\nBy following these steps, you should be able to reset your forgotten PIN and regain access to company systems and applications. If you encounter any issues during the process, please do not hesitate to reach out to the IT Helpdesk for further assistance.\n\n**Resetting a Jammed Printer**\n\n**Step 1: Turn Off the Printer**\n\nImmediately turn off the printer to prevent any further damage or paper jams. Locate the power button, usually found on the top or front of the printer, and press it to shut down the device.\n\n**Step 2: Open the Printer**\n\nLocate the printer's access panel, which varies depending on the printer model. Common locations include the top, front, or back of the printer. Open the panel by pressing the release latch or sliding it open. This will give you access to the internal mechanisms.\n\n**Step 3: Identify and Remove Jammed Paper**\n\nCarefully inspect the printer's internal mechanisms to locate the jammed paper. Gently pull out any visible paper scraps or torn pieces. Be cautious not to touch any internal components or rollers, as oils from your skin can cause damage.\n\n**Step 4: Check for Obstructions**\n\nInspect the printer's paper path, including the paper tray, rollers, and print head, for any obstructions or debris. Remove any dust, dirt, or other blockages that may be contributing to the jam.\n\n**Step 5: Realign the Paper Tray**\n\nIf the paper tray was dislodged during the jam, realign it according to the manufacturer's i\n\nAnswer:""}], ""role"": ""user""}]}",1137.0,"{""content"":{""parts"":[{""text"":""To fix the freezing and app access issues on your company-issued tablet, try the following steps:\n\n1.  **Power Cycle:** Restart the tablet by holding the power button until it shuts down, wait 30 seconds, and then turn it back on.\n2.  **Software Updates:** Connect to the internet and check for software updates in **Settings** > **System** > **System Update**. Install any updates and restart the tablet.\n3.  **Safe Mode:** Restart the tablet and hold the **Volume Down** button to boot into safe mode. See if the issue persists.\n4.  **App Issues:** Go to **Settings** > **Apps** > **[App Name]** for the problematic app. Clear the app's cache and data, then restart the app.\n5.  **Factory Reset:** As a last resort, go to **Settings** > **System** > **Advanced** > **Reset Options** and select **Erase all data (factory reset)**. Note that this will erase all data on the tablet, so ensure that all important data is backed up before proceeding.\n6.  **Hardware Issues:** Inspect the tablet for physical damage and check the charging port. Try a different charging cable.\n\nIf these steps don't work, gather diagnostic information from **Settings** > **System** > **About Tablet** (OS version, device ID, error messages) and escalate the issue to advanced support.""}],""role"":""model""},""usage_metadata"":{""candidates_token_count"":299,""candidates_tokens_details"":[{""modality"":""TEXT"",""token_count"":299}],""prompt_token_count"":1137,""prompt_tokens_details"":[{""modality"":""TEXT"",""token_count"":1137}],""total_token_count"":1436,""traffic_type"":""ON_DEMAND""}}","{'query': ""My company-issued tablet is freezing frequently and I'm unable to access some of my apps, what can I do to fix the issue?"", 'context': '**Troubleshooting Issues with Company-Issued Tablets**\n\nThis article provides step-by-step guidance for troubleshooting common issues with company-issued tablets. Please follow the steps outlined below to resolve the issue before escalating to advanced support.\n\n**Step 1: Power Cycle the Tablet**\n\n* Press and hold the power button until the tablet shuts down.\n* Wait for 30 seconds to allow any residual power to drain.\n* Press the power button again to turn the tablet back on.\n* Observe if the issue persists.\n\n**Step 2: Check for Software Updates**\n\n* Ensure the tablet is connected to a stable internet connection.\n* Go to **Settings** > **System** > **System Update**.\n* Check for available software updates and install any pending updates.\n* Restart the tablet after installation.\n\n**Step 3: Restart in Safe Mode**\n\n* Press and hold the power button until the tablet shuts down.\n* Press the power button again to turn the tablet back on.\n* Immediately hold down the **Volume Down** button until the tablet boots into safe mode.\n* Observe if the issue persists in safe mode.\n\n**Step 4: Check for App-Related Issues**\n\n* Identify the app that is experiencing issues.\n* Go to **Settings** > **Ap\n\nhe issue persists in safe mode.\n\n**Step 4: Check for App-Related Issues**\n\n* Identify the app that is experiencing issues.\n* Go to **Settings** > **Apps** > **[App Name]**.\n* Clear the app\'s cache and data.\n* Restart the app to see if the issue is resolved.\n\n**Step 5: Perform a Factory Reset**\n\n* Go to **Settings** > **System** > **Advanced** > **Reset Options**.\n* Select **Erase all data (factory reset)**.\n* Follow the prompts to complete the reset process.\n* Note: This step will erase all data on the tablet, so ensure that all important data is backed up before proceeding.\n\n**Step 6: Check for Hardware Issues**\n\n* Inspect the tablet for any signs of physical damage or wear.\n* Check the charging port and ensure it is free from debris.\n* Try using a different charging cable or power source.\n\n**Step 7: Gather Diagnostic Information**\n\n* Go to **Settings** > **System** > **About Tablet**.\n* Take note of the tablet\'s operating system version, device ID, and any error messages.\n* Provide this information to advanced support if the issue cannot be resolved through these troubleshooting steps.\n\nIf none of the above steps resolve the issue, please escalate the issue to advanced support, p\n\ncomplete the process.\n\n**Step 5: Confirm PIN Reset**\n\n1. You will receive a confirmation message indicating that your PIN has been successfully reset.\n2. Click the ""OK"" button to close the message.\n\n**Important Notes:**\n\n* If you are unable to reset your PIN using the self-service tool, please contact the IT Helpdesk for assistance.\n* It is recommended to keep your PIN confidential and not share it with anyone.\n* You can reset your PIN a maximum of 3 times in a 24-hour period. If you exceed this limit, you will need to contact the IT Helpdesk to reset your PIN.\n\nBy following these steps, you should be able to reset your forgotten PIN and regain access to company systems and applications. If you encounter any issues during the process, please do not hesitate to reach out to the IT Helpdesk for further assistance.\n\n**Resetting a Jammed Printer**\n\n**Step 1: Turn Off the Printer**\n\nImmediately turn off the printer to prevent any further damage or paper jams. Locate the power button, usually found on the top or front of the printer, and press it to shut down the device.\n\n**Step 2: Open the Printer**\n\nLocate the printer\'s access panel, which varies depending on the printer model. Common locations include the top, front, or back of the printer. Open the panel by pressing the release latch or sliding it open. This will give you access to the internal mechanisms.\n\n**Step 3: Identify and Remove Jammed Paper**\n\nCarefully inspect the printer\'s internal mechanisms to locate the jammed paper. Gently pull out any visible paper scraps or torn pieces. Be cautious not to touch any internal components or rollers, as oils from your skin can cause damage.\n\n**Step 4: Check for Obstructions**\n\nInspect the printer\'s paper path, including the paper tray, rollers, and print head, for any obstructions or debris. Remove any dust, dirt, or other blockages that may be contributing to the jam.\n\n**Step 5: Realign the Paper Tray**\n\nIf the paper tray was dislodged during the jam, realign it according to the manufacturer\'s i', 'row_id_for_gt': 6, 'retrieval_chunk_ids': ['row::6__chunk::0', 'row::6__chunk::1', 'row::1__chunk::1', 'row::8__chunk::0'], 'retrieval_row_ids': [6, 6, 1, 8], 'retrieval_scores': [16.1986575437, 13.7491063513, 11.7521404465, 10.6496651007], 'top_k': 4}",google,gemini-2.0-flash,s-b3e041cbd1de,"[{'message.role': 'model', 'message.contents': [{'message_content.type': 'text', 'message_content.text': ""To fix the freezing and app access issues on your company-issued tablet, try the following steps:\n\n1.  **Power Cycle:** Restart the tablet by holding the power button until it shuts down, wait 30 seconds, and then turn it back on.\n2.  **Software Updates:** Connect to the internet and check for software updates in **Settings** > **System** > **System Update**. Install any updates and restart the tablet.\n3.  **Safe Mode:** Restart the tablet and hold the **Volume Down** button to boot into safe mode. See if the issue persists.\n4.  **App Issues:** Go to **Settings** > **Apps** > **[App Name]** for the problematic app. Clear the app's cache and data, then restart the app.\n5.  **Factory Reset:** As a last resort, go to **Settings** > **System** > **Advanced** > **Reset Options** and select **Erase all data (factory reset)**. Note that this will erase all data on the tablet, so ensure that all important data is backed up before proceeding.\n6.  **Hardware Issues:** Inspect the tablet for physical damage and check the charging port. Try a different charging cable.\n\nIf these steps don't work, gather diagnostic information from **Settings** > **System** > **About Tablet** (OS version, device ID, error messages) and escalate the issue to advanced support.""}]}]",v1,"Query: {query}

Context:
{context}

Answer:"
agent_run [adk_rag_minimal_agent],AGENT,93412a48113c1e53,2025-08-17 20:09:36.622757+00:00,2025-08-17 20:09:39.380862+00:00,OK,,[],0f4185d6f7c120e1,bb1f403b7189576e3c71ddf90d41b875,u,,AGENT,application/json,,,,,,,,,"{""content"":{""parts"":[{""text"":""To fix the freezing and app access issues on your company-issued tablet, try the following steps:\n\n1.  **Power Cycle:** Restart the tablet by holding the power button until it shuts down, wait 30 seconds, and then turn it back on.\n2.  **Software Updates:** Connect to the internet and check for software updates in **Settings** > **System** > **System Update**. Install any updates and restart the tablet.\n3.  **Safe Mode:** Restart the tablet and hold the **Volume Down** button to boot into safe mode. See if the issue persists.\n4.  **App Issues:** Go to **Settings** > **Apps** > **[App Name]** for the problematic app. Clear the app's cache and data, then restart the app.\n5.  **Factory Reset:** As a last resort, go to **Settings** > **System** > **Advanced** > **Reset Options** and select **Erase all data (factory reset)**. Note that this will erase all data on the tablet, so ensure that all important data is backed up before proceeding.\n6.  **Hardware Issues:** Inspect the tablet for physical damage and check the charging port. Try a different charging cable.\n\nIf these steps don't work, gather diagnostic information from **Settings** > **System** > **About Tablet** (OS version, device ID, error messages) and escalate the issue to advanced support.""}],""role"":""model""},""usage_metadata"":{""candidates_token_count"":299,""candidates_tokens_details"":[{""modality"":""TEXT"",""token_count"":299}],""prompt_token_count"":1137,""prompt_tokens_details"":[{""modality"":""TEXT"",""token_count"":1137}],""total_token_count"":1436,""traffic_type"":""ON_DEMAND""},""invocation_id"":""e-9541b174-1e03-48e0-91ed-5d9e9140b39a"",""author"":""adk_rag_minimal_agent"",""actions"":{""state_delta"":{},""artifact_delta"":{},""requested_auth_configs"":{}},""id"":""lfClde8c"",""timestamp"":1755461376.623202}","{'query': ""My company-issued tablet is freezing frequently and I'm unable to access some of my apps, what can I do to fix the issue?"", 'context': '**Troubleshooting Issues with Company-Issued Tablets**\n\nThis article provides step-by-step guidance for troubleshooting common issues with company-issued tablets. Please follow the steps outlined below to resolve the issue before escalating to advanced support.\n\n**Step 1: Power Cycle the Tablet**\n\n* Press and hold the power button until the tablet shuts down.\n* Wait for 30 seconds to allow any residual power to drain.\n* Press the power button again to turn the tablet back on.\n* Observe if the issue persists.\n\n**Step 2: Check for Software Updates**\n\n* Ensure the tablet is connected to a stable internet connection.\n* Go to **Settings** > **System** > **System Update**.\n* Check for available software updates and install any pending updates.\n* Restart the tablet after installation.\n\n**Step 3: Restart in Safe Mode**\n\n* Press and hold the power button until the tablet shuts down.\n* Press the power button again to turn the tablet back on.\n* Immediately hold down the **Volume Down** button until the tablet boots into safe mode.\n* Observe if the issue persists in safe mode.\n\n**Step 4: Check for App-Related Issues**\n\n* Identify the app that is experiencing issues.\n* Go to **Settings** > **Ap\n\nhe issue persists in safe mode.\n\n**Step 4: Check for App-Related Issues**\n\n* Identify the app that is experiencing issues.\n* Go to **Settings** > **Apps** > **[App Name]**.\n* Clear the app\'s cache and data.\n* Restart the app to see if the issue is resolved.\n\n**Step 5: Perform a Factory Reset**\n\n* Go to **Settings** > **System** > **Advanced** > **Reset Options**.\n* Select **Erase all data (factory reset)**.\n* Follow the prompts to complete the reset process.\n* Note: This step will erase all data on the tablet, so ensure that all important data is backed up before proceeding.\n\n**Step 6: Check for Hardware Issues**\n\n* Inspect the tablet for any signs of physical damage or wear.\n* Check the charging port and ensure it is free from debris.\n* Try using a different charging cable or power source.\n\n**Step 7: Gather Diagnostic Information**\n\n* Go to **Settings** > **System** > **About Tablet**.\n* Take note of the tablet\'s operating system version, device ID, and any error messages.\n* Provide this information to advanced support if the issue cannot be resolved through these troubleshooting steps.\n\nIf none of the above steps resolve the issue, please escalate the issue to advanced support, p\n\ncomplete the process.\n\n**Step 5: Confirm PIN Reset**\n\n1. You will receive a confirmation message indicating that your PIN has been successfully reset.\n2. Click the ""OK"" button to close the message.\n\n**Important Notes:**\n\n* If you are unable to reset your PIN using the self-service tool, please contact the IT Helpdesk for assistance.\n* It is recommended to keep your PIN confidential and not share it with anyone.\n* You can reset your PIN a maximum of 3 times in a 24-hour period. If you exceed this limit, you will need to contact the IT Helpdesk to reset your PIN.\n\nBy following these steps, you should be able to reset your forgotten PIN and regain access to company systems and applications. If you encounter any issues during the process, please do not hesitate to reach out to the IT Helpdesk for further assistance.\n\n**Resetting a Jammed Printer**\n\n**Step 1: Turn Off the Printer**\n\nImmediately turn off the printer to prevent any further damage or paper jams. Locate the power button, usually found on the top or front of the printer, and press it to shut down the device.\n\n**Step 2: Open the Printer**\n\nLocate the printer\'s access panel, which varies depending on the printer model. Common locations include the top, front, or back of the printer. Open the panel by pressing the release latch or sliding it open. This will give you access to the internal mechanisms.\n\n**Step 3: Identify and Remove Jammed Paper**\n\nCarefully inspect the printer\'s internal mechanisms to locate the jammed paper. Gently pull out any visible paper scraps or torn pieces. Be cautious not to touch any internal components or rollers, as oils from your skin can cause damage.\n\n**Step 4: Check for Obstructions**\n\nInspect the printer\'s paper path, including the paper tray, rollers, and print head, for any obstructions or debris. Remove any dust, dirt, or other blockages that may be contributing to the jam.\n\n**Step 5: Realign the Paper Tray**\n\nIf the paper tray was dislodged during the jam, realign it according to the manufacturer\'s i', 'row_id_for_gt': 6, 'retrieval_chunk_ids': ['row::6__chunk::0', 'row::6__chunk::1', 'row::1__chunk::1', 'row::8__chunk::0'], 'retrieval_row_ids': [6, 6, 1, 8], 'retrieval_scores': [16.1986575437, 13.7491063513, 11.7521404465, 10.6496651007], 'top_k': 4}",,,s-b3e041cbd1de,,v1,"Query: {query}

Context:
{context}

Answer:"
invocation [adk_rag_minimal],CHAIN,,2025-08-17 20:09:36.622325+00:00,2025-08-17 20:09:39.382135+00:00,OK,,[],93412a48113c1e53,bb1f403b7189576e3c71ddf90d41b875,u,application/json,CHAIN,application/json,,,,,,,"{""user_id"": ""u"", ""session_id"": ""s-b3e041cbd1de"", ""new_message"": {""parts"": [{""text"": ""Query: My company-issued tablet is freezing frequently and I'm unable to access some of my apps, what can I do to fix the issue?\n\nContext:\n**Troubleshooting Issues with Company-Issued Tablets**\n\nThis article provides step-by-step guidance for troubleshooting common issues with company-issued tablets. Please follow the steps outlined below to resolve the issue before escalating to advanced support.\n\n**Step 1: Power Cycle the Tablet**\n\n* Press and hold the power button until the tablet shuts down.\n* Wait for 30 seconds to allow any residual power to drain.\n* Press the power button again to turn the tablet back on.\n* Observe if the issue persists.\n\n**Step 2: Check for Software Updates**\n\n* Ensure the tablet is connected to a stable internet connection.\n* Go to **Settings** > **System** > **System Update**.\n* Check for available software updates and install any pending updates.\n* Restart the tablet after installation.\n\n**Step 3: Restart in Safe Mode**\n\n* Press and hold the power button until the tablet shuts down.\n* Press the power button again to turn the tablet back on.\n* Immediately hold down the **Volume Down** button until the tablet boots into safe mode.\n* Observe if the issue persists in safe mode.\n\n**Step 4: Check for App-Related Issues**\n\n* Identify the app that is experiencing issues.\n* Go to **Settings** > **Ap\n\nhe issue persists in safe mode.\n\n**Step 4: Check for App-Related Issues**\n\n* Identify the app that is experiencing issues.\n* Go to **Settings** > **Apps** > **[App Name]**.\n* Clear the app's cache and data.\n* Restart the app to see if the issue is resolved.\n\n**Step 5: Perform a Factory Reset**\n\n* Go to **Settings** > **System** > **Advanced** > **Reset Options**.\n* Select **Erase all data (factory reset)**.\n* Follow the prompts to complete the reset process.\n* Note: This step will erase all data on the tablet, so ensure that all important data is backed up before proceeding.\n\n**Step 6: Check for Hardware Issues**\n\n* Inspect the tablet for any signs of physical damage or wear.\n* Check the charging port and ensure it is free from debris.\n* Try using a different charging cable or power source.\n\n**Step 7: Gather Diagnostic Information**\n\n* Go to **Settings** > **System** > **About Tablet**.\n* Take note of the tablet's operating system version, device ID, and any error messages.\n* Provide this information to advanced support if the issue cannot be resolved through these troubleshooting steps.\n\nIf none of the above steps resolve the issue, please escalate the issue to advanced support, p\n\ncomplete the process.\n\n**Step 5: Confirm PIN Reset**\n\n1. You will receive a confirmation message indicating that your PIN has been successfully reset.\n2. Click the \""OK\"" button to close the message.\n\n**Important Notes:**\n\n* If you are unable to reset your PIN using the self-service tool, please contact the IT Helpdesk for assistance.\n* It is recommended to keep your PIN confidential and not share it with anyone.\n* You can reset your PIN a maximum of 3 times in a 24-hour period. If you exceed this limit, you will need to contact the IT Helpdesk to reset your PIN.\n\nBy following these steps, you should be able to reset your forgotten PIN and regain access to company systems and applications. If you encounter any issues during the process, please do not hesitate to reach out to the IT Helpdesk for further assistance.\n\n**Resetting a Jammed Printer**\n\n**Step 1: Turn Off the Printer**\n\nImmediately turn off the printer to prevent any further damage or paper jams. Locate the power button, usually found on the top or front of the printer, and press it to shut down the device.\n\n**Step 2: Open the Printer**\n\nLocate the printer's access panel, which varies depending on the printer model. Common locations include the top, front, or back of the printer. Open the panel by pressing the release latch or sliding it open. This will give you access to the internal mechanisms.\n\n**Step 3: Identify and Remove Jammed Paper**\n\nCarefully inspect the printer's internal mechanisms to locate the jammed paper. Gently pull out any visible paper scraps or torn pieces. Be cautious not to touch any internal components or rollers, as oils from your skin can cause damage.\n\n**Step 4: Check for Obstructions**\n\nInspect the printer's paper path, including the paper tray, rollers, and print head, for any obstructions or debris. Remove any dust, dirt, or other blockages that may be contributing to the jam.\n\n**Step 5: Realign the Paper Tray**\n\nIf the paper tray was dislodged during the jam, realign it according to the manufacturer's i\n\nAnswer:""}], ""role"": ""user""}, ""run_config"": {""save_input_blobs_as_artifacts"": false, ""support_cfc"": false, ""streaming_mode"": ""StreamingMode.NONE"", ""max_llm_calls"": 500}}",,"{""content"":{""parts"":[{""text"":""To fix the freezing and app access issues on your company-issued tablet, try the following steps:\n\n1.  **Power Cycle:** Restart the tablet by holding the power button until it shuts down, wait 30 seconds, and then turn it back on.\n2.  **Software Updates:** Connect to the internet and check for software updates in **Settings** > **System** > **System Update**. Install any updates and restart the tablet.\n3.  **Safe Mode:** Restart the tablet and hold the **Volume Down** button to boot into safe mode. See if the issue persists.\n4.  **App Issues:** Go to **Settings** > **Apps** > **[App Name]** for the problematic app. Clear the app's cache and data, then restart the app.\n5.  **Factory Reset:** As a last resort, go to **Settings** > **System** > **Advanced** > **Reset Options** and select **Erase all data (factory reset)**. Note that this will erase all data on the tablet, so ensure that all important data is backed up before proceeding.\n6.  **Hardware Issues:** Inspect the tablet for physical damage and check the charging port. Try a different charging cable.\n\nIf these steps don't work, gather diagnostic information from **Settings** > **System** > **About Tablet** (OS version, device ID, error messages) and escalate the issue to advanced support.""}],""role"":""model""},""usage_metadata"":{""candidates_token_count"":299,""candidates_tokens_details"":[{""modality"":""TEXT"",""token_count"":299}],""prompt_token_count"":1137,""prompt_tokens_details"":[{""modality"":""TEXT"",""token_count"":1137}],""total_token_count"":1436,""traffic_type"":""ON_DEMAND""},""invocation_id"":""e-9541b174-1e03-48e0-91ed-5d9e9140b39a"",""author"":""adk_rag_minimal_agent"",""actions"":{""state_delta"":{},""artifact_delta"":{},""requested_auth_configs"":{}},""id"":""lfClde8c"",""timestamp"":1755461376.623202}","{'query': ""My company-issued tablet is freezing frequently and I'm unable to access some of my apps, what can I do to fix the issue?"", 'context': '**Troubleshooting Issues with Company-Issued Tablets**\n\nThis article provides step-by-step guidance for troubleshooting common issues with company-issued tablets. Please follow the steps outlined below to resolve the issue before escalating to advanced support.\n\n**Step 1: Power Cycle the Tablet**\n\n* Press and hold the power button until the tablet shuts down.\n* Wait for 30 seconds to allow any residual power to drain.\n* Press the power button again to turn the tablet back on.\n* Observe if the issue persists.\n\n**Step 2: Check for Software Updates**\n\n* Ensure the tablet is connected to a stable internet connection.\n* Go to **Settings** > **System** > **System Update**.\n* Check for available software updates and install any pending updates.\n* Restart the tablet after installation.\n\n**Step 3: Restart in Safe Mode**\n\n* Press and hold the power button until the tablet shuts down.\n* Press the power button again to turn the tablet back on.\n* Immediately hold down the **Volume Down** button until the tablet boots into safe mode.\n* Observe if the issue persists in safe mode.\n\n**Step 4: Check for App-Related Issues**\n\n* Identify the app that is experiencing issues.\n* Go to **Settings** > **Ap\n\nhe issue persists in safe mode.\n\n**Step 4: Check for App-Related Issues**\n\n* Identify the app that is experiencing issues.\n* Go to **Settings** > **Apps** > **[App Name]**.\n* Clear the app\'s cache and data.\n* Restart the app to see if the issue is resolved.\n\n**Step 5: Perform a Factory Reset**\n\n* Go to **Settings** > **System** > **Advanced** > **Reset Options**.\n* Select **Erase all data (factory reset)**.\n* Follow the prompts to complete the reset process.\n* Note: This step will erase all data on the tablet, so ensure that all important data is backed up before proceeding.\n\n**Step 6: Check for Hardware Issues**\n\n* Inspect the tablet for any signs of physical damage or wear.\n* Check the charging port and ensure it is free from debris.\n* Try using a different charging cable or power source.\n\n**Step 7: Gather Diagnostic Information**\n\n* Go to **Settings** > **System** > **About Tablet**.\n* Take note of the tablet\'s operating system version, device ID, and any error messages.\n* Provide this information to advanced support if the issue cannot be resolved through these troubleshooting steps.\n\nIf none of the above steps resolve the issue, please escalate the issue to advanced support, p\n\ncomplete the process.\n\n**Step 5: Confirm PIN Reset**\n\n1. You will receive a confirmation message indicating that your PIN has been successfully reset.\n2. Click the ""OK"" button to close the message.\n\n**Important Notes:**\n\n* If you are unable to reset your PIN using the self-service tool, please contact the IT Helpdesk for assistance.\n* It is recommended to keep your PIN confidential and not share it with anyone.\n* You can reset your PIN a maximum of 3 times in a 24-hour period. If you exceed this limit, you will need to contact the IT Helpdesk to reset your PIN.\n\nBy following these steps, you should be able to reset your forgotten PIN and regain access to company systems and applications. If you encounter any issues during the process, please do not hesitate to reach out to the IT Helpdesk for further assistance.\n\n**Resetting a Jammed Printer**\n\n**Step 1: Turn Off the Printer**\n\nImmediately turn off the printer to prevent any further damage or paper jams. Locate the power button, usually found on the top or front of the printer, and press it to shut down the device.\n\n**Step 2: Open the Printer**\n\nLocate the printer\'s access panel, which varies depending on the printer model. Common locations include the top, front, or back of the printer. Open the panel by pressing the release latch or sliding it open. This will give you access to the internal mechanisms.\n\n**Step 3: Identify and Remove Jammed Paper**\n\nCarefully inspect the printer\'s internal mechanisms to locate the jammed paper. Gently pull out any visible paper scraps or torn pieces. Be cautious not to touch any internal components or rollers, as oils from your skin can cause damage.\n\n**Step 4: Check for Obstructions**\n\nInspect the printer\'s paper path, including the paper tray, rollers, and print head, for any obstructions or debris. Remove any dust, dirt, or other blockages that may be contributing to the jam.\n\n**Step 5: Realign the Paper Tray**\n\nIf the paper tray was dislodged during the jam, realign it according to the manufacturer\'s i', 'row_id_for_gt': 6, 'retrieval_chunk_ids': ['row::6__chunk::0', 'row::6__chunk::1', 'row::1__chunk::1', 'row::8__chunk::0'], 'retrieval_row_ids': [6, 6, 1, 8], 'retrieval_scores': [16.1986575437, 13.7491063513, 11.7521404465, 10.6496651007], 'top_k': 4}",,,s-b3e041cbd1de,,v1,"Query: {query}

Context:
{context}

Answer:"
call_llm,LLM,b755ca3b5dd70100,2025-08-17 20:15:07.732407+00:00,2025-08-17 20:15:10.167708+00:00,OK,,[],36bac7e254ee963a,99f2b5319487dfde3dc6757e933063d2,u,application/json,LLM,application/json,"[{'message.role': 'system', 'message.content': 'You are a strict RAG agent. Use only the provided context. If the context does not contain the answer, reply that you don\'t know. Do not include any internal IDs or citations in your answer. Be concise.\n\nYou are an agent. Your internal name is ""adk_rag_minimal_agent"".\n\n The description about you is ""Minimal RAG over CSV corpus""'}, {'message.role': 'user', 'message.contents': [{'message_content.type': 'text', 'message_content.text': 'Query: How do I set up my company email on my mobile device?\n\nContext:\n**Setting Up a Mobile Device for Company Email**\n\n**Prerequisites:**\n\n* Mobile device with a supported operating system (iOS, Android, or Windows)\n* Company email account credentials\n* Mobile device management (MDM) profile installed (if required by company policy)\n\n**Step 1: Ensure Mobile Device Management (MDM) Profile is Installed (if required)**\n\nIf your company requires MDM for mobile devices, ensure that the profile is installed on your device. This profile will allow your device to connect to the company network and access company email. If you are unsure whether MDM is required, contact your IT department for assistance.\n\n**Step 2: Set Up Email Account on Mobile Device**\n\n1. Go to the Settings app on your mobile device.\n2. Select ""Mail"" or ""Email"" (depending on your device\'s operating system).\n3. Tap ""Add Account"" or ""Create a new account"".\n4. Select ""Exchange"" or ""Corporate"" as the account type.\n5. Enter your company email address and password.\n6. If prompted, enter the company\'s email server address (e.g., mail.company.com).\n7. Select the desired synchronization options (e.g., sync email, contacts, calendar).\n\n**Step 3: Configure Email Settings**\n\n1. In the email account \n\nunt settings.\n\n**Additional Information:**\n\n* For security reasons, it is recommended to set up a password or PIN lock on your mobile device.\n* Company email policies may require additional security measures, such as encryption or two-factor authentication. Contact your IT department for more information.\n* If you need further assistance or have questions about company email policies, contact your IT department or refer to the company\'s email policy documentation.\n\n\n7. Select the desired synchronization options (e.g., sync email, contacts, calendar).\n\n**Step 3: Configure Email Settings**\n\n1. In the email account settings, select the ""Advanced"" or ""Security"" option.\n2. Ensure that the ""Use SSL/TLS"" or ""Use secure connection"" option is enabled.\n3. Set the authentication method to ""Username and Password"" or ""Domain\\Username"".\n4. If prompted, enter your company\'s email domain (e.g., company.com).\n\n**Step 4: Verify Email Account**\n\n1. Wait for the email account to synchronize with the company email server.\n2. Send a test email to yourself or a colleague to verify that email is sending and receiving correctly.\n\n**Troubleshooting Tips:**\n\n* If you encounter issues setting up your email account, ensure that your device has a stable internet connection and that your email credentials are correct.\n* If you are unable to connect to the company email server, contact your IT department for assistance.\n* If you experience issues with email synchronization, try restarting your device or checking the email account settings.\n\n**Additional Information:**\n\n* For security reasons, it is recommended to set up a password or PIN lock on your mobile device.\n* Compan\n\n**Configuring Email on an Android Device**\n\nThis article provides step-by-step instructions on how to configure email on an Android device. Please follow the steps below to set up your email account on your Android device.\n\n**Prerequisites:**\n\n* An Android device with a valid internet connection\n* A valid email account (company email or personal email)\n* Email account credentials (username and password)\n\n**Step 1: Go to the Email App**\n\n* Locate the Email app on your Android device. It may be on the home screen or in the app drawer.\n* Tap on the Email app to open it.\n\n**Step 2: Add a New Account**\n\n* Tap on the ""Add account"" or ""Add email account"" button.\n* Select ""Email"" or ""Corporate"" as the account type, depending on your email provider.\n* Enter your email address and password in the required fields.\n* Tap ""Next"" to proceed.\n\n**Step 3: Configure Server Settings**\n\n* The device will attempt to automatically configure the server settings. If it fails, you will need to enter the settings manually.\n* Tap on ""Manual setup"" or ""Advanced setup"" to enter the server settings manually.\n* Enter the following information:\n\t+ Incoming server: [company email server or personal email server]\n\t\n\nAnswer:'}]}]","{'vertex': {'agent': {'llm_response': '{""content"":{""parts"":[{""text"":""To set up your company email on your mobile device:\\n\\n1.  Ensure a Mobile Device Management (MDM) profile is installed if required by your company.\\n2.  Go to the Settings app on your mobile device.\\n3.  Select \\""Mail\\"" or \\""Email\\"".\\n4.  Tap \\""Add Account\\"" or \\""Create a new account\\"".\\n5.  Select \\""Exchange\\"" or \\""Corporate\\"" as the account type.\\n6.  Enter your company email address and password.\\n7.  If prompted, enter the company\'s email server address.\\n8.  Select the desired synchronization options.\\n9.  In the email account settings, select the \\""Advanced\\"" or \\""Security\\"" option.\\n10. Ensure that the \\""Use SSL/TLS\\"" or \\""Use secure connection\\"" option is enabled.\\n11. Set the authentication method to \\""Username and Password\\"" or \\""Domain\\\\Username\\"".\\n12. If prompted, enter your company\'s email domain.\\n13. Wait for the email account to synchronize with the company email server.\\n14. Send a test email to verify that email is sending and receiving correctly.""}],""role"":""model""},""usage_metadata"":{""candidates_token_count"":244,""candidates_tokens_details"":[{""modality"":""TEXT"",""token_count"":244}],""prompt_token_count"":1018,""prompt_tokens_details"":[{""modality"":""TEXT"",""token_count"":1018}],""total_token_count"":1262,""traffic_type"":""ON_DEMAND""}}', 'llm_request': '{""model"": ""gemini-2.0-flash"", ""config"": {""system_instruction"": ""You are a strict RAG agent. Use only the provided context. If the context does not contain the answer, reply that you don\'t know. Do not include any internal IDs or citations in your answer. Be concise.\\n\\nYou are an agent. Your internal name is \\""adk_rag_minimal_agent\\"".\\n\\n The description about you is \\""Minimal RAG over CSV corpus\\"""", ""temperature"": 0.0, ""labels"": {""adk_agent_name"": ""adk_rag_minimal_agent""}}, ""contents"": [{""parts"": [{""text"": ""Query: How do I set up my company email on my mobile device?\\n\\nContext:\\n**Setting Up a Mobile Device for Company Email**\\n\\n**Prerequisites:**\\n\\n* Mobile device with a supported operating system (iOS, Android, or Windows)\\n* Company email account credentials\\n* Mobile device management (MDM) profile installed (if required by company policy)\\n\\n**Step 1: Ensure Mobile Device Management (MDM) Profile is Installed (if required)**\\n\\nIf your company requires MDM for mobile devices, ensure that the profile is installed on your device. This profile will allow your device to connect to the company network and access company email. If you are unsure whether MDM is required, contact your IT department for assistance.\\n\\n**Step 2: Set Up Email Account on Mobile Device**\\n\\n1. Go to the Settings app on your mobile device.\\n2. Select \\""Mail\\"" or \\""Email\\"" (depending on your device\'s operating system).\\n3. Tap \\""Add Account\\"" or \\""Create a new account\\"".\\n4. Select \\""Exchange\\"" or \\""Corporate\\"" as the account type.\\n5. Enter your company email address and password.\\n6. If prompted, enter the company\'s email server address (e.g., mail.company.com).\\n7. Select the desired synchronization options (e.g., sync email, contacts, calendar).\\n\\n**Step 3: Configure Email Settings**\\n\\n1. In the email account \\n\\nunt settings.\\n\\n**Additional Information:**\\n\\n* For security reasons, it is recommended to set up a password or PIN lock on your mobile device.\\n* Company email policies may require additional security measures, such as encryption or two-factor authentication. Contact your IT department for more information.\\n* If you need further assistance or have questions about company email policies, contact your IT department or refer to the company\'s email policy documentation.\\n\\n\\n7. Select the desired synchronization options (e.g., sync email, contacts, calendar).\\n\\n**Step 3: Configure Email Settings**\\n\\n1. In the email account settings, select the \\""Advanced\\"" or \\""Security\\"" option.\\n2. Ensure that the \\""Use SSL/TLS\\"" or \\""Use secure connection\\"" option is enabled.\\n3. Set the authentication method to \\""Username and Password\\"" or \\""Domain\\\\Username\\"".\\n4. If prompted, enter your company\'s email domain (e.g., company.com).\\n\\n**Step 4: Verify Email Account**\\n\\n1. Wait for the email account to synchronize with the company email server.\\n2. Send a test email to yourself or a colleague to verify that email is sending and receiving correctly.\\n\\n**Troubleshooting Tips:**\\n\\n* If you encounter issues setting up your email account, ensure that your device has a stable internet connection and that your email credentials are correct.\\n* If you are unable to connect to the company email server, contact your IT department for assistance.\\n* If you experience issues with email synchronization, try restarting your device or checking the email account settings.\\n\\n**Additional Information:**\\n\\n* For security reasons, it is recommended to set up a password or PIN lock on your mobile device.\\n* Compan\\n\\n**Configuring Email on an Android Device**\\n\\nThis article provides step-by-step instructions on how to configure email on an Android device. Please follow the steps below to set up your email account on your Android device.\\n\\n**Prerequisites:**\\n\\n* An Android device with a valid internet connection\\n* A valid email account (company email or personal email)\\n* Email account credentials (username and password)\\n\\n**Step 1: Go to the Email App**\\n\\n* Locate the Email app on your Android device. It may be on the home screen or in the app drawer.\\n* Tap on the Email app to open it.\\n\\n**Step 2: Add a New Account**\\n\\n* Tap on the \\""Add account\\"" or \\""Add email account\\"" button.\\n* Select \\""Email\\"" or \\""Corporate\\"" as the account type, depending on your email provider.\\n* Enter your email address and password in the required fields.\\n* Tap \\""Next\\"" to proceed.\\n\\n**Step 3: Configure Server Settings**\\n\\n* The device will attempt to automatically configure the server settings. If it fails, you will need to enter the settings manually.\\n* Tap on \\""Manual setup\\"" or \\""Advanced setup\\"" to enter the server settings manually.\\n* Enter the following information:\\n\\t+ Incoming server: [company email server or personal email server]\\n\\t\\n\\nAnswer:""}], ""role"": ""user""}]}', 'session_id': 's-911295bb7c08', 'invocation_id': 'e-5dcdec1d-5866-4d80-9acf-9ad31b1a7633', 'event_id': 't9qsQO39'}}}","{""system_instruction"":""You are a strict RAG agent. Use only the provided context. If the context does not contain the answer, reply that you don't know. Do not include any internal IDs or citations in your answer. Be concise.\n\nYou are an agent. Your internal name is \""adk_rag_minimal_agent\"".\n\n The description about you is \""Minimal RAG over CSV corpus\"""",""temperature"":0.0,""labels"":{""adk_agent_name"":""adk_rag_minimal_agent""}}",1262.0,244.0,"{'system': 'gcp.vertex.agent', 'request': {'model': 'gemini-2.0-flash'}}","{""model"": ""gemini-2.0-flash"", ""config"": {""system_instruction"": ""You are a strict RAG agent. Use only the provided context. If the context does not contain the answer, reply that you don't know. Do not include any internal IDs or citations in your answer. Be concise.\n\nYou are an agent. Your internal name is \""adk_rag_minimal_agent\"".\n\n The description about you is \""Minimal RAG over CSV corpus\"""", ""temperature"": 0.0, ""labels"": {""adk_agent_name"": ""adk_rag_minimal_agent""}}, ""contents"": [{""parts"": [{""text"": ""Query: How do I set up my company email on my mobile device?\n\nContext:\n**Setting Up a Mobile Device for Company Email**\n\n**Prerequisites:**\n\n* Mobile device with a supported operating system (iOS, Android, or Windows)\n* Company email account credentials\n* Mobile device management (MDM) profile installed (if required by company policy)\n\n**Step 1: Ensure Mobile Device Management (MDM) Profile is Installed (if required)**\n\nIf your company requires MDM for mobile devices, ensure that the profile is installed on your device. This profile will allow your device to connect to the company network and access company email. If you are unsure whether MDM is required, contact your IT department for assistance.\n\n**Step 2: Set Up Email Account on Mobile Device**\n\n1. Go to the Settings app on your mobile device.\n2. Select \""Mail\"" or \""Email\"" (depending on your device's operating system).\n3. Tap \""Add Account\"" or \""Create a new account\"".\n4. Select \""Exchange\"" or \""Corporate\"" as the account type.\n5. Enter your company email address and password.\n6. If prompted, enter the company's email server address (e.g., mail.company.com).\n7. Select the desired synchronization options (e.g., sync email, contacts, calendar).\n\n**Step 3: Configure Email Settings**\n\n1. In the email account \n\nunt settings.\n\n**Additional Information:**\n\n* For security reasons, it is recommended to set up a password or PIN lock on your mobile device.\n* Company email policies may require additional security measures, such as encryption or two-factor authentication. Contact your IT department for more information.\n* If you need further assistance or have questions about company email policies, contact your IT department or refer to the company's email policy documentation.\n\n\n7. Select the desired synchronization options (e.g., sync email, contacts, calendar).\n\n**Step 3: Configure Email Settings**\n\n1. In the email account settings, select the \""Advanced\"" or \""Security\"" option.\n2. Ensure that the \""Use SSL/TLS\"" or \""Use secure connection\"" option is enabled.\n3. Set the authentication method to \""Username and Password\"" or \""Domain\\Username\"".\n4. If prompted, enter your company's email domain (e.g., company.com).\n\n**Step 4: Verify Email Account**\n\n1. Wait for the email account to synchronize with the company email server.\n2. Send a test email to yourself or a colleague to verify that email is sending and receiving correctly.\n\n**Troubleshooting Tips:**\n\n* If you encounter issues setting up your email account, ensure that your device has a stable internet connection and that your email credentials are correct.\n* If you are unable to connect to the company email server, contact your IT department for assistance.\n* If you experience issues with email synchronization, try restarting your device or checking the email account settings.\n\n**Additional Information:**\n\n* For security reasons, it is recommended to set up a password or PIN lock on your mobile device.\n* Compan\n\n**Configuring Email on an Android Device**\n\nThis article provides step-by-step instructions on how to configure email on an Android device. Please follow the steps below to set up your email account on your Android device.\n\n**Prerequisites:**\n\n* An Android device with a valid internet connection\n* A valid email account (company email or personal email)\n* Email account credentials (username and password)\n\n**Step 1: Go to the Email App**\n\n* Locate the Email app on your Android device. It may be on the home screen or in the app drawer.\n* Tap on the Email app to open it.\n\n**Step 2: Add a New Account**\n\n* Tap on the \""Add account\"" or \""Add email account\"" button.\n* Select \""Email\"" or \""Corporate\"" as the account type, depending on your email provider.\n* Enter your email address and password in the required fields.\n* Tap \""Next\"" to proceed.\n\n**Step 3: Configure Server Settings**\n\n* The device will attempt to automatically configure the server settings. If it fails, you will need to enter the settings manually.\n* Tap on \""Manual setup\"" or \""Advanced setup\"" to enter the server settings manually.\n* Enter the following information:\n\t+ Incoming server: [company email server or personal email server]\n\t\n\nAnswer:""}], ""role"": ""user""}]}",1018.0,"{""content"":{""parts"":[{""text"":""To set up your company email on your mobile device:\n\n1.  Ensure a Mobile Device Management (MDM) profile is installed if required by your company.\n2.  Go to the Settings app on your mobile device.\n3.  Select \""Mail\"" or \""Email\"".\n4.  Tap \""Add Account\"" or \""Create a new account\"".\n5.  Select \""Exchange\"" or \""Corporate\"" as the account type.\n6.  Enter your company email address and password.\n7.  If prompted, enter the company's email server address.\n8.  Select the desired synchronization options.\n9.  In the email account settings, select the \""Advanced\"" or \""Security\"" option.\n10. Ensure that the \""Use SSL/TLS\"" or \""Use secure connection\"" option is enabled.\n11. Set the authentication method to \""Username and Password\"" or \""Domain\\Username\"".\n12. If prompted, enter your company's email domain.\n13. Wait for the email account to synchronize with the company email server.\n14. Send a test email to verify that email is sending and receiving correctly.""}],""role"":""model""},""usage_metadata"":{""candidates_token_count"":244,""candidates_tokens_details"":[{""modality"":""TEXT"",""token_count"":244}],""prompt_token_count"":1018,""prompt_tokens_details"":[{""modality"":""TEXT"",""token_count"":1018}],""total_token_count"":1262,""traffic_type"":""ON_DEMAND""}}","{'query': 'How do I set up my company email on my mobile device?', 'context': '**Setting Up a Mobile Device for Company Email**\n\n**Prerequisites:**\n\n* Mobile device with a supported operating system (iOS, Android, or Windows)\n* Company email account credentials\n* Mobile device management (MDM) profile installed (if required by company policy)\n\n**Step 1: Ensure Mobile Device Management (MDM) Profile is Installed (if required)**\n\nIf your company requires MDM for mobile devices, ensure that the profile is installed on your device. This profile will allow your device to connect to the company network and access company email. If you are unsure whether MDM is required, contact your IT department for assistance.\n\n**Step 2: Set Up Email Account on Mobile Device**\n\n1. Go to the Settings app on your mobile device.\n2. Select ""Mail"" or ""Email"" (depending on your device\'s operating system).\n3. Tap ""Add Account"" or ""Create a new account"".\n4. Select ""Exchange"" or ""Corporate"" as the account type.\n5. Enter your company email address and password.\n6. If prompted, enter the company\'s email server address (e.g., mail.company.com).\n7. Select the desired synchronization options (e.g., sync email, contacts, calendar).\n\n**Step 3: Configure Email Settings**\n\n1. In the email account \n\nunt settings.\n\n**Additional Information:**\n\n* For security reasons, it is recommended to set up a password or PIN lock on your mobile device.\n* Company email policies may require additional security measures, such as encryption or two-factor authentication. Contact your IT department for more information.\n* If you need further assistance or have questions about company email policies, contact your IT department or refer to the company\'s email policy documentation.\n\n\n7. Select the desired synchronization options (e.g., sync email, contacts, calendar).\n\n**Step 3: Configure Email Settings**\n\n1. In the email account settings, select the ""Advanced"" or ""Security"" option.\n2. Ensure that the ""Use SSL/TLS"" or ""Use secure connection"" option is enabled.\n3. Set the authentication method to ""Username and Password"" or ""Domain\\Username"".\n4. If prompted, enter your company\'s email domain (e.g., company.com).\n\n**Step 4: Verify Email Account**\n\n1. Wait for the email account to synchronize with the company email server.\n2. Send a test email to yourself or a colleague to verify that email is sending and receiving correctly.\n\n**Troubleshooting Tips:**\n\n* If you encounter issues setting up your email account, ensure that your device has a stable internet connection and that your email credentials are correct.\n* If you are unable to connect to the company email server, contact your IT department for assistance.\n* If you experience issues with email synchronization, try restarting your device or checking the email account settings.\n\n**Additional Information:**\n\n* For security reasons, it is recommended to set up a password or PIN lock on your mobile device.\n* Compan\n\n**Configuring Email on an Android Device**\n\nThis article provides step-by-step instructions on how to configure email on an Android device. Please follow the steps below to set up your email account on your Android device.\n\n**Prerequisites:**\n\n* An Android device with a valid internet connection\n* A valid email account (company email or personal email)\n* Email account credentials (username and password)\n\n**Step 1: Go to the Email App**\n\n* Locate the Email app on your Android device. It may be on the home screen or in the app drawer.\n* Tap on the Email app to open it.\n\n**Step 2: Add a New Account**\n\n* Tap on the ""Add account"" or ""Add email account"" button.\n* Select ""Email"" or ""Corporate"" as the account type, depending on your email provider.\n* Enter your email address and password in the required fields.\n* Tap ""Next"" to proceed.\n\n**Step 3: Configure Server Settings**\n\n* The device will attempt to automatically configure the server settings. If it fails, you will need to enter the settings manually.\n* Tap on ""Manual setup"" or ""Advanced setup"" to enter the server settings manually.\n* Enter the following information:\n\t+ Incoming server: [company email server or personal email server]\n\t', 'row_id_for_gt': 0, 'retrieval_chunk_ids': ['row::0__chunk::0', 'row::0__chunk::2', 'row::0__chunk::1', 'row::9__chunk::0'], 'retrieval_row_ids': [0, 0, 0, 9], 'retrieval_scores': [9.8409513347, 8.0218741166, 7.1464003217, 6.9649705296], 'top_k': 4}",google,gemini-2.0-flash,s-911295bb7c08,"[{'message.role': 'model', 'message.contents': [{'message_content.type': 'text', 'message_content.text': 'To set up your company email on your mobile device:\n\n1.  Ensure a Mobile Device Management (MDM) profile is installed if required by your company.\n2.  Go to the Settings app on your mobile device.\n3.  Select ""Mail"" or ""Email"".\n4.  Tap ""Add Account"" or ""Create a new account"".\n5.  Select ""Exchange"" or ""Corporate"" as the account type.\n6.  Enter your company email address and password.\n7.  If prompted, enter the company\'s email server address.\n8.  Select the desired synchronization options.\n9.  In the email account settings, select the ""Advanced"" or ""Security"" option.\n10. Ensure that the ""Use SSL/TLS"" or ""Use secure connection"" option is enabled.\n11. Set the authentication method to ""Username and Password"" or ""Domain\\Username"".\n12. If prompted, enter your company\'s email domain.\n13. Wait for the email account to synchronize with the company email server.\n14. Send a test email to verify that email is sending and receiving correctly.'}]}]",v1,"Query: {query}

Context:
{context}

Answer:"
agent_run [adk_rag_minimal_agent],AGENT,383814f51923b13c,2025-08-17 20:15:07.731920+00:00,2025-08-17 20:15:10.174080+00:00,OK,,[],b755ca3b5dd70100,99f2b5319487dfde3dc6757e933063d2,u,,AGENT,application/json,,,,,,,,,"{""content"":{""parts"":[{""text"":""To set up your company email on your mobile device:\n\n1.  Ensure a Mobile Device Management (MDM) profile is installed if required by your company.\n2.  Go to the Settings app on your mobile device.\n3.  Select \""Mail\"" or \""Email\"".\n4.  Tap \""Add Account\"" or \""Create a new account\"".\n5.  Select \""Exchange\"" or \""Corporate\"" as the account type.\n6.  Enter your company email address and password.\n7.  If prompted, enter the company's email server address.\n8.  Select the desired synchronization options.\n9.  In the email account settings, select the \""Advanced\"" or \""Security\"" option.\n10. Ensure that the \""Use SSL/TLS\"" or \""Use secure connection\"" option is enabled.\n11. Set the authentication method to \""Username and Password\"" or \""Domain\\Username\"".\n12. If prompted, enter your company's email domain.\n13. Wait for the email account to synchronize with the company email server.\n14. Send a test email to verify that email is sending and receiving correctly.""}],""role"":""model""},""usage_metadata"":{""candidates_token_count"":244,""candidates_tokens_details"":[{""modality"":""TEXT"",""token_count"":244}],""prompt_token_count"":1018,""prompt_tokens_details"":[{""modality"":""TEXT"",""token_count"":1018}],""total_token_count"":1262,""traffic_type"":""ON_DEMAND""},""invocation_id"":""e-5dcdec1d-5866-4d80-9acf-9ad31b1a7633"",""author"":""adk_rag_minimal_agent"",""actions"":{""state_delta"":{},""artifact_delta"":{},""requested_auth_configs"":{}},""id"":""t9qsQO39"",""timestamp"":1755461707.732325}","{'query': 'How do I set up my company email on my mobile device?', 'context': '**Setting Up a Mobile Device for Company Email**\n\n**Prerequisites:**\n\n* Mobile device with a supported operating system (iOS, Android, or Windows)\n* Company email account credentials\n* Mobile device management (MDM) profile installed (if required by company policy)\n\n**Step 1: Ensure Mobile Device Management (MDM) Profile is Installed (if required)**\n\nIf your company requires MDM for mobile devices, ensure that the profile is installed on your device. This profile will allow your device to connect to the company network and access company email. If you are unsure whether MDM is required, contact your IT department for assistance.\n\n**Step 2: Set Up Email Account on Mobile Device**\n\n1. Go to the Settings app on your mobile device.\n2. Select ""Mail"" or ""Email"" (depending on your device\'s operating system).\n3. Tap ""Add Account"" or ""Create a new account"".\n4. Select ""Exchange"" or ""Corporate"" as the account type.\n5. Enter your company email address and password.\n6. If prompted, enter the company\'s email server address (e.g., mail.company.com).\n7. Select the desired synchronization options (e.g., sync email, contacts, calendar).\n\n**Step 3: Configure Email Settings**\n\n1. In the email account \n\nunt settings.\n\n**Additional Information:**\n\n* For security reasons, it is recommended to set up a password or PIN lock on your mobile device.\n* Company email policies may require additional security measures, such as encryption or two-factor authentication. Contact your IT department for more information.\n* If you need further assistance or have questions about company email policies, contact your IT department or refer to the company\'s email policy documentation.\n\n\n7. Select the desired synchronization options (e.g., sync email, contacts, calendar).\n\n**Step 3: Configure Email Settings**\n\n1. In the email account settings, select the ""Advanced"" or ""Security"" option.\n2. Ensure that the ""Use SSL/TLS"" or ""Use secure connection"" option is enabled.\n3. Set the authentication method to ""Username and Password"" or ""Domain\\Username"".\n4. If prompted, enter your company\'s email domain (e.g., company.com).\n\n**Step 4: Verify Email Account**\n\n1. Wait for the email account to synchronize with the company email server.\n2. Send a test email to yourself or a colleague to verify that email is sending and receiving correctly.\n\n**Troubleshooting Tips:**\n\n* If you encounter issues setting up your email account, ensure that your device has a stable internet connection and that your email credentials are correct.\n* If you are unable to connect to the company email server, contact your IT department for assistance.\n* If you experience issues with email synchronization, try restarting your device or checking the email account settings.\n\n**Additional Information:**\n\n* For security reasons, it is recommended to set up a password or PIN lock on your mobile device.\n* Compan\n\n**Configuring Email on an Android Device**\n\nThis article provides step-by-step instructions on how to configure email on an Android device. Please follow the steps below to set up your email account on your Android device.\n\n**Prerequisites:**\n\n* An Android device with a valid internet connection\n* A valid email account (company email or personal email)\n* Email account credentials (username and password)\n\n**Step 1: Go to the Email App**\n\n* Locate the Email app on your Android device. It may be on the home screen or in the app drawer.\n* Tap on the Email app to open it.\n\n**Step 2: Add a New Account**\n\n* Tap on the ""Add account"" or ""Add email account"" button.\n* Select ""Email"" or ""Corporate"" as the account type, depending on your email provider.\n* Enter your email address and password in the required fields.\n* Tap ""Next"" to proceed.\n\n**Step 3: Configure Server Settings**\n\n* The device will attempt to automatically configure the server settings. If it fails, you will need to enter the settings manually.\n* Tap on ""Manual setup"" or ""Advanced setup"" to enter the server settings manually.\n* Enter the following information:\n\t+ Incoming server: [company email server or personal email server]\n\t', 'row_id_for_gt': 0, 'retrieval_chunk_ids': ['row::0__chunk::0', 'row::0__chunk::2', 'row::0__chunk::1', 'row::9__chunk::0'], 'retrieval_row_ids': [0, 0, 0, 9], 'retrieval_scores': [9.8409513347, 8.0218741166, 7.1464003217, 6.9649705296], 'top_k': 4}",,,s-911295bb7c08,,v1,"Query: {query}

Context:
{context}

Answer:"
invocation [adk_rag_minimal],CHAIN,,2025-08-17 20:15:07.731548+00:00,2025-08-17 20:15:10.175135+00:00,OK,,[],383814f51923b13c,99f2b5319487dfde3dc6757e933063d2,u,application/json,CHAIN,application/json,,,,,,,"{""user_id"": ""u"", ""session_id"": ""s-911295bb7c08"", ""new_message"": {""parts"": [{""text"": ""Query: How do I set up my company email on my mobile device?\n\nContext:\n**Setting Up a Mobile Device for Company Email**\n\n**Prerequisites:**\n\n* Mobile device with a supported operating system (iOS, Android, or Windows)\n* Company email account credentials\n* Mobile device management (MDM) profile installed (if required by company policy)\n\n**Step 1: Ensure Mobile Device Management (MDM) Profile is Installed (if required)**\n\nIf your company requires MDM for mobile devices, ensure that the profile is installed on your device. This profile will allow your device to connect to the company network and access company email. If you are unsure whether MDM is required, contact your IT department for assistance.\n\n**Step 2: Set Up Email Account on Mobile Device**\n\n1. Go to the Settings app on your mobile device.\n2. Select \""Mail\"" or \""Email\"" (depending on your device's operating system).\n3. Tap \""Add Account\"" or \""Create a new account\"".\n4. Select \""Exchange\"" or \""Corporate\"" as the account type.\n5. Enter your company email address and password.\n6. If prompted, enter the company's email server address (e.g., mail.company.com).\n7. Select the desired synchronization options (e.g., sync email, contacts, calendar).\n\n**Step 3: Configure Email Settings**\n\n1. In the email account \n\nunt settings.\n\n**Additional Information:**\n\n* For security reasons, it is recommended to set up a password or PIN lock on your mobile device.\n* Company email policies may require additional security measures, such as encryption or two-factor authentication. Contact your IT department for more information.\n* If you need further assistance or have questions about company email policies, contact your IT department or refer to the company's email policy documentation.\n\n\n7. Select the desired synchronization options (e.g., sync email, contacts, calendar).\n\n**Step 3: Configure Email Settings**\n\n1. In the email account settings, select the \""Advanced\"" or \""Security\"" option.\n2. Ensure that the \""Use SSL/TLS\"" or \""Use secure connection\"" option is enabled.\n3. Set the authentication method to \""Username and Password\"" or \""Domain\\Username\"".\n4. If prompted, enter your company's email domain (e.g., company.com).\n\n**Step 4: Verify Email Account**\n\n1. Wait for the email account to synchronize with the company email server.\n2. Send a test email to yourself or a colleague to verify that email is sending and receiving correctly.\n\n**Troubleshooting Tips:**\n\n* If you encounter issues setting up your email account, ensure that your device has a stable internet connection and that your email credentials are correct.\n* If you are unable to connect to the company email server, contact your IT department for assistance.\n* If you experience issues with email synchronization, try restarting your device or checking the email account settings.\n\n**Additional Information:**\n\n* For security reasons, it is recommended to set up a password or PIN lock on your mobile device.\n* Compan\n\n**Configuring Email on an Android Device**\n\nThis article provides step-by-step instructions on how to configure email on an Android device. Please follow the steps below to set up your email account on your Android device.\n\n**Prerequisites:**\n\n* An Android device with a valid internet connection\n* A valid email account (company email or personal email)\n* Email account credentials (username and password)\n\n**Step 1: Go to the Email App**\n\n* Locate the Email app on your Android device. It may be on the home screen or in the app drawer.\n* Tap on the Email app to open it.\n\n**Step 2: Add a New Account**\n\n* Tap on the \""Add account\"" or \""Add email account\"" button.\n* Select \""Email\"" or \""Corporate\"" as the account type, depending on your email provider.\n* Enter your email address and password in the required fields.\n* Tap \""Next\"" to proceed.\n\n**Step 3: Configure Server Settings**\n\n* The device will attempt to automatically configure the server settings. If it fails, you will need to enter the settings manually.\n* Tap on \""Manual setup\"" or \""Advanced setup\"" to enter the server settings manually.\n* Enter the following information:\n\t+ Incoming server: [company email server or personal email server]\n\t\n\nAnswer:""}], ""role"": ""user""}, ""run_config"": {""save_input_blobs_as_artifacts"": false, ""support_cfc"": false, ""streaming_mode"": ""StreamingMode.NONE"", ""max_llm_calls"": 500}}",,"{""content"":{""parts"":[{""text"":""To set up your company email on your mobile device:\n\n1.  Ensure a Mobile Device Management (MDM) profile is installed if required by your company.\n2.  Go to the Settings app on your mobile device.\n3.  Select \""Mail\"" or \""Email\"".\n4.  Tap \""Add Account\"" or \""Create a new account\"".\n5.  Select \""Exchange\"" or \""Corporate\"" as the account type.\n6.  Enter your company email address and password.\n7.  If prompted, enter the company's email server address.\n8.  Select the desired synchronization options.\n9.  In the email account settings, select the \""Advanced\"" or \""Security\"" option.\n10. Ensure that the \""Use SSL/TLS\"" or \""Use secure connection\"" option is enabled.\n11. Set the authentication method to \""Username and Password\"" or \""Domain\\Username\"".\n12. If prompted, enter your company's email domain.\n13. Wait for the email account to synchronize with the company email server.\n14. Send a test email to verify that email is sending and receiving correctly.""}],""role"":""model""},""usage_metadata"":{""candidates_token_count"":244,""candidates_tokens_details"":[{""modality"":""TEXT"",""token_count"":244}],""prompt_token_count"":1018,""prompt_tokens_details"":[{""modality"":""TEXT"",""token_count"":1018}],""total_token_count"":1262,""traffic_type"":""ON_DEMAND""},""invocation_id"":""e-5dcdec1d-5866-4d80-9acf-9ad31b1a7633"",""author"":""adk_rag_minimal_agent"",""actions"":{""state_delta"":{},""artifact_delta"":{},""requested_auth_configs"":{}},""id"":""t9qsQO39"",""timestamp"":1755461707.732325}","{'query': 'How do I set up my company email on my mobile device?', 'context': '**Setting Up a Mobile Device for Company Email**\n\n**Prerequisites:**\n\n* Mobile device with a supported operating system (iOS, Android, or Windows)\n* Company email account credentials\n* Mobile device management (MDM) profile installed (if required by company policy)\n\n**Step 1: Ensure Mobile Device Management (MDM) Profile is Installed (if required)**\n\nIf your company requires MDM for mobile devices, ensure that the profile is installed on your device. This profile will allow your device to connect to the company network and access company email. If you are unsure whether MDM is required, contact your IT department for assistance.\n\n**Step 2: Set Up Email Account on Mobile Device**\n\n1. Go to the Settings app on your mobile device.\n2. Select ""Mail"" or ""Email"" (depending on your device\'s operating system).\n3. Tap ""Add Account"" or ""Create a new account"".\n4. Select ""Exchange"" or ""Corporate"" as the account type.\n5. Enter your company email address and password.\n6. If prompted, enter the company\'s email server address (e.g., mail.company.com).\n7. Select the desired synchronization options (e.g., sync email, contacts, calendar).\n\n**Step 3: Configure Email Settings**\n\n1. In the email account \n\nunt settings.\n\n**Additional Information:**\n\n* For security reasons, it is recommended to set up a password or PIN lock on your mobile device.\n* Company email policies may require additional security measures, such as encryption or two-factor authentication. Contact your IT department for more information.\n* If you need further assistance or have questions about company email policies, contact your IT department or refer to the company\'s email policy documentation.\n\n\n7. Select the desired synchronization options (e.g., sync email, contacts, calendar).\n\n**Step 3: Configure Email Settings**\n\n1. In the email account settings, select the ""Advanced"" or ""Security"" option.\n2. Ensure that the ""Use SSL/TLS"" or ""Use secure connection"" option is enabled.\n3. Set the authentication method to ""Username and Password"" or ""Domain\\Username"".\n4. If prompted, enter your company\'s email domain (e.g., company.com).\n\n**Step 4: Verify Email Account**\n\n1. Wait for the email account to synchronize with the company email server.\n2. Send a test email to yourself or a colleague to verify that email is sending and receiving correctly.\n\n**Troubleshooting Tips:**\n\n* If you encounter issues setting up your email account, ensure that your device has a stable internet connection and that your email credentials are correct.\n* If you are unable to connect to the company email server, contact your IT department for assistance.\n* If you experience issues with email synchronization, try restarting your device or checking the email account settings.\n\n**Additional Information:**\n\n* For security reasons, it is recommended to set up a password or PIN lock on your mobile device.\n* Compan\n\n**Configuring Email on an Android Device**\n\nThis article provides step-by-step instructions on how to configure email on an Android device. Please follow the steps below to set up your email account on your Android device.\n\n**Prerequisites:**\n\n* An Android device with a valid internet connection\n* A valid email account (company email or personal email)\n* Email account credentials (username and password)\n\n**Step 1: Go to the Email App**\n\n* Locate the Email app on your Android device. It may be on the home screen or in the app drawer.\n* Tap on the Email app to open it.\n\n**Step 2: Add a New Account**\n\n* Tap on the ""Add account"" or ""Add email account"" button.\n* Select ""Email"" or ""Corporate"" as the account type, depending on your email provider.\n* Enter your email address and password in the required fields.\n* Tap ""Next"" to proceed.\n\n**Step 3: Configure Server Settings**\n\n* The device will attempt to automatically configure the server settings. If it fails, you will need to enter the settings manually.\n* Tap on ""Manual setup"" or ""Advanced setup"" to enter the server settings manually.\n* Enter the following information:\n\t+ Incoming server: [company email server or personal email server]\n\t', 'row_id_for_gt': 0, 'retrieval_chunk_ids': ['row::0__chunk::0', 'row::0__chunk::2', 'row::0__chunk::1', 'row::9__chunk::0'], 'retrieval_row_ids': [0, 0, 0, 9], 'retrieval_scores': [9.8409513347, 8.0218741166, 7.1464003217, 6.9649705296], 'top_k': 4}",,,s-911295bb7c08,,v1,"Query: {query}

Context:
{context}

Answer:"
call_llm,LLM,70ac3e05c3a00069,2025-08-17 20:15:10.178310+00:00,2025-08-17 20:15:12.084324+00:00,OK,,[],bababbd62cbdb4e9,341ab6d288fed52710c5687b692e960f,u,application/json,LLM,application/json,"[{'message.role': 'system', 'message.content': 'You are a strict RAG agent. Use only the provided context. If the context does not contain the answer, reply that you don\'t know. Do not include any internal IDs or citations in your answer. Be concise.\n\nYou are an agent. Your internal name is ""adk_rag_minimal_agent"".\n\n The description about you is ""Minimal RAG over CSV corpus""'}, {'message.role': 'user', 'message.contents': [{'message_content.type': 'text', 'message_content.text': 'Query: I forgot my PIN, how can I reset it?\n\nContext:\ncomplete the process.\n\n**Step 5: Confirm PIN Reset**\n\n1. You will receive a confirmation message indicating that your PIN has been successfully reset.\n2. Click the ""OK"" button to close the message.\n\n**Important Notes:**\n\n* If you are unable to reset your PIN using the self-service tool, please contact the IT Helpdesk for assistance.\n* It is recommended to keep your PIN confidential and not share it with anyone.\n* You can reset your PIN a maximum of 3 times in a 24-hour period. If you exceed this limit, you will need to contact the IT Helpdesk to reset your PIN.\n\nBy following these steps, you should be able to reset your forgotten PIN and regain access to company systems and applications. If you encounter any issues during the process, please do not hesitate to reach out to the IT Helpdesk for further assistance.\n\n**Resetting a Forgotten PIN**\n\nIf you have forgotten your PIN, you can reset it using the following steps:\n\n**Step 1: Access the PIN Reset Tool**\n\n1. Go to the company\'s intranet homepage and click on the ""IT Support"" link at the top right corner of the page.\n2. Click on the ""Self-Service"" tab and then select ""PIN Reset"" from the drop-down menu.\n3. You will be redirected to the PIN Reset Tool login page.\n\n**Step 2: Authenticate with Your Credentials**\n\n1. Enter your company username and password in the required fields.\n2. Click the ""Login"" button to authenticate.\n\n**Step 3: Verify Your Identity**\n\n1. You will be prompted to answer your security question. Enter your answer in the required field.\n2. Click the ""Next"" button to proceed.\n\n**Step 4: Reset Your PIN**\n\n1. Enter a new PIN in the required field. The PIN must be at least 8 characters long and contain a mix of uppercase and lowercase letters, numbers, and special characters.\n2. Re-enter your new PIN in the confirmation field to ensure accuracy.\n3. Click the ""Reset PIN"" button to complete the process.\n\n**Step 5: Confirm PIN Reset**\n\n1. You will receive a confirmation message indicating that your PIN has been successfully reset.\n\nthe paper tray, as this can cause paper jams and other issues.\n* If you are unsure about how to reset a jammed printer or if the issue persists after following these steps, contact the IT helpdesk for assistance.\n\n**Resetting a Jammed Printer**\n\n**Step 1: Turn Off the Printer**\n\nImmediately turn off the printer to prevent any further damage or paper jams. Locate the power button, usually found on the top or front of the printer, and press it to shut down the device.\n\n**Step 2: Open the Printer**\n\nLocate the printer\'s access panel, which varies depending on the printer model. Common locations include the top, front, or back of the printer. Open the panel by pressing the release latch or sliding it open. This will give you access to the internal mechanisms.\n\n**Step 3: Identify and Remove Jammed Paper**\n\nCarefully inspect the printer\'s internal mechanisms to locate the jammed paper. Gently pull out any visible paper scraps or torn pieces. Be cautious not to touch any internal components or rollers, as oils from your skin can cause damage.\n\n**Step 4: Check for Obstructions**\n\nInspect the printer\'s paper path, including the paper tray, rollers, and print head, for any obstructions or debris. Remove any dust, dirt, or other blockages that may be contributing to the jam.\n\n**Step 5: Realign the Paper Tray**\n\nIf the paper tray was dislodged during the jam, realign it according to the manufacturer\'s i\n\nAnswer:'}]}]","{'vertex': {'agent': {'llm_response': '{""content"":{""parts"":[{""text"":""To reset your PIN:\\n1.  Go to the company\'s intranet homepage and click on the \\""IT Support\\"" link.\\n2.  Click on the \\""Self-Service\\"" tab and then select \\""PIN Reset\\"" from the drop-down menu.\\n3.  Enter your company username and password.\\n4.  Answer your security question.\\n5.  Enter a new PIN (at least 8 characters long with a mix of uppercase and lowercase letters, numbers, and special characters).\\n6.  Re-enter your new PIN to confirm.\\n7.  Click the \\""Reset PIN\\"" button.\\n8.  You will receive a confirmation message.""}],""role"":""model""},""usage_metadata"":{""candidates_token_count"":141,""candidates_tokens_details"":[{""modality"":""TEXT"",""token_count"":141}],""prompt_token_count"":900,""prompt_tokens_details"":[{""modality"":""TEXT"",""token_count"":900}],""total_token_count"":1041,""traffic_type"":""ON_DEMAND""}}', 'llm_request': '{""model"": ""gemini-2.0-flash"", ""config"": {""system_instruction"": ""You are a strict RAG agent. Use only the provided context. If the context does not contain the answer, reply that you don\'t know. Do not include any internal IDs or citations in your answer. Be concise.\\n\\nYou are an agent. Your internal name is \\""adk_rag_minimal_agent\\"".\\n\\n The description about you is \\""Minimal RAG over CSV corpus\\"""", ""temperature"": 0.0, ""labels"": {""adk_agent_name"": ""adk_rag_minimal_agent""}}, ""contents"": [{""parts"": [{""text"": ""Query: I forgot my PIN, how can I reset it?\\n\\nContext:\\ncomplete the process.\\n\\n**Step 5: Confirm PIN Reset**\\n\\n1. You will receive a confirmation message indicating that your PIN has been successfully reset.\\n2. Click the \\""OK\\"" button to close the message.\\n\\n**Important Notes:**\\n\\n* If you are unable to reset your PIN using the self-service tool, please contact the IT Helpdesk for assistance.\\n* It is recommended to keep your PIN confidential and not share it with anyone.\\n* You can reset your PIN a maximum of 3 times in a 24-hour period. If you exceed this limit, you will need to contact the IT Helpdesk to reset your PIN.\\n\\nBy following these steps, you should be able to reset your forgotten PIN and regain access to company systems and applications. If you encounter any issues during the process, please do not hesitate to reach out to the IT Helpdesk for further assistance.\\n\\n**Resetting a Forgotten PIN**\\n\\nIf you have forgotten your PIN, you can reset it using the following steps:\\n\\n**Step 1: Access the PIN Reset Tool**\\n\\n1. Go to the company\'s intranet homepage and click on the \\""IT Support\\"" link at the top right corner of the page.\\n2. Click on the \\""Self-Service\\"" tab and then select \\""PIN Reset\\"" from the drop-down menu.\\n3. You will be redirected to the PIN Reset Tool login page.\\n\\n**Step 2: Authenticate with Your Credentials**\\n\\n1. Enter your company username and password in the required fields.\\n2. Click the \\""Login\\"" button to authenticate.\\n\\n**Step 3: Verify Your Identity**\\n\\n1. You will be prompted to answer your security question. Enter your answer in the required field.\\n2. Click the \\""Next\\"" button to proceed.\\n\\n**Step 4: Reset Your PIN**\\n\\n1. Enter a new PIN in the required field. The PIN must be at least 8 characters long and contain a mix of uppercase and lowercase letters, numbers, and special characters.\\n2. Re-enter your new PIN in the confirmation field to ensure accuracy.\\n3. Click the \\""Reset PIN\\"" button to complete the process.\\n\\n**Step 5: Confirm PIN Reset**\\n\\n1. You will receive a confirmation message indicating that your PIN has been successfully reset.\\n\\nthe paper tray, as this can cause paper jams and other issues.\\n* If you are unsure about how to reset a jammed printer or if the issue persists after following these steps, contact the IT helpdesk for assistance.\\n\\n**Resetting a Jammed Printer**\\n\\n**Step 1: Turn Off the Printer**\\n\\nImmediately turn off the printer to prevent any further damage or paper jams. Locate the power button, usually found on the top or front of the printer, and press it to shut down the device.\\n\\n**Step 2: Open the Printer**\\n\\nLocate the printer\'s access panel, which varies depending on the printer model. Common locations include the top, front, or back of the printer. Open the panel by pressing the release latch or sliding it open. This will give you access to the internal mechanisms.\\n\\n**Step 3: Identify and Remove Jammed Paper**\\n\\nCarefully inspect the printer\'s internal mechanisms to locate the jammed paper. Gently pull out any visible paper scraps or torn pieces. Be cautious not to touch any internal components or rollers, as oils from your skin can cause damage.\\n\\n**Step 4: Check for Obstructions**\\n\\nInspect the printer\'s paper path, including the paper tray, rollers, and print head, for any obstructions or debris. Remove any dust, dirt, or other blockages that may be contributing to the jam.\\n\\n**Step 5: Realign the Paper Tray**\\n\\nIf the paper tray was dislodged during the jam, realign it according to the manufacturer\'s i\\n\\nAnswer:""}], ""role"": ""user""}]}', 'session_id': 's-b2774d10f207', 'invocation_id': 'e-7eb008e1-f465-411b-a68f-3966405eb262', 'event_id': 'AHtamZVX'}}}","{""system_instruction"":""You are a strict RAG agent. Use only the provided context. If the context does not contain the answer, reply that you don't know. Do not include any internal IDs or citations in your answer. Be concise.\n\nYou are an agent. Your internal name is \""adk_rag_minimal_agent\"".\n\n The description about you is \""Minimal RAG over CSV corpus\"""",""temperature"":0.0,""labels"":{""adk_agent_name"":""adk_rag_minimal_agent""}}",1041.0,141.0,"{'system': 'gcp.vertex.agent', 'request': {'model': 'gemini-2.0-flash'}}","{""model"": ""gemini-2.0-flash"", ""config"": {""system_instruction"": ""You are a strict RAG agent. Use only the provided context. If the context does not contain the answer, reply that you don't know. Do not include any internal IDs or citations in your answer. Be concise.\n\nYou are an agent. Your internal name is \""adk_rag_minimal_agent\"".\n\n The description about you is \""Minimal RAG over CSV corpus\"""", ""temperature"": 0.0, ""labels"": {""adk_agent_name"": ""adk_rag_minimal_agent""}}, ""contents"": [{""parts"": [{""text"": ""Query: I forgot my PIN, how can I reset it?\n\nContext:\ncomplete the process.\n\n**Step 5: Confirm PIN Reset**\n\n1. You will receive a confirmation message indicating that your PIN has been successfully reset.\n2. Click the \""OK\"" button to close the message.\n\n**Important Notes:**\n\n* If you are unable to reset your PIN using the self-service tool, please contact the IT Helpdesk for assistance.\n* It is recommended to keep your PIN confidential and not share it with anyone.\n* You can reset your PIN a maximum of 3 times in a 24-hour period. If you exceed this limit, you will need to contact the IT Helpdesk to reset your PIN.\n\nBy following these steps, you should be able to reset your forgotten PIN and regain access to company systems and applications. If you encounter any issues during the process, please do not hesitate to reach out to the IT Helpdesk for further assistance.\n\n**Resetting a Forgotten PIN**\n\nIf you have forgotten your PIN, you can reset it using the following steps:\n\n**Step 1: Access the PIN Reset Tool**\n\n1. Go to the company's intranet homepage and click on the \""IT Support\"" link at the top right corner of the page.\n2. Click on the \""Self-Service\"" tab and then select \""PIN Reset\"" from the drop-down menu.\n3. You will be redirected to the PIN Reset Tool login page.\n\n**Step 2: Authenticate with Your Credentials**\n\n1. Enter your company username and password in the required fields.\n2. Click the \""Login\"" button to authenticate.\n\n**Step 3: Verify Your Identity**\n\n1. You will be prompted to answer your security question. Enter your answer in the required field.\n2. Click the \""Next\"" button to proceed.\n\n**Step 4: Reset Your PIN**\n\n1. Enter a new PIN in the required field. The PIN must be at least 8 characters long and contain a mix of uppercase and lowercase letters, numbers, and special characters.\n2. Re-enter your new PIN in the confirmation field to ensure accuracy.\n3. Click the \""Reset PIN\"" button to complete the process.\n\n**Step 5: Confirm PIN Reset**\n\n1. You will receive a confirmation message indicating that your PIN has been successfully reset.\n\nthe paper tray, as this can cause paper jams and other issues.\n* If you are unsure about how to reset a jammed printer or if the issue persists after following these steps, contact the IT helpdesk for assistance.\n\n**Resetting a Jammed Printer**\n\n**Step 1: Turn Off the Printer**\n\nImmediately turn off the printer to prevent any further damage or paper jams. Locate the power button, usually found on the top or front of the printer, and press it to shut down the device.\n\n**Step 2: Open the Printer**\n\nLocate the printer's access panel, which varies depending on the printer model. Common locations include the top, front, or back of the printer. Open the panel by pressing the release latch or sliding it open. This will give you access to the internal mechanisms.\n\n**Step 3: Identify and Remove Jammed Paper**\n\nCarefully inspect the printer's internal mechanisms to locate the jammed paper. Gently pull out any visible paper scraps or torn pieces. Be cautious not to touch any internal components or rollers, as oils from your skin can cause damage.\n\n**Step 4: Check for Obstructions**\n\nInspect the printer's paper path, including the paper tray, rollers, and print head, for any obstructions or debris. Remove any dust, dirt, or other blockages that may be contributing to the jam.\n\n**Step 5: Realign the Paper Tray**\n\nIf the paper tray was dislodged during the jam, realign it according to the manufacturer's i\n\nAnswer:""}], ""role"": ""user""}]}",900.0,"{""content"":{""parts"":[{""text"":""To reset your PIN:\n1.  Go to the company's intranet homepage and click on the \""IT Support\"" link.\n2.  Click on the \""Self-Service\"" tab and then select \""PIN Reset\"" from the drop-down menu.\n3.  Enter your company username and password.\n4.  Answer your security question.\n5.  Enter a new PIN (at least 8 characters long with a mix of uppercase and lowercase letters, numbers, and special characters).\n6.  Re-enter your new PIN to confirm.\n7.  Click the \""Reset PIN\"" button.\n8.  You will receive a confirmation message.""}],""role"":""model""},""usage_metadata"":{""candidates_token_count"":141,""candidates_tokens_details"":[{""modality"":""TEXT"",""token_count"":141}],""prompt_token_count"":900,""prompt_tokens_details"":[{""modality"":""TEXT"",""token_count"":900}],""total_token_count"":1041,""traffic_type"":""ON_DEMAND""}}","{'query': 'I forgot my PIN, how can I reset it?', 'context': 'complete the process.\n\n**Step 5: Confirm PIN Reset**\n\n1. You will receive a confirmation message indicating that your PIN has been successfully reset.\n2. Click the ""OK"" button to close the message.\n\n**Important Notes:**\n\n* If you are unable to reset your PIN using the self-service tool, please contact the IT Helpdesk for assistance.\n* It is recommended to keep your PIN confidential and not share it with anyone.\n* You can reset your PIN a maximum of 3 times in a 24-hour period. If you exceed this limit, you will need to contact the IT Helpdesk to reset your PIN.\n\nBy following these steps, you should be able to reset your forgotten PIN and regain access to company systems and applications. If you encounter any issues during the process, please do not hesitate to reach out to the IT Helpdesk for further assistance.\n\n**Resetting a Forgotten PIN**\n\nIf you have forgotten your PIN, you can reset it using the following steps:\n\n**Step 1: Access the PIN Reset Tool**\n\n1. Go to the company\'s intranet homepage and click on the ""IT Support"" link at the top right corner of the page.\n2. Click on the ""Self-Service"" tab and then select ""PIN Reset"" from the drop-down menu.\n3. You will be redirected to the PIN Reset Tool login page.\n\n**Step 2: Authenticate with Your Credentials**\n\n1. Enter your company username and password in the required fields.\n2. Click the ""Login"" button to authenticate.\n\n**Step 3: Verify Your Identity**\n\n1. You will be prompted to answer your security question. Enter your answer in the required field.\n2. Click the ""Next"" button to proceed.\n\n**Step 4: Reset Your PIN**\n\n1. Enter a new PIN in the required field. The PIN must be at least 8 characters long and contain a mix of uppercase and lowercase letters, numbers, and special characters.\n2. Re-enter your new PIN in the confirmation field to ensure accuracy.\n3. Click the ""Reset PIN"" button to complete the process.\n\n**Step 5: Confirm PIN Reset**\n\n1. You will receive a confirmation message indicating that your PIN has been successfully reset.\n\nthe paper tray, as this can cause paper jams and other issues.\n* If you are unsure about how to reset a jammed printer or if the issue persists after following these steps, contact the IT helpdesk for assistance.\n\n**Resetting a Jammed Printer**\n\n**Step 1: Turn Off the Printer**\n\nImmediately turn off the printer to prevent any further damage or paper jams. Locate the power button, usually found on the top or front of the printer, and press it to shut down the device.\n\n**Step 2: Open the Printer**\n\nLocate the printer\'s access panel, which varies depending on the printer model. Common locations include the top, front, or back of the printer. Open the panel by pressing the release latch or sliding it open. This will give you access to the internal mechanisms.\n\n**Step 3: Identify and Remove Jammed Paper**\n\nCarefully inspect the printer\'s internal mechanisms to locate the jammed paper. Gently pull out any visible paper scraps or torn pieces. Be cautious not to touch any internal components or rollers, as oils from your skin can cause damage.\n\n**Step 4: Check for Obstructions**\n\nInspect the printer\'s paper path, including the paper tray, rollers, and print head, for any obstructions or debris. Remove any dust, dirt, or other blockages that may be contributing to the jam.\n\n**Step 5: Realign the Paper Tray**\n\nIf the paper tray was dislodged during the jam, realign it according to the manufacturer\'s i', 'row_id_for_gt': 1, 'retrieval_chunk_ids': ['row::1__chunk::1', 'row::1__chunk::0', 'row::8__chunk::2', 'row::8__chunk::0'], 'retrieval_row_ids': [1, 1, 8, 8], 'retrieval_scores': [8.3335327637, 7.9856155009, 6.6193885877, 6.522960162], 'top_k': 4}",google,gemini-2.0-flash,s-b2774d10f207,"[{'message.role': 'model', 'message.contents': [{'message_content.type': 'text', 'message_content.text': 'To reset your PIN:\n1.  Go to the company\'s intranet homepage and click on the ""IT Support"" link.\n2.  Click on the ""Self-Service"" tab and then select ""PIN Reset"" from the drop-down menu.\n3.  Enter your company username and password.\n4.  Answer your security question.\n5.  Enter a new PIN (at least 8 characters long with a mix of uppercase and lowercase letters, numbers, and special characters).\n6.  Re-enter your new PIN to confirm.\n7.  Click the ""Reset PIN"" button.\n8.  You will receive a confirmation message.'}]}]",v1,"Query: {query}

Context:
{context}

Answer:"
agent_run [adk_rag_minimal_agent],AGENT,9f5d90e65e95275d,2025-08-17 20:15:10.177924+00:00,2025-08-17 20:15:12.090677+00:00,OK,,[],70ac3e05c3a00069,341ab6d288fed52710c5687b692e960f,u,,AGENT,application/json,,,,,,,,,"{""content"":{""parts"":[{""text"":""To reset your PIN:\n1.  Go to the company's intranet homepage and click on the \""IT Support\"" link.\n2.  Click on the \""Self-Service\"" tab and then select \""PIN Reset\"" from the drop-down menu.\n3.  Enter your company username and password.\n4.  Answer your security question.\n5.  Enter a new PIN (at least 8 characters long with a mix of uppercase and lowercase letters, numbers, and special characters).\n6.  Re-enter your new PIN to confirm.\n7.  Click the \""Reset PIN\"" button.\n8.  You will receive a confirmation message.""}],""role"":""model""},""usage_metadata"":{""candidates_token_count"":141,""candidates_tokens_details"":[{""modality"":""TEXT"",""token_count"":141}],""prompt_token_count"":900,""prompt_tokens_details"":[{""modality"":""TEXT"",""token_count"":900}],""total_token_count"":1041,""traffic_type"":""ON_DEMAND""},""invocation_id"":""e-7eb008e1-f465-411b-a68f-3966405eb262"",""author"":""adk_rag_minimal_agent"",""actions"":{""state_delta"":{},""artifact_delta"":{},""requested_auth_configs"":{}},""id"":""AHtamZVX"",""timestamp"":1755461710.178236}","{'query': 'I forgot my PIN, how can I reset it?', 'context': 'complete the process.\n\n**Step 5: Confirm PIN Reset**\n\n1. You will receive a confirmation message indicating that your PIN has been successfully reset.\n2. Click the ""OK"" button to close the message.\n\n**Important Notes:**\n\n* If you are unable to reset your PIN using the self-service tool, please contact the IT Helpdesk for assistance.\n* It is recommended to keep your PIN confidential and not share it with anyone.\n* You can reset your PIN a maximum of 3 times in a 24-hour period. If you exceed this limit, you will need to contact the IT Helpdesk to reset your PIN.\n\nBy following these steps, you should be able to reset your forgotten PIN and regain access to company systems and applications. If you encounter any issues during the process, please do not hesitate to reach out to the IT Helpdesk for further assistance.\n\n**Resetting a Forgotten PIN**\n\nIf you have forgotten your PIN, you can reset it using the following steps:\n\n**Step 1: Access the PIN Reset Tool**\n\n1. Go to the company\'s intranet homepage and click on the ""IT Support"" link at the top right corner of the page.\n2. Click on the ""Self-Service"" tab and then select ""PIN Reset"" from the drop-down menu.\n3. You will be redirected to the PIN Reset Tool login page.\n\n**Step 2: Authenticate with Your Credentials**\n\n1. Enter your company username and password in the required fields.\n2. Click the ""Login"" button to authenticate.\n\n**Step 3: Verify Your Identity**\n\n1. You will be prompted to answer your security question. Enter your answer in the required field.\n2. Click the ""Next"" button to proceed.\n\n**Step 4: Reset Your PIN**\n\n1. Enter a new PIN in the required field. The PIN must be at least 8 characters long and contain a mix of uppercase and lowercase letters, numbers, and special characters.\n2. Re-enter your new PIN in the confirmation field to ensure accuracy.\n3. Click the ""Reset PIN"" button to complete the process.\n\n**Step 5: Confirm PIN Reset**\n\n1. You will receive a confirmation message indicating that your PIN has been successfully reset.\n\nthe paper tray, as this can cause paper jams and other issues.\n* If you are unsure about how to reset a jammed printer or if the issue persists after following these steps, contact the IT helpdesk for assistance.\n\n**Resetting a Jammed Printer**\n\n**Step 1: Turn Off the Printer**\n\nImmediately turn off the printer to prevent any further damage or paper jams. Locate the power button, usually found on the top or front of the printer, and press it to shut down the device.\n\n**Step 2: Open the Printer**\n\nLocate the printer\'s access panel, which varies depending on the printer model. Common locations include the top, front, or back of the printer. Open the panel by pressing the release latch or sliding it open. This will give you access to the internal mechanisms.\n\n**Step 3: Identify and Remove Jammed Paper**\n\nCarefully inspect the printer\'s internal mechanisms to locate the jammed paper. Gently pull out any visible paper scraps or torn pieces. Be cautious not to touch any internal components or rollers, as oils from your skin can cause damage.\n\n**Step 4: Check for Obstructions**\n\nInspect the printer\'s paper path, including the paper tray, rollers, and print head, for any obstructions or debris. Remove any dust, dirt, or other blockages that may be contributing to the jam.\n\n**Step 5: Realign the Paper Tray**\n\nIf the paper tray was dislodged during the jam, realign it according to the manufacturer\'s i', 'row_id_for_gt': 1, 'retrieval_chunk_ids': ['row::1__chunk::1', 'row::1__chunk::0', 'row::8__chunk::2', 'row::8__chunk::0'], 'retrieval_row_ids': [1, 1, 8, 8], 'retrieval_scores': [8.3335327637, 7.9856155009, 6.6193885877, 6.522960162], 'top_k': 4}",,,s-b2774d10f207,,v1,"Query: {query}

Context:
{context}

Answer:"
invocation [adk_rag_minimal],CHAIN,,2025-08-17 20:15:10.177582+00:00,2025-08-17 20:15:12.092067+00:00,OK,,[],9f5d90e65e95275d,341ab6d288fed52710c5687b692e960f,u,application/json,CHAIN,application/json,,,,,,,"{""user_id"": ""u"", ""session_id"": ""s-b2774d10f207"", ""new_message"": {""parts"": [{""text"": ""Query: I forgot my PIN, how can I reset it?\n\nContext:\ncomplete the process.\n\n**Step 5: Confirm PIN Reset**\n\n1. You will receive a confirmation message indicating that your PIN has been successfully reset.\n2. Click the \""OK\"" button to close the message.\n\n**Important Notes:**\n\n* If you are unable to reset your PIN using the self-service tool, please contact the IT Helpdesk for assistance.\n* It is recommended to keep your PIN confidential and not share it with anyone.\n* You can reset your PIN a maximum of 3 times in a 24-hour period. If you exceed this limit, you will need to contact the IT Helpdesk to reset your PIN.\n\nBy following these steps, you should be able to reset your forgotten PIN and regain access to company systems and applications. If you encounter any issues during the process, please do not hesitate to reach out to the IT Helpdesk for further assistance.\n\n**Resetting a Forgotten PIN**\n\nIf you have forgotten your PIN, you can reset it using the following steps:\n\n**Step 1: Access the PIN Reset Tool**\n\n1. Go to the company's intranet homepage and click on the \""IT Support\"" link at the top right corner of the page.\n2. Click on the \""Self-Service\"" tab and then select \""PIN Reset\"" from the drop-down menu.\n3. You will be redirected to the PIN Reset Tool login page.\n\n**Step 2: Authenticate with Your Credentials**\n\n1. Enter your company username and password in the required fields.\n2. Click the \""Login\"" button to authenticate.\n\n**Step 3: Verify Your Identity**\n\n1. You will be prompted to answer your security question. Enter your answer in the required field.\n2. Click the \""Next\"" button to proceed.\n\n**Step 4: Reset Your PIN**\n\n1. Enter a new PIN in the required field. The PIN must be at least 8 characters long and contain a mix of uppercase and lowercase letters, numbers, and special characters.\n2. Re-enter your new PIN in the confirmation field to ensure accuracy.\n3. Click the \""Reset PIN\"" button to complete the process.\n\n**Step 5: Confirm PIN Reset**\n\n1. You will receive a confirmation message indicating that your PIN has been successfully reset.\n\nthe paper tray, as this can cause paper jams and other issues.\n* If you are unsure about how to reset a jammed printer or if the issue persists after following these steps, contact the IT helpdesk for assistance.\n\n**Resetting a Jammed Printer**\n\n**Step 1: Turn Off the Printer**\n\nImmediately turn off the printer to prevent any further damage or paper jams. Locate the power button, usually found on the top or front of the printer, and press it to shut down the device.\n\n**Step 2: Open the Printer**\n\nLocate the printer's access panel, which varies depending on the printer model. Common locations include the top, front, or back of the printer. Open the panel by pressing the release latch or sliding it open. This will give you access to the internal mechanisms.\n\n**Step 3: Identify and Remove Jammed Paper**\n\nCarefully inspect the printer's internal mechanisms to locate the jammed paper. Gently pull out any visible paper scraps or torn pieces. Be cautious not to touch any internal components or rollers, as oils from your skin can cause damage.\n\n**Step 4: Check for Obstructions**\n\nInspect the printer's paper path, including the paper tray, rollers, and print head, for any obstructions or debris. Remove any dust, dirt, or other blockages that may be contributing to the jam.\n\n**Step 5: Realign the Paper Tray**\n\nIf the paper tray was dislodged during the jam, realign it according to the manufacturer's i\n\nAnswer:""}], ""role"": ""user""}, ""run_config"": {""save_input_blobs_as_artifacts"": false, ""support_cfc"": false, ""streaming_mode"": ""StreamingMode.NONE"", ""max_llm_calls"": 500}}",,"{""content"":{""parts"":[{""text"":""To reset your PIN:\n1.  Go to the company's intranet homepage and click on the \""IT Support\"" link.\n2.  Click on the \""Self-Service\"" tab and then select \""PIN Reset\"" from the drop-down menu.\n3.  Enter your company username and password.\n4.  Answer your security question.\n5.  Enter a new PIN (at least 8 characters long with a mix of uppercase and lowercase letters, numbers, and special characters).\n6.  Re-enter your new PIN to confirm.\n7.  Click the \""Reset PIN\"" button.\n8.  You will receive a confirmation message.""}],""role"":""model""},""usage_metadata"":{""candidates_token_count"":141,""candidates_tokens_details"":[{""modality"":""TEXT"",""token_count"":141}],""prompt_token_count"":900,""prompt_tokens_details"":[{""modality"":""TEXT"",""token_count"":900}],""total_token_count"":1041,""traffic_type"":""ON_DEMAND""},""invocation_id"":""e-7eb008e1-f465-411b-a68f-3966405eb262"",""author"":""adk_rag_minimal_agent"",""actions"":{""state_delta"":{},""artifact_delta"":{},""requested_auth_configs"":{}},""id"":""AHtamZVX"",""timestamp"":1755461710.178236}","{'query': 'I forgot my PIN, how can I reset it?', 'context': 'complete the process.\n\n**Step 5: Confirm PIN Reset**\n\n1. You will receive a confirmation message indicating that your PIN has been successfully reset.\n2. Click the ""OK"" button to close the message.\n\n**Important Notes:**\n\n* If you are unable to reset your PIN using the self-service tool, please contact the IT Helpdesk for assistance.\n* It is recommended to keep your PIN confidential and not share it with anyone.\n* You can reset your PIN a maximum of 3 times in a 24-hour period. If you exceed this limit, you will need to contact the IT Helpdesk to reset your PIN.\n\nBy following these steps, you should be able to reset your forgotten PIN and regain access to company systems and applications. If you encounter any issues during the process, please do not hesitate to reach out to the IT Helpdesk for further assistance.\n\n**Resetting a Forgotten PIN**\n\nIf you have forgotten your PIN, you can reset it using the following steps:\n\n**Step 1: Access the PIN Reset Tool**\n\n1. Go to the company\'s intranet homepage and click on the ""IT Support"" link at the top right corner of the page.\n2. Click on the ""Self-Service"" tab and then select ""PIN Reset"" from the drop-down menu.\n3. You will be redirected to the PIN Reset Tool login page.\n\n**Step 2: Authenticate with Your Credentials**\n\n1. Enter your company username and password in the required fields.\n2. Click the ""Login"" button to authenticate.\n\n**Step 3: Verify Your Identity**\n\n1. You will be prompted to answer your security question. Enter your answer in the required field.\n2. Click the ""Next"" button to proceed.\n\n**Step 4: Reset Your PIN**\n\n1. Enter a new PIN in the required field. The PIN must be at least 8 characters long and contain a mix of uppercase and lowercase letters, numbers, and special characters.\n2. Re-enter your new PIN in the confirmation field to ensure accuracy.\n3. Click the ""Reset PIN"" button to complete the process.\n\n**Step 5: Confirm PIN Reset**\n\n1. You will receive a confirmation message indicating that your PIN has been successfully reset.\n\nthe paper tray, as this can cause paper jams and other issues.\n* If you are unsure about how to reset a jammed printer or if the issue persists after following these steps, contact the IT helpdesk for assistance.\n\n**Resetting a Jammed Printer**\n\n**Step 1: Turn Off the Printer**\n\nImmediately turn off the printer to prevent any further damage or paper jams. Locate the power button, usually found on the top or front of the printer, and press it to shut down the device.\n\n**Step 2: Open the Printer**\n\nLocate the printer\'s access panel, which varies depending on the printer model. Common locations include the top, front, or back of the printer. Open the panel by pressing the release latch or sliding it open. This will give you access to the internal mechanisms.\n\n**Step 3: Identify and Remove Jammed Paper**\n\nCarefully inspect the printer\'s internal mechanisms to locate the jammed paper. Gently pull out any visible paper scraps or torn pieces. Be cautious not to touch any internal components or rollers, as oils from your skin can cause damage.\n\n**Step 4: Check for Obstructions**\n\nInspect the printer\'s paper path, including the paper tray, rollers, and print head, for any obstructions or debris. Remove any dust, dirt, or other blockages that may be contributing to the jam.\n\n**Step 5: Realign the Paper Tray**\n\nIf the paper tray was dislodged during the jam, realign it according to the manufacturer\'s i', 'row_id_for_gt': 1, 'retrieval_chunk_ids': ['row::1__chunk::1', 'row::1__chunk::0', 'row::8__chunk::2', 'row::8__chunk::0'], 'retrieval_row_ids': [1, 1, 8, 8], 'retrieval_scores': [8.3335327637, 7.9856155009, 6.6193885877, 6.522960162], 'top_k': 4}",,,s-b2774d10f207,,v1,"Query: {query}

Context:
{context}

Answer:"
call_llm,LLM,ab8a998f1abcfcdf,2025-08-17 20:15:12.096879+00:00,2025-08-17 20:15:14.224403+00:00,OK,,[],e29e915efda218aa,28bd829429ce82df02eaabb451099e89,u,application/json,LLM,application/json,"[{'message.role': 'system', 'message.content': 'You are a strict RAG agent. Use only the provided context. If the context does not contain the answer, reply that you don\'t know. Do not include any internal IDs or citations in your answer. Be concise.\n\nYou are an agent. Your internal name is ""adk_rag_minimal_agent"".\n\n The description about you is ""Minimal RAG over CSV corpus""'}, {'message.role': 'user', 'message.contents': [{'message_content.type': 'text', 'message_content.text': 'Query: How do I set up VPN access on my laptop so I can work from home and access company resources?\n\nContext:\n**Configuring VPN Access for Remote Workers**\n\n**Overview**\n\nThis article provides step-by-step instructions for configuring VPN access for remote workers. This allows employees working from home or other remote locations to securely connect to the company network and access company resources.\n\n**Prerequisites**\n\n* The remote worker\'s device (laptop or desktop) must meet the company\'s minimum system requirements for VPN connectivity.\n* The remote worker must have a valid company login credentials.\n* The remote worker must have a stable internet connection.\n\n**Step 1: Install the VPN Client**\n\n1. Go to the company\'s software portal and download the VPN client software.\n2. Run the installer and follow the prompts to install the software.\n3. Once installed, launch the VPN client software.\n\n**Step 2: Configure the VPN Connection**\n\n1. In the VPN client software, click on ""New Connection"" and select ""Company VPN"" as the connection type.\n2. Enter the company\'s VPN server address: `vpn.company.com`.\n3. Enter your company login credentials (username and password).\n4. Select the ""Save"" button to save the connection settings.\n\n**Step 3: Establish the VPN Connection**\n\n1. Click on the ""Connec\n\nnue to experience issues, contact the IT helpdesk for further assistance.\n\n**Security Reminders**\n\n* Always keep your VPN client software up-to-date.\n* Never share your login credentials with anyone.\n* Avoid using public Wi-Fi or unsecured networks to access company resources via VPN.\n\nBy following these steps, remote workers can securely connect to the company network and access company resources from anywhere. If you have any questions or issues, please contact the IT helpdesk for further assistance.\n\nsername and password).\n4. Select the ""Save"" button to save the connection settings.\n\n**Step 3: Establish the VPN Connection**\n\n1. Click on the ""Connect"" button to establish the VPN connection.\n2. You may be prompted to authenticate with two-factor authentication (2FA). Follow the prompts to complete 2FA.\n3. Once connected, you will see a confirmation message indicating that you are connected to the company VPN.\n\n**Step 4: Verify VPN Connection**\n\n1. Open a web browser and navigate to `company.com`.\n2. You should be able to access company resources, such as email, intranet, and file shares.\n3. Verify that your device\'s IP address has changed to a company-assigned IP address.\n\n**Troubleshooting Tips**\n\n* If you encounter issues connecting to the VPN, ensure that your device meets the minimum system requirements and that your internet connection is stable.\n* If you are unable to access company resources, verify that you are connected to the VPN and that your device\'s IP address has changed to a company-assigned IP address.\n* If you continue to experience issues, contact the IT helpdesk for further assistance.\n\n**Security Reminders**\n\n* Always keep your VPN client software up-to-date.\n\n\n**Resetting a Jammed Printer**\n\n**Step 1: Turn Off the Printer**\n\nImmediately turn off the printer to prevent any further damage or paper jams. Locate the power button, usually found on the top or front of the printer, and press it to shut down the device.\n\n**Step 2: Open the Printer**\n\nLocate the printer\'s access panel, which varies depending on the printer model. Common locations include the top, front, or back of the printer. Open the panel by pressing the release latch or sliding it open. This will give you access to the internal mechanisms.\n\n**Step 3: Identify and Remove Jammed Paper**\n\nCarefully inspect the printer\'s internal mechanisms to locate the jammed paper. Gently pull out any visible paper scraps or torn pieces. Be cautious not to touch any internal components or rollers, as oils from your skin can cause damage.\n\n**Step 4: Check for Obstructions**\n\nInspect the printer\'s paper path, including the paper tray, rollers, and print head, for any obstructions or debris. Remove any dust, dirt, or other blockages that may be contributing to the jam.\n\n**Step 5: Realign the Paper Tray**\n\nIf the paper tray was dislodged during the jam, realign it according to the manufacturer\'s i\n\nAnswer:'}]}]","{'vertex': {'agent': {'llm_response': '{""content"":{""parts"":[{""text"":""To set up VPN access:\\n\\n1.  Download the VPN client software from the company\'s software portal and install it.\\n2.  In the VPN client, create a new connection, selecting \\""Company VPN\\"" as the type.\\n3.  Enter the company\'s VPN server address: `vpn.company.com`.\\n4.  Enter your company login credentials and save the connection settings.\\n5.  Click the \\""Connect\\"" button to establish the VPN connection and follow any prompts for two-factor authentication.\\n6.  Verify the connection by opening a web browser and navigating to `company.com` to access company resources. Also, check that your device\'s IP address has changed to a company-assigned IP address.""}],""role"":""model""},""usage_metadata"":{""candidates_token_count"":154,""candidates_tokens_details"":[{""modality"":""TEXT"",""token_count"":154}],""prompt_token_count"":1024,""prompt_tokens_details"":[{""modality"":""TEXT"",""token_count"":1024}],""total_token_count"":1178,""traffic_type"":""ON_DEMAND""}}', 'llm_request': '{""model"": ""gemini-2.0-flash"", ""config"": {""system_instruction"": ""You are a strict RAG agent. Use only the provided context. If the context does not contain the answer, reply that you don\'t know. Do not include any internal IDs or citations in your answer. Be concise.\\n\\nYou are an agent. Your internal name is \\""adk_rag_minimal_agent\\"".\\n\\n The description about you is \\""Minimal RAG over CSV corpus\\"""", ""temperature"": 0.0, ""labels"": {""adk_agent_name"": ""adk_rag_minimal_agent""}}, ""contents"": [{""parts"": [{""text"": ""Query: How do I set up VPN access on my laptop so I can work from home and access company resources?\\n\\nContext:\\n**Configuring VPN Access for Remote Workers**\\n\\n**Overview**\\n\\nThis article provides step-by-step instructions for configuring VPN access for remote workers. This allows employees working from home or other remote locations to securely connect to the company network and access company resources.\\n\\n**Prerequisites**\\n\\n* The remote worker\'s device (laptop or desktop) must meet the company\'s minimum system requirements for VPN connectivity.\\n* The remote worker must have a valid company login credentials.\\n* The remote worker must have a stable internet connection.\\n\\n**Step 1: Install the VPN Client**\\n\\n1. Go to the company\'s software portal and download the VPN client software.\\n2. Run the installer and follow the prompts to install the software.\\n3. Once installed, launch the VPN client software.\\n\\n**Step 2: Configure the VPN Connection**\\n\\n1. In the VPN client software, click on \\""New Connection\\"" and select \\""Company VPN\\"" as the connection type.\\n2. Enter the company\'s VPN server address: `vpn.company.com`.\\n3. Enter your company login credentials (username and password).\\n4. Select the \\""Save\\"" button to save the connection settings.\\n\\n**Step 3: Establish the VPN Connection**\\n\\n1. Click on the \\""Connec\\n\\nnue to experience issues, contact the IT helpdesk for further assistance.\\n\\n**Security Reminders**\\n\\n* Always keep your VPN client software up-to-date.\\n* Never share your login credentials with anyone.\\n* Avoid using public Wi-Fi or unsecured networks to access company resources via VPN.\\n\\nBy following these steps, remote workers can securely connect to the company network and access company resources from anywhere. If you have any questions or issues, please contact the IT helpdesk for further assistance.\\n\\nsername and password).\\n4. Select the \\""Save\\"" button to save the connection settings.\\n\\n**Step 3: Establish the VPN Connection**\\n\\n1. Click on the \\""Connect\\"" button to establish the VPN connection.\\n2. You may be prompted to authenticate with two-factor authentication (2FA). Follow the prompts to complete 2FA.\\n3. Once connected, you will see a confirmation message indicating that you are connected to the company VPN.\\n\\n**Step 4: Verify VPN Connection**\\n\\n1. Open a web browser and navigate to `company.com`.\\n2. You should be able to access company resources, such as email, intranet, and file shares.\\n3. Verify that your device\'s IP address has changed to a company-assigned IP address.\\n\\n**Troubleshooting Tips**\\n\\n* If you encounter issues connecting to the VPN, ensure that your device meets the minimum system requirements and that your internet connection is stable.\\n* If you are unable to access company resources, verify that you are connected to the VPN and that your device\'s IP address has changed to a company-assigned IP address.\\n* If you continue to experience issues, contact the IT helpdesk for further assistance.\\n\\n**Security Reminders**\\n\\n* Always keep your VPN client software up-to-date.\\n\\n\\n**Resetting a Jammed Printer**\\n\\n**Step 1: Turn Off the Printer**\\n\\nImmediately turn off the printer to prevent any further damage or paper jams. Locate the power button, usually found on the top or front of the printer, and press it to shut down the device.\\n\\n**Step 2: Open the Printer**\\n\\nLocate the printer\'s access panel, which varies depending on the printer model. Common locations include the top, front, or back of the printer. Open the panel by pressing the release latch or sliding it open. This will give you access to the internal mechanisms.\\n\\n**Step 3: Identify and Remove Jammed Paper**\\n\\nCarefully inspect the printer\'s internal mechanisms to locate the jammed paper. Gently pull out any visible paper scraps or torn pieces. Be cautious not to touch any internal components or rollers, as oils from your skin can cause damage.\\n\\n**Step 4: Check for Obstructions**\\n\\nInspect the printer\'s paper path, including the paper tray, rollers, and print head, for any obstructions or debris. Remove any dust, dirt, or other blockages that may be contributing to the jam.\\n\\n**Step 5: Realign the Paper Tray**\\n\\nIf the paper tray was dislodged during the jam, realign it according to the manufacturer\'s i\\n\\nAnswer:""}], ""role"": ""user""}]}', 'session_id': 's-0a6ab5bad9d7', 'invocation_id': 'e-ee1511c2-b53d-4129-a8bd-52fa238f660c', 'event_id': 'znIFntKG'}}}","{""system_instruction"":""You are a strict RAG agent. Use only the provided context. If the context does not contain the answer, reply that you don't know. Do not include any internal IDs or citations in your answer. Be concise.\n\nYou are an agent. Your internal name is \""adk_rag_minimal_agent\"".\n\n The description about you is \""Minimal RAG over CSV corpus\"""",""temperature"":0.0,""labels"":{""adk_agent_name"":""adk_rag_minimal_agent""}}",1178.0,154.0,"{'system': 'gcp.vertex.agent', 'request': {'model': 'gemini-2.0-flash'}}","{""model"": ""gemini-2.0-flash"", ""config"": {""system_instruction"": ""You are a strict RAG agent. Use only the provided context. If the context does not contain the answer, reply that you don't know. Do not include any internal IDs or citations in your answer. Be concise.\n\nYou are an agent. Your internal name is \""adk_rag_minimal_agent\"".\n\n The description about you is \""Minimal RAG over CSV corpus\"""", ""temperature"": 0.0, ""labels"": {""adk_agent_name"": ""adk_rag_minimal_agent""}}, ""contents"": [{""parts"": [{""text"": ""Query: How do I set up VPN access on my laptop so I can work from home and access company resources?\n\nContext:\n**Configuring VPN Access for Remote Workers**\n\n**Overview**\n\nThis article provides step-by-step instructions for configuring VPN access for remote workers. This allows employees working from home or other remote locations to securely connect to the company network and access company resources.\n\n**Prerequisites**\n\n* The remote worker's device (laptop or desktop) must meet the company's minimum system requirements for VPN connectivity.\n* The remote worker must have a valid company login credentials.\n* The remote worker must have a stable internet connection.\n\n**Step 1: Install the VPN Client**\n\n1. Go to the company's software portal and download the VPN client software.\n2. Run the installer and follow the prompts to install the software.\n3. Once installed, launch the VPN client software.\n\n**Step 2: Configure the VPN Connection**\n\n1. In the VPN client software, click on \""New Connection\"" and select \""Company VPN\"" as the connection type.\n2. Enter the company's VPN server address: `vpn.company.com`.\n3. Enter your company login credentials (username and password).\n4. Select the \""Save\"" button to save the connection settings.\n\n**Step 3: Establish the VPN Connection**\n\n1. Click on the \""Connec\n\nnue to experience issues, contact the IT helpdesk for further assistance.\n\n**Security Reminders**\n\n* Always keep your VPN client software up-to-date.\n* Never share your login credentials with anyone.\n* Avoid using public Wi-Fi or unsecured networks to access company resources via VPN.\n\nBy following these steps, remote workers can securely connect to the company network and access company resources from anywhere. If you have any questions or issues, please contact the IT helpdesk for further assistance.\n\nsername and password).\n4. Select the \""Save\"" button to save the connection settings.\n\n**Step 3: Establish the VPN Connection**\n\n1. Click on the \""Connect\"" button to establish the VPN connection.\n2. You may be prompted to authenticate with two-factor authentication (2FA). Follow the prompts to complete 2FA.\n3. Once connected, you will see a confirmation message indicating that you are connected to the company VPN.\n\n**Step 4: Verify VPN Connection**\n\n1. Open a web browser and navigate to `company.com`.\n2. You should be able to access company resources, such as email, intranet, and file shares.\n3. Verify that your device's IP address has changed to a company-assigned IP address.\n\n**Troubleshooting Tips**\n\n* If you encounter issues connecting to the VPN, ensure that your device meets the minimum system requirements and that your internet connection is stable.\n* If you are unable to access company resources, verify that you are connected to the VPN and that your device's IP address has changed to a company-assigned IP address.\n* If you continue to experience issues, contact the IT helpdesk for further assistance.\n\n**Security Reminders**\n\n* Always keep your VPN client software up-to-date.\n\n\n**Resetting a Jammed Printer**\n\n**Step 1: Turn Off the Printer**\n\nImmediately turn off the printer to prevent any further damage or paper jams. Locate the power button, usually found on the top or front of the printer, and press it to shut down the device.\n\n**Step 2: Open the Printer**\n\nLocate the printer's access panel, which varies depending on the printer model. Common locations include the top, front, or back of the printer. Open the panel by pressing the release latch or sliding it open. This will give you access to the internal mechanisms.\n\n**Step 3: Identify and Remove Jammed Paper**\n\nCarefully inspect the printer's internal mechanisms to locate the jammed paper. Gently pull out any visible paper scraps or torn pieces. Be cautious not to touch any internal components or rollers, as oils from your skin can cause damage.\n\n**Step 4: Check for Obstructions**\n\nInspect the printer's paper path, including the paper tray, rollers, and print head, for any obstructions or debris. Remove any dust, dirt, or other blockages that may be contributing to the jam.\n\n**Step 5: Realign the Paper Tray**\n\nIf the paper tray was dislodged during the jam, realign it according to the manufacturer's i\n\nAnswer:""}], ""role"": ""user""}]}",1024.0,"{""content"":{""parts"":[{""text"":""To set up VPN access:\n\n1.  Download the VPN client software from the company's software portal and install it.\n2.  In the VPN client, create a new connection, selecting \""Company VPN\"" as the type.\n3.  Enter the company's VPN server address: `vpn.company.com`.\n4.  Enter your company login credentials and save the connection settings.\n5.  Click the \""Connect\"" button to establish the VPN connection and follow any prompts for two-factor authentication.\n6.  Verify the connection by opening a web browser and navigating to `company.com` to access company resources. Also, check that your device's IP address has changed to a company-assigned IP address.""}],""role"":""model""},""usage_metadata"":{""candidates_token_count"":154,""candidates_tokens_details"":[{""modality"":""TEXT"",""token_count"":154}],""prompt_token_count"":1024,""prompt_tokens_details"":[{""modality"":""TEXT"",""token_count"":1024}],""total_token_count"":1178,""traffic_type"":""ON_DEMAND""}}","{'query': 'How do I set up VPN access on my laptop so I can work from home and access company resources?', 'context': '**Configuring VPN Access for Remote Workers**\n\n**Overview**\n\nThis article provides step-by-step instructions for configuring VPN access for remote workers. This allows employees working from home or other remote locations to securely connect to the company network and access company resources.\n\n**Prerequisites**\n\n* The remote worker\'s device (laptop or desktop) must meet the company\'s minimum system requirements for VPN connectivity.\n* The remote worker must have a valid company login credentials.\n* The remote worker must have a stable internet connection.\n\n**Step 1: Install the VPN Client**\n\n1. Go to the company\'s software portal and download the VPN client software.\n2. Run the installer and follow the prompts to install the software.\n3. Once installed, launch the VPN client software.\n\n**Step 2: Configure the VPN Connection**\n\n1. In the VPN client software, click on ""New Connection"" and select ""Company VPN"" as the connection type.\n2. Enter the company\'s VPN server address: `vpn.company.com`.\n3. Enter your company login credentials (username and password).\n4. Select the ""Save"" button to save the connection settings.\n\n**Step 3: Establish the VPN Connection**\n\n1. Click on the ""Connec\n\nnue to experience issues, contact the IT helpdesk for further assistance.\n\n**Security Reminders**\n\n* Always keep your VPN client software up-to-date.\n* Never share your login credentials with anyone.\n* Avoid using public Wi-Fi or unsecured networks to access company resources via VPN.\n\nBy following these steps, remote workers can securely connect to the company network and access company resources from anywhere. If you have any questions or issues, please contact the IT helpdesk for further assistance.\n\nsername and password).\n4. Select the ""Save"" button to save the connection settings.\n\n**Step 3: Establish the VPN Connection**\n\n1. Click on the ""Connect"" button to establish the VPN connection.\n2. You may be prompted to authenticate with two-factor authentication (2FA). Follow the prompts to complete 2FA.\n3. Once connected, you will see a confirmation message indicating that you are connected to the company VPN.\n\n**Step 4: Verify VPN Connection**\n\n1. Open a web browser and navigate to `company.com`.\n2. You should be able to access company resources, such as email, intranet, and file shares.\n3. Verify that your device\'s IP address has changed to a company-assigned IP address.\n\n**Troubleshooting Tips**\n\n* If you encounter issues connecting to the VPN, ensure that your device meets the minimum system requirements and that your internet connection is stable.\n* If you are unable to access company resources, verify that you are connected to the VPN and that your device\'s IP address has changed to a company-assigned IP address.\n* If you continue to experience issues, contact the IT helpdesk for further assistance.\n\n**Security Reminders**\n\n* Always keep your VPN client software up-to-date.\n\n\n**Resetting a Jammed Printer**\n\n**Step 1: Turn Off the Printer**\n\nImmediately turn off the printer to prevent any further damage or paper jams. Locate the power button, usually found on the top or front of the printer, and press it to shut down the device.\n\n**Step 2: Open the Printer**\n\nLocate the printer\'s access panel, which varies depending on the printer model. Common locations include the top, front, or back of the printer. Open the panel by pressing the release latch or sliding it open. This will give you access to the internal mechanisms.\n\n**Step 3: Identify and Remove Jammed Paper**\n\nCarefully inspect the printer\'s internal mechanisms to locate the jammed paper. Gently pull out any visible paper scraps or torn pieces. Be cautious not to touch any internal components or rollers, as oils from your skin can cause damage.\n\n**Step 4: Check for Obstructions**\n\nInspect the printer\'s paper path, including the paper tray, rollers, and print head, for any obstructions or debris. Remove any dust, dirt, or other blockages that may be contributing to the jam.\n\n**Step 5: Realign the Paper Tray**\n\nIf the paper tray was dislodged during the jam, realign it according to the manufacturer\'s i', 'row_id_for_gt': 2, 'retrieval_chunk_ids': ['row::2__chunk::0', 'row::2__chunk::2', 'row::2__chunk::1', 'row::8__chunk::0'], 'retrieval_row_ids': [2, 2, 2, 8], 'retrieval_scores': [15.7663799018, 12.0901345715, 10.766604199, 8.6396478264], 'top_k': 4}",google,gemini-2.0-flash,s-0a6ab5bad9d7,"[{'message.role': 'model', 'message.contents': [{'message_content.type': 'text', 'message_content.text': 'To set up VPN access:\n\n1.  Download the VPN client software from the company\'s software portal and install it.\n2.  In the VPN client, create a new connection, selecting ""Company VPN"" as the type.\n3.  Enter the company\'s VPN server address: `vpn.company.com`.\n4.  Enter your company login credentials and save the connection settings.\n5.  Click the ""Connect"" button to establish the VPN connection and follow any prompts for two-factor authentication.\n6.  Verify the connection by opening a web browser and navigating to `company.com` to access company resources. Also, check that your device\'s IP address has changed to a company-assigned IP address.'}]}]",v1,"Query: {query}

Context:
{context}

Answer:"
agent_run [adk_rag_minimal_agent],AGENT,9d50021fa547022b,2025-08-17 20:15:12.096293+00:00,2025-08-17 20:15:14.231969+00:00,OK,,[],ab8a998f1abcfcdf,28bd829429ce82df02eaabb451099e89,u,,AGENT,application/json,,,,,,,,,"{""content"":{""parts"":[{""text"":""To set up VPN access:\n\n1.  Download the VPN client software from the company's software portal and install it.\n2.  In the VPN client, create a new connection, selecting \""Company VPN\"" as the type.\n3.  Enter the company's VPN server address: `vpn.company.com`.\n4.  Enter your company login credentials and save the connection settings.\n5.  Click the \""Connect\"" button to establish the VPN connection and follow any prompts for two-factor authentication.\n6.  Verify the connection by opening a web browser and navigating to `company.com` to access company resources. Also, check that your device's IP address has changed to a company-assigned IP address.""}],""role"":""model""},""usage_metadata"":{""candidates_token_count"":154,""candidates_tokens_details"":[{""modality"":""TEXT"",""token_count"":154}],""prompt_token_count"":1024,""prompt_tokens_details"":[{""modality"":""TEXT"",""token_count"":1024}],""total_token_count"":1178,""traffic_type"":""ON_DEMAND""},""invocation_id"":""e-ee1511c2-b53d-4129-a8bd-52fa238f660c"",""author"":""adk_rag_minimal_agent"",""actions"":{""state_delta"":{},""artifact_delta"":{},""requested_auth_configs"":{}},""id"":""znIFntKG"",""timestamp"":1755461712.096756}","{'query': 'How do I set up VPN access on my laptop so I can work from home and access company resources?', 'context': '**Configuring VPN Access for Remote Workers**\n\n**Overview**\n\nThis article provides step-by-step instructions for configuring VPN access for remote workers. This allows employees working from home or other remote locations to securely connect to the company network and access company resources.\n\n**Prerequisites**\n\n* The remote worker\'s device (laptop or desktop) must meet the company\'s minimum system requirements for VPN connectivity.\n* The remote worker must have a valid company login credentials.\n* The remote worker must have a stable internet connection.\n\n**Step 1: Install the VPN Client**\n\n1. Go to the company\'s software portal and download the VPN client software.\n2. Run the installer and follow the prompts to install the software.\n3. Once installed, launch the VPN client software.\n\n**Step 2: Configure the VPN Connection**\n\n1. In the VPN client software, click on ""New Connection"" and select ""Company VPN"" as the connection type.\n2. Enter the company\'s VPN server address: `vpn.company.com`.\n3. Enter your company login credentials (username and password).\n4. Select the ""Save"" button to save the connection settings.\n\n**Step 3: Establish the VPN Connection**\n\n1. Click on the ""Connec\n\nnue to experience issues, contact the IT helpdesk for further assistance.\n\n**Security Reminders**\n\n* Always keep your VPN client software up-to-date.\n* Never share your login credentials with anyone.\n* Avoid using public Wi-Fi or unsecured networks to access company resources via VPN.\n\nBy following these steps, remote workers can securely connect to the company network and access company resources from anywhere. If you have any questions or issues, please contact the IT helpdesk for further assistance.\n\nsername and password).\n4. Select the ""Save"" button to save the connection settings.\n\n**Step 3: Establish the VPN Connection**\n\n1. Click on the ""Connect"" button to establish the VPN connection.\n2. You may be prompted to authenticate with two-factor authentication (2FA). Follow the prompts to complete 2FA.\n3. Once connected, you will see a confirmation message indicating that you are connected to the company VPN.\n\n**Step 4: Verify VPN Connection**\n\n1. Open a web browser and navigate to `company.com`.\n2. You should be able to access company resources, such as email, intranet, and file shares.\n3. Verify that your device\'s IP address has changed to a company-assigned IP address.\n\n**Troubleshooting Tips**\n\n* If you encounter issues connecting to the VPN, ensure that your device meets the minimum system requirements and that your internet connection is stable.\n* If you are unable to access company resources, verify that you are connected to the VPN and that your device\'s IP address has changed to a company-assigned IP address.\n* If you continue to experience issues, contact the IT helpdesk for further assistance.\n\n**Security Reminders**\n\n* Always keep your VPN client software up-to-date.\n\n\n**Resetting a Jammed Printer**\n\n**Step 1: Turn Off the Printer**\n\nImmediately turn off the printer to prevent any further damage or paper jams. Locate the power button, usually found on the top or front of the printer, and press it to shut down the device.\n\n**Step 2: Open the Printer**\n\nLocate the printer\'s access panel, which varies depending on the printer model. Common locations include the top, front, or back of the printer. Open the panel by pressing the release latch or sliding it open. This will give you access to the internal mechanisms.\n\n**Step 3: Identify and Remove Jammed Paper**\n\nCarefully inspect the printer\'s internal mechanisms to locate the jammed paper. Gently pull out any visible paper scraps or torn pieces. Be cautious not to touch any internal components or rollers, as oils from your skin can cause damage.\n\n**Step 4: Check for Obstructions**\n\nInspect the printer\'s paper path, including the paper tray, rollers, and print head, for any obstructions or debris. Remove any dust, dirt, or other blockages that may be contributing to the jam.\n\n**Step 5: Realign the Paper Tray**\n\nIf the paper tray was dislodged during the jam, realign it according to the manufacturer\'s i', 'row_id_for_gt': 2, 'retrieval_chunk_ids': ['row::2__chunk::0', 'row::2__chunk::2', 'row::2__chunk::1', 'row::8__chunk::0'], 'retrieval_row_ids': [2, 2, 2, 8], 'retrieval_scores': [15.7663799018, 12.0901345715, 10.766604199, 8.6396478264], 'top_k': 4}",,,s-0a6ab5bad9d7,,v1,"Query: {query}

Context:
{context}

Answer:"
invocation [adk_rag_minimal],CHAIN,,2025-08-17 20:15:12.095779+00:00,2025-08-17 20:15:14.233888+00:00,OK,,[],9d50021fa547022b,28bd829429ce82df02eaabb451099e89,u,application/json,CHAIN,application/json,,,,,,,"{""user_id"": ""u"", ""session_id"": ""s-0a6ab5bad9d7"", ""new_message"": {""parts"": [{""text"": ""Query: How do I set up VPN access on my laptop so I can work from home and access company resources?\n\nContext:\n**Configuring VPN Access for Remote Workers**\n\n**Overview**\n\nThis article provides step-by-step instructions for configuring VPN access for remote workers. This allows employees working from home or other remote locations to securely connect to the company network and access company resources.\n\n**Prerequisites**\n\n* The remote worker's device (laptop or desktop) must meet the company's minimum system requirements for VPN connectivity.\n* The remote worker must have a valid company login credentials.\n* The remote worker must have a stable internet connection.\n\n**Step 1: Install the VPN Client**\n\n1. Go to the company's software portal and download the VPN client software.\n2. Run the installer and follow the prompts to install the software.\n3. Once installed, launch the VPN client software.\n\n**Step 2: Configure the VPN Connection**\n\n1. In the VPN client software, click on \""New Connection\"" and select \""Company VPN\"" as the connection type.\n2. Enter the company's VPN server address: `vpn.company.com`.\n3. Enter your company login credentials (username and password).\n4. Select the \""Save\"" button to save the connection settings.\n\n**Step 3: Establish the VPN Connection**\n\n1. Click on the \""Connec\n\nnue to experience issues, contact the IT helpdesk for further assistance.\n\n**Security Reminders**\n\n* Always keep your VPN client software up-to-date.\n* Never share your login credentials with anyone.\n* Avoid using public Wi-Fi or unsecured networks to access company resources via VPN.\n\nBy following these steps, remote workers can securely connect to the company network and access company resources from anywhere. If you have any questions or issues, please contact the IT helpdesk for further assistance.\n\nsername and password).\n4. Select the \""Save\"" button to save the connection settings.\n\n**Step 3: Establish the VPN Connection**\n\n1. Click on the \""Connect\"" button to establish the VPN connection.\n2. You may be prompted to authenticate with two-factor authentication (2FA). Follow the prompts to complete 2FA.\n3. Once connected, you will see a confirmation message indicating that you are connected to the company VPN.\n\n**Step 4: Verify VPN Connection**\n\n1. Open a web browser and navigate to `company.com`.\n2. You should be able to access company resources, such as email, intranet, and file shares.\n3. Verify that your device's IP address has changed to a company-assigned IP address.\n\n**Troubleshooting Tips**\n\n* If you encounter issues connecting to the VPN, ensure that your device meets the minimum system requirements and that your internet connection is stable.\n* If you are unable to access company resources, verify that you are connected to the VPN and that your device's IP address has changed to a company-assigned IP address.\n* If you continue to experience issues, contact the IT helpdesk for further assistance.\n\n**Security Reminders**\n\n* Always keep your VPN client software up-to-date.\n\n\n**Resetting a Jammed Printer**\n\n**Step 1: Turn Off the Printer**\n\nImmediately turn off the printer to prevent any further damage or paper jams. Locate the power button, usually found on the top or front of the printer, and press it to shut down the device.\n\n**Step 2: Open the Printer**\n\nLocate the printer's access panel, which varies depending on the printer model. Common locations include the top, front, or back of the printer. Open the panel by pressing the release latch or sliding it open. This will give you access to the internal mechanisms.\n\n**Step 3: Identify and Remove Jammed Paper**\n\nCarefully inspect the printer's internal mechanisms to locate the jammed paper. Gently pull out any visible paper scraps or torn pieces. Be cautious not to touch any internal components or rollers, as oils from your skin can cause damage.\n\n**Step 4: Check for Obstructions**\n\nInspect the printer's paper path, including the paper tray, rollers, and print head, for any obstructions or debris. Remove any dust, dirt, or other blockages that may be contributing to the jam.\n\n**Step 5: Realign the Paper Tray**\n\nIf the paper tray was dislodged during the jam, realign it according to the manufacturer's i\n\nAnswer:""}], ""role"": ""user""}, ""run_config"": {""save_input_blobs_as_artifacts"": false, ""support_cfc"": false, ""streaming_mode"": ""StreamingMode.NONE"", ""max_llm_calls"": 500}}",,"{""content"":{""parts"":[{""text"":""To set up VPN access:\n\n1.  Download the VPN client software from the company's software portal and install it.\n2.  In the VPN client, create a new connection, selecting \""Company VPN\"" as the type.\n3.  Enter the company's VPN server address: `vpn.company.com`.\n4.  Enter your company login credentials and save the connection settings.\n5.  Click the \""Connect\"" button to establish the VPN connection and follow any prompts for two-factor authentication.\n6.  Verify the connection by opening a web browser and navigating to `company.com` to access company resources. Also, check that your device's IP address has changed to a company-assigned IP address.""}],""role"":""model""},""usage_metadata"":{""candidates_token_count"":154,""candidates_tokens_details"":[{""modality"":""TEXT"",""token_count"":154}],""prompt_token_count"":1024,""prompt_tokens_details"":[{""modality"":""TEXT"",""token_count"":1024}],""total_token_count"":1178,""traffic_type"":""ON_DEMAND""},""invocation_id"":""e-ee1511c2-b53d-4129-a8bd-52fa238f660c"",""author"":""adk_rag_minimal_agent"",""actions"":{""state_delta"":{},""artifact_delta"":{},""requested_auth_configs"":{}},""id"":""znIFntKG"",""timestamp"":1755461712.096756}","{'query': 'How do I set up VPN access on my laptop so I can work from home and access company resources?', 'context': '**Configuring VPN Access for Remote Workers**\n\n**Overview**\n\nThis article provides step-by-step instructions for configuring VPN access for remote workers. This allows employees working from home or other remote locations to securely connect to the company network and access company resources.\n\n**Prerequisites**\n\n* The remote worker\'s device (laptop or desktop) must meet the company\'s minimum system requirements for VPN connectivity.\n* The remote worker must have a valid company login credentials.\n* The remote worker must have a stable internet connection.\n\n**Step 1: Install the VPN Client**\n\n1. Go to the company\'s software portal and download the VPN client software.\n2. Run the installer and follow the prompts to install the software.\n3. Once installed, launch the VPN client software.\n\n**Step 2: Configure the VPN Connection**\n\n1. In the VPN client software, click on ""New Connection"" and select ""Company VPN"" as the connection type.\n2. Enter the company\'s VPN server address: `vpn.company.com`.\n3. Enter your company login credentials (username and password).\n4. Select the ""Save"" button to save the connection settings.\n\n**Step 3: Establish the VPN Connection**\n\n1. Click on the ""Connec\n\nnue to experience issues, contact the IT helpdesk for further assistance.\n\n**Security Reminders**\n\n* Always keep your VPN client software up-to-date.\n* Never share your login credentials with anyone.\n* Avoid using public Wi-Fi or unsecured networks to access company resources via VPN.\n\nBy following these steps, remote workers can securely connect to the company network and access company resources from anywhere. If you have any questions or issues, please contact the IT helpdesk for further assistance.\n\nsername and password).\n4. Select the ""Save"" button to save the connection settings.\n\n**Step 3: Establish the VPN Connection**\n\n1. Click on the ""Connect"" button to establish the VPN connection.\n2. You may be prompted to authenticate with two-factor authentication (2FA). Follow the prompts to complete 2FA.\n3. Once connected, you will see a confirmation message indicating that you are connected to the company VPN.\n\n**Step 4: Verify VPN Connection**\n\n1. Open a web browser and navigate to `company.com`.\n2. You should be able to access company resources, such as email, intranet, and file shares.\n3. Verify that your device\'s IP address has changed to a company-assigned IP address.\n\n**Troubleshooting Tips**\n\n* If you encounter issues connecting to the VPN, ensure that your device meets the minimum system requirements and that your internet connection is stable.\n* If you are unable to access company resources, verify that you are connected to the VPN and that your device\'s IP address has changed to a company-assigned IP address.\n* If you continue to experience issues, contact the IT helpdesk for further assistance.\n\n**Security Reminders**\n\n* Always keep your VPN client software up-to-date.\n\n\n**Resetting a Jammed Printer**\n\n**Step 1: Turn Off the Printer**\n\nImmediately turn off the printer to prevent any further damage or paper jams. Locate the power button, usually found on the top or front of the printer, and press it to shut down the device.\n\n**Step 2: Open the Printer**\n\nLocate the printer\'s access panel, which varies depending on the printer model. Common locations include the top, front, or back of the printer. Open the panel by pressing the release latch or sliding it open. This will give you access to the internal mechanisms.\n\n**Step 3: Identify and Remove Jammed Paper**\n\nCarefully inspect the printer\'s internal mechanisms to locate the jammed paper. Gently pull out any visible paper scraps or torn pieces. Be cautious not to touch any internal components or rollers, as oils from your skin can cause damage.\n\n**Step 4: Check for Obstructions**\n\nInspect the printer\'s paper path, including the paper tray, rollers, and print head, for any obstructions or debris. Remove any dust, dirt, or other blockages that may be contributing to the jam.\n\n**Step 5: Realign the Paper Tray**\n\nIf the paper tray was dislodged during the jam, realign it according to the manufacturer\'s i', 'row_id_for_gt': 2, 'retrieval_chunk_ids': ['row::2__chunk::0', 'row::2__chunk::2', 'row::2__chunk::1', 'row::8__chunk::0'], 'retrieval_row_ids': [2, 2, 2, 8], 'retrieval_scores': [15.7663799018, 12.0901345715, 10.766604199, 8.6396478264], 'top_k': 4}",,,s-0a6ab5bad9d7,,v1,"Query: {query}

Context:
{context}

Answer:"
call_llm,LLM,60f1e5b609294792,2025-08-17 20:15:14.237087+00:00,2025-08-17 20:15:15.748613+00:00,OK,,[],5b40bd60c6097e54,045b2b07ceaea83f2869b6f153af5447,u,application/json,LLM,application/json,"[{'message.role': 'system', 'message.content': 'You are a strict RAG agent. Use only the provided context. If the context does not contain the answer, reply that you don\'t know. Do not include any internal IDs or citations in your answer. Be concise.\n\nYou are an agent. Your internal name is ""adk_rag_minimal_agent"".\n\n The description about you is ""Minimal RAG over CSV corpus""'}, {'message.role': 'user', 'message.contents': [{'message_content.type': 'text', 'message_content.text': ""Query: My Microsoft Word keeps freezing every time I try to open a document, I've tried closing and reopening it but the issue persists, what can I do to fix it?\n\nContext:\n Files**\n\nCorrupt files can cause issues with Microsoft Office applications. Try opening a new, blank document to see if the issue persists. If the issue does not occur with a new document, it's possible that the original file is corrupt.\n\n**Step 5: Check for Conflicting Programs**\n\nOther programs running on your computer can conflict with Microsoft Office applications. Try closing all other programs and background applications to see if the issue resolves.\n\n**Step 6: Check Office Configuration**\n\nOffice configuration issues can cause problems with Microsoft Office applications. Try resetting Office configuration by following these steps:\n\n* Open the **Command Prompt** as an administrator.\n* Type the following command and press **Enter**: `officec2rclient.exe /uninstall`\n* Wait for the command to complete, then restart your computer.\n\n**Step 7: Reinstall Microsoft Office**\n\nIf none of the above steps resolve the issue, try reinstalling Microsoft Office. Go to the **Control Panel**, select **Programs and Features**, and uninstall Microsoft Office. Then, reinstall Microsoft Office from the company's software portal or by contacting the IT department.\n\n**Additional Troubleshooting Tip\n\n**Troubleshooting Issues with Microsoft Office**\n\nThis article provides steps to troubleshoot common issues with Microsoft Office applications, including Word, Excel, PowerPoint, and Outlook.\n\n**Step 1: Restart Microsoft Office**\n\nBefore proceeding with troubleshooting, try restarting the Microsoft Office application that is experiencing issues. This simple step can often resolve problems caused by temporary glitches or corrupted files.\n\n**Step 2: Check for Updates**\n\nEnsure that Microsoft Office is up-to-date. Open any Microsoft Office application, go to **File** > **Account**, and click **Update Options**. If updates are available, install them and restart the application.\n\n**Step 3: Disable Add-ins**\n\nAdd-ins can sometimes cause issues with Microsoft Office applications. To disable add-ins, follow these steps:\n\n* Open the Microsoft Office application experiencing issues.\n* Go to **File** > **Options** > **Add-ins**.\n* Uncheck the boxes next to each add-in to disable them.\n* Click **OK** to save changes.\n\n**Step 4: Check for Corrupt Files**\n\nCorrupt files can cause issues with Microsoft Office applications. Try opening a new, blank document to see if the issue persists. If the is\n\nsoft Office. Then, reinstall Microsoft Office from the company's software portal or by contacting the IT department.\n\n**Additional Troubleshooting Tips**\n\n* Check for antivirus software conflicts, as some antivirus programs can interfere with Microsoft Office applications.\n* Ensure that your computer meets the system requirements for Microsoft Office.\n* If using a Microsoft Office template, try creating a new document from scratch to see if the issue persists.\n* If experiencing issues with a specific file, try opening the file on a different computer or in a different Microsoft Office application to isolate the problem.\n\nBy following these steps, you should be able to troubleshoot and resolve common issues with Microsoft Office applications. If the issue persists, contact the IT department for further assistance.\n\n**Resetting a Jammed Printer**\n\n**Step 1: Turn Off the Printer**\n\nImmediately turn off the printer to prevent any further damage or paper jams. Locate the power button, usually found on the top or front of the printer, and press it to shut down the device.\n\n**Step 2: Open the Printer**\n\nLocate the printer's access panel, which varies depending on the printer model. Common locations include the top, front, or back of the printer. Open the panel by pressing the release latch or sliding it open. This will give you access to the internal mechanisms.\n\n**Step 3: Identify and Remove Jammed Paper**\n\nCarefully inspect the printer's internal mechanisms to locate the jammed paper. Gently pull out any visible paper scraps or torn pieces. Be cautious not to touch any internal components or rollers, as oils from your skin can cause damage.\n\n**Step 4: Check for Obstructions**\n\nInspect the printer's paper path, including the paper tray, rollers, and print head, for any obstructions or debris. Remove any dust, dirt, or other blockages that may be contributing to the jam.\n\n**Step 5: Realign the Paper Tray**\n\nIf the paper tray was dislodged during the jam, realign it according to the manufacturer's i\n\nAnswer:""}]}]","{'vertex': {'agent': {'llm_response': '{""content"":{""parts"":[{""text"":""Here are some things you can try:\\n- Restart Microsoft Office.\\n- Check for updates.\\n- Disable add-ins.\\n- Check for corrupt files by opening a new, blank document.\\n- Check for conflicting programs.\\n- Reset Office configuration.\\n- Reinstall Microsoft Office.\\n""}],""role"":""model""},""usage_metadata"":{""candidates_token_count"":62,""candidates_tokens_details"":[{""modality"":""TEXT"",""token_count"":62}],""prompt_token_count"":1041,""prompt_tokens_details"":[{""modality"":""TEXT"",""token_count"":1041}],""total_token_count"":1103,""traffic_type"":""ON_DEMAND""}}', 'llm_request': '{""model"": ""gemini-2.0-flash"", ""config"": {""system_instruction"": ""You are a strict RAG agent. Use only the provided context. If the context does not contain the answer, reply that you don\'t know. Do not include any internal IDs or citations in your answer. Be concise.\\n\\nYou are an agent. Your internal name is \\""adk_rag_minimal_agent\\"".\\n\\n The description about you is \\""Minimal RAG over CSV corpus\\"""", ""temperature"": 0.0, ""labels"": {""adk_agent_name"": ""adk_rag_minimal_agent""}}, ""contents"": [{""parts"": [{""text"": ""Query: My Microsoft Word keeps freezing every time I try to open a document, I\'ve tried closing and reopening it but the issue persists, what can I do to fix it?\\n\\nContext:\\n Files**\\n\\nCorrupt files can cause issues with Microsoft Office applications. Try opening a new, blank document to see if the issue persists. If the issue does not occur with a new document, it\'s possible that the original file is corrupt.\\n\\n**Step 5: Check for Conflicting Programs**\\n\\nOther programs running on your computer can conflict with Microsoft Office applications. Try closing all other programs and background applications to see if the issue resolves.\\n\\n**Step 6: Check Office Configuration**\\n\\nOffice configuration issues can cause problems with Microsoft Office applications. Try resetting Office configuration by following these steps:\\n\\n* Open the **Command Prompt** as an administrator.\\n* Type the following command and press **Enter**: `officec2rclient.exe /uninstall`\\n* Wait for the command to complete, then restart your computer.\\n\\n**Step 7: Reinstall Microsoft Office**\\n\\nIf none of the above steps resolve the issue, try reinstalling Microsoft Office. Go to the **Control Panel**, select **Programs and Features**, and uninstall Microsoft Office. Then, reinstall Microsoft Office from the company\'s software portal or by contacting the IT department.\\n\\n**Additional Troubleshooting Tip\\n\\n**Troubleshooting Issues with Microsoft Office**\\n\\nThis article provides steps to troubleshoot common issues with Microsoft Office applications, including Word, Excel, PowerPoint, and Outlook.\\n\\n**Step 1: Restart Microsoft Office**\\n\\nBefore proceeding with troubleshooting, try restarting the Microsoft Office application that is experiencing issues. This simple step can often resolve problems caused by temporary glitches or corrupted files.\\n\\n**Step 2: Check for Updates**\\n\\nEnsure that Microsoft Office is up-to-date. Open any Microsoft Office application, go to **File** > **Account**, and click **Update Options**. If updates are available, install them and restart the application.\\n\\n**Step 3: Disable Add-ins**\\n\\nAdd-ins can sometimes cause issues with Microsoft Office applications. To disable add-ins, follow these steps:\\n\\n* Open the Microsoft Office application experiencing issues.\\n* Go to **File** > **Options** > **Add-ins**.\\n* Uncheck the boxes next to each add-in to disable them.\\n* Click **OK** to save changes.\\n\\n**Step 4: Check for Corrupt Files**\\n\\nCorrupt files can cause issues with Microsoft Office applications. Try opening a new, blank document to see if the issue persists. If the is\\n\\nsoft Office. Then, reinstall Microsoft Office from the company\'s software portal or by contacting the IT department.\\n\\n**Additional Troubleshooting Tips**\\n\\n* Check for antivirus software conflicts, as some antivirus programs can interfere with Microsoft Office applications.\\n* Ensure that your computer meets the system requirements for Microsoft Office.\\n* If using a Microsoft Office template, try creating a new document from scratch to see if the issue persists.\\n* If experiencing issues with a specific file, try opening the file on a different computer or in a different Microsoft Office application to isolate the problem.\\n\\nBy following these steps, you should be able to troubleshoot and resolve common issues with Microsoft Office applications. If the issue persists, contact the IT department for further assistance.\\n\\n**Resetting a Jammed Printer**\\n\\n**Step 1: Turn Off the Printer**\\n\\nImmediately turn off the printer to prevent any further damage or paper jams. Locate the power button, usually found on the top or front of the printer, and press it to shut down the device.\\n\\n**Step 2: Open the Printer**\\n\\nLocate the printer\'s access panel, which varies depending on the printer model. Common locations include the top, front, or back of the printer. Open the panel by pressing the release latch or sliding it open. This will give you access to the internal mechanisms.\\n\\n**Step 3: Identify and Remove Jammed Paper**\\n\\nCarefully inspect the printer\'s internal mechanisms to locate the jammed paper. Gently pull out any visible paper scraps or torn pieces. Be cautious not to touch any internal components or rollers, as oils from your skin can cause damage.\\n\\n**Step 4: Check for Obstructions**\\n\\nInspect the printer\'s paper path, including the paper tray, rollers, and print head, for any obstructions or debris. Remove any dust, dirt, or other blockages that may be contributing to the jam.\\n\\n**Step 5: Realign the Paper Tray**\\n\\nIf the paper tray was dislodged during the jam, realign it according to the manufacturer\'s i\\n\\nAnswer:""}], ""role"": ""user""}]}', 'session_id': 's-5b43cf842a4e', 'invocation_id': 'e-374e2468-eff6-44be-a5f8-d2ad8684b963', 'event_id': 'sRdyN8JJ'}}}","{""system_instruction"":""You are a strict RAG agent. Use only the provided context. If the context does not contain the answer, reply that you don't know. Do not include any internal IDs or citations in your answer. Be concise.\n\nYou are an agent. Your internal name is \""adk_rag_minimal_agent\"".\n\n The description about you is \""Minimal RAG over CSV corpus\"""",""temperature"":0.0,""labels"":{""adk_agent_name"":""adk_rag_minimal_agent""}}",1103.0,62.0,"{'system': 'gcp.vertex.agent', 'request': {'model': 'gemini-2.0-flash'}}","{""model"": ""gemini-2.0-flash"", ""config"": {""system_instruction"": ""You are a strict RAG agent. Use only the provided context. If the context does not contain the answer, reply that you don't know. Do not include any internal IDs or citations in your answer. Be concise.\n\nYou are an agent. Your internal name is \""adk_rag_minimal_agent\"".\n\n The description about you is \""Minimal RAG over CSV corpus\"""", ""temperature"": 0.0, ""labels"": {""adk_agent_name"": ""adk_rag_minimal_agent""}}, ""contents"": [{""parts"": [{""text"": ""Query: My Microsoft Word keeps freezing every time I try to open a document, I've tried closing and reopening it but the issue persists, what can I do to fix it?\n\nContext:\n Files**\n\nCorrupt files can cause issues with Microsoft Office applications. Try opening a new, blank document to see if the issue persists. If the issue does not occur with a new document, it's possible that the original file is corrupt.\n\n**Step 5: Check for Conflicting Programs**\n\nOther programs running on your computer can conflict with Microsoft Office applications. Try closing all other programs and background applications to see if the issue resolves.\n\n**Step 6: Check Office Configuration**\n\nOffice configuration issues can cause problems with Microsoft Office applications. Try resetting Office configuration by following these steps:\n\n* Open the **Command Prompt** as an administrator.\n* Type the following command and press **Enter**: `officec2rclient.exe /uninstall`\n* Wait for the command to complete, then restart your computer.\n\n**Step 7: Reinstall Microsoft Office**\n\nIf none of the above steps resolve the issue, try reinstalling Microsoft Office. Go to the **Control Panel**, select **Programs and Features**, and uninstall Microsoft Office. Then, reinstall Microsoft Office from the company's software portal or by contacting the IT department.\n\n**Additional Troubleshooting Tip\n\n**Troubleshooting Issues with Microsoft Office**\n\nThis article provides steps to troubleshoot common issues with Microsoft Office applications, including Word, Excel, PowerPoint, and Outlook.\n\n**Step 1: Restart Microsoft Office**\n\nBefore proceeding with troubleshooting, try restarting the Microsoft Office application that is experiencing issues. This simple step can often resolve problems caused by temporary glitches or corrupted files.\n\n**Step 2: Check for Updates**\n\nEnsure that Microsoft Office is up-to-date. Open any Microsoft Office application, go to **File** > **Account**, and click **Update Options**. If updates are available, install them and restart the application.\n\n**Step 3: Disable Add-ins**\n\nAdd-ins can sometimes cause issues with Microsoft Office applications. To disable add-ins, follow these steps:\n\n* Open the Microsoft Office application experiencing issues.\n* Go to **File** > **Options** > **Add-ins**.\n* Uncheck the boxes next to each add-in to disable them.\n* Click **OK** to save changes.\n\n**Step 4: Check for Corrupt Files**\n\nCorrupt files can cause issues with Microsoft Office applications. Try opening a new, blank document to see if the issue persists. If the is\n\nsoft Office. Then, reinstall Microsoft Office from the company's software portal or by contacting the IT department.\n\n**Additional Troubleshooting Tips**\n\n* Check for antivirus software conflicts, as some antivirus programs can interfere with Microsoft Office applications.\n* Ensure that your computer meets the system requirements for Microsoft Office.\n* If using a Microsoft Office template, try creating a new document from scratch to see if the issue persists.\n* If experiencing issues with a specific file, try opening the file on a different computer or in a different Microsoft Office application to isolate the problem.\n\nBy following these steps, you should be able to troubleshoot and resolve common issues with Microsoft Office applications. If the issue persists, contact the IT department for further assistance.\n\n**Resetting a Jammed Printer**\n\n**Step 1: Turn Off the Printer**\n\nImmediately turn off the printer to prevent any further damage or paper jams. Locate the power button, usually found on the top or front of the printer, and press it to shut down the device.\n\n**Step 2: Open the Printer**\n\nLocate the printer's access panel, which varies depending on the printer model. Common locations include the top, front, or back of the printer. Open the panel by pressing the release latch or sliding it open. This will give you access to the internal mechanisms.\n\n**Step 3: Identify and Remove Jammed Paper**\n\nCarefully inspect the printer's internal mechanisms to locate the jammed paper. Gently pull out any visible paper scraps or torn pieces. Be cautious not to touch any internal components or rollers, as oils from your skin can cause damage.\n\n**Step 4: Check for Obstructions**\n\nInspect the printer's paper path, including the paper tray, rollers, and print head, for any obstructions or debris. Remove any dust, dirt, or other blockages that may be contributing to the jam.\n\n**Step 5: Realign the Paper Tray**\n\nIf the paper tray was dislodged during the jam, realign it according to the manufacturer's i\n\nAnswer:""}], ""role"": ""user""}]}",1041.0,"{""content"":{""parts"":[{""text"":""Here are some things you can try:\n- Restart Microsoft Office.\n- Check for updates.\n- Disable add-ins.\n- Check for corrupt files by opening a new, blank document.\n- Check for conflicting programs.\n- Reset Office configuration.\n- Reinstall Microsoft Office.\n""}],""role"":""model""},""usage_metadata"":{""candidates_token_count"":62,""candidates_tokens_details"":[{""modality"":""TEXT"",""token_count"":62}],""prompt_token_count"":1041,""prompt_tokens_details"":[{""modality"":""TEXT"",""token_count"":1041}],""total_token_count"":1103,""traffic_type"":""ON_DEMAND""}}","{'query': ""My Microsoft Word keeps freezing every time I try to open a document, I've tried closing and reopening it but the issue persists, what can I do to fix it?"", 'context': "" Files**\n\nCorrupt files can cause issues with Microsoft Office applications. Try opening a new, blank document to see if the issue persists. If the issue does not occur with a new document, it's possible that the original file is corrupt.\n\n**Step 5: Check for Conflicting Programs**\n\nOther programs running on your computer can conflict with Microsoft Office applications. Try closing all other programs and background applications to see if the issue resolves.\n\n**Step 6: Check Office Configuration**\n\nOffice configuration issues can cause problems with Microsoft Office applications. Try resetting Office configuration by following these steps:\n\n* Open the **Command Prompt** as an administrator.\n* Type the following command and press **Enter**: `officec2rclient.exe /uninstall`\n* Wait for the command to complete, then restart your computer.\n\n**Step 7: Reinstall Microsoft Office**\n\nIf none of the above steps resolve the issue, try reinstalling Microsoft Office. Go to the **Control Panel**, select **Programs and Features**, and uninstall Microsoft Office. Then, reinstall Microsoft Office from the company's software portal or by contacting the IT department.\n\n**Additional Troubleshooting Tip\n\n**Troubleshooting Issues with Microsoft Office**\n\nThis article provides steps to troubleshoot common issues with Microsoft Office applications, including Word, Excel, PowerPoint, and Outlook.\n\n**Step 1: Restart Microsoft Office**\n\nBefore proceeding with troubleshooting, try restarting the Microsoft Office application that is experiencing issues. This simple step can often resolve problems caused by temporary glitches or corrupted files.\n\n**Step 2: Check for Updates**\n\nEnsure that Microsoft Office is up-to-date. Open any Microsoft Office application, go to **File** > **Account**, and click **Update Options**. If updates are available, install them and restart the application.\n\n**Step 3: Disable Add-ins**\n\nAdd-ins can sometimes cause issues with Microsoft Office applications. To disable add-ins, follow these steps:\n\n* Open the Microsoft Office application experiencing issues.\n* Go to **File** > **Options** > **Add-ins**.\n* Uncheck the boxes next to each add-in to disable them.\n* Click **OK** to save changes.\n\n**Step 4: Check for Corrupt Files**\n\nCorrupt files can cause issues with Microsoft Office applications. Try opening a new, blank document to see if the issue persists. If the is\n\nsoft Office. Then, reinstall Microsoft Office from the company's software portal or by contacting the IT department.\n\n**Additional Troubleshooting Tips**\n\n* Check for antivirus software conflicts, as some antivirus programs can interfere with Microsoft Office applications.\n* Ensure that your computer meets the system requirements for Microsoft Office.\n* If using a Microsoft Office template, try creating a new document from scratch to see if the issue persists.\n* If experiencing issues with a specific file, try opening the file on a different computer or in a different Microsoft Office application to isolate the problem.\n\nBy following these steps, you should be able to troubleshoot and resolve common issues with Microsoft Office applications. If the issue persists, contact the IT department for further assistance.\n\n**Resetting a Jammed Printer**\n\n**Step 1: Turn Off the Printer**\n\nImmediately turn off the printer to prevent any further damage or paper jams. Locate the power button, usually found on the top or front of the printer, and press it to shut down the device.\n\n**Step 2: Open the Printer**\n\nLocate the printer's access panel, which varies depending on the printer model. Common locations include the top, front, or back of the printer. Open the panel by pressing the release latch or sliding it open. This will give you access to the internal mechanisms.\n\n**Step 3: Identify and Remove Jammed Paper**\n\nCarefully inspect the printer's internal mechanisms to locate the jammed paper. Gently pull out any visible paper scraps or torn pieces. Be cautious not to touch any internal components or rollers, as oils from your skin can cause damage.\n\n**Step 4: Check for Obstructions**\n\nInspect the printer's paper path, including the paper tray, rollers, and print head, for any obstructions or debris. Remove any dust, dirt, or other blockages that may be contributing to the jam.\n\n**Step 5: Realign the Paper Tray**\n\nIf the paper tray was dislodged during the jam, realign it according to the manufacturer's i"", 'row_id_for_gt': 3, 'retrieval_chunk_ids': ['row::3__chunk::1', 'row::3__chunk::0', 'row::3__chunk::2', 'row::8__chunk::0'], 'retrieval_row_ids': [3, 3, 3, 8], 'retrieval_scores': [22.41808352, 19.6122071331, 18.0742497528, 16.9524251399], 'top_k': 4}",google,gemini-2.0-flash,s-5b43cf842a4e,"[{'message.role': 'model', 'message.contents': [{'message_content.type': 'text', 'message_content.text': 'Here are some things you can try:\n- Restart Microsoft Office.\n- Check for updates.\n- Disable add-ins.\n- Check for corrupt files by opening a new, blank document.\n- Check for conflicting programs.\n- Reset Office configuration.\n- Reinstall Microsoft Office.\n'}]}]",v1,"Query: {query}

Context:
{context}

Answer:"
agent_run [adk_rag_minimal_agent],AGENT,46b1923bfa2abe7a,2025-08-17 20:15:14.236750+00:00,2025-08-17 20:15:15.754771+00:00,OK,,[],60f1e5b609294792,045b2b07ceaea83f2869b6f153af5447,u,,AGENT,application/json,,,,,,,,,"{""content"":{""parts"":[{""text"":""Here are some things you can try:\n- Restart Microsoft Office.\n- Check for updates.\n- Disable add-ins.\n- Check for corrupt files by opening a new, blank document.\n- Check for conflicting programs.\n- Reset Office configuration.\n- Reinstall Microsoft Office.\n""}],""role"":""model""},""usage_metadata"":{""candidates_token_count"":62,""candidates_tokens_details"":[{""modality"":""TEXT"",""token_count"":62}],""prompt_token_count"":1041,""prompt_tokens_details"":[{""modality"":""TEXT"",""token_count"":1041}],""total_token_count"":1103,""traffic_type"":""ON_DEMAND""},""invocation_id"":""e-374e2468-eff6-44be-a5f8-d2ad8684b963"",""author"":""adk_rag_minimal_agent"",""actions"":{""state_delta"":{},""artifact_delta"":{},""requested_auth_configs"":{}},""id"":""sRdyN8JJ"",""timestamp"":1755461714.237017}","{'query': ""My Microsoft Word keeps freezing every time I try to open a document, I've tried closing and reopening it but the issue persists, what can I do to fix it?"", 'context': "" Files**\n\nCorrupt files can cause issues with Microsoft Office applications. Try opening a new, blank document to see if the issue persists. If the issue does not occur with a new document, it's possible that the original file is corrupt.\n\n**Step 5: Check for Conflicting Programs**\n\nOther programs running on your computer can conflict with Microsoft Office applications. Try closing all other programs and background applications to see if the issue resolves.\n\n**Step 6: Check Office Configuration**\n\nOffice configuration issues can cause problems with Microsoft Office applications. Try resetting Office configuration by following these steps:\n\n* Open the **Command Prompt** as an administrator.\n* Type the following command and press **Enter**: `officec2rclient.exe /uninstall`\n* Wait for the command to complete, then restart your computer.\n\n**Step 7: Reinstall Microsoft Office**\n\nIf none of the above steps resolve the issue, try reinstalling Microsoft Office. Go to the **Control Panel**, select **Programs and Features**, and uninstall Microsoft Office. Then, reinstall Microsoft Office from the company's software portal or by contacting the IT department.\n\n**Additional Troubleshooting Tip\n\n**Troubleshooting Issues with Microsoft Office**\n\nThis article provides steps to troubleshoot common issues with Microsoft Office applications, including Word, Excel, PowerPoint, and Outlook.\n\n**Step 1: Restart Microsoft Office**\n\nBefore proceeding with troubleshooting, try restarting the Microsoft Office application that is experiencing issues. This simple step can often resolve problems caused by temporary glitches or corrupted files.\n\n**Step 2: Check for Updates**\n\nEnsure that Microsoft Office is up-to-date. Open any Microsoft Office application, go to **File** > **Account**, and click **Update Options**. If updates are available, install them and restart the application.\n\n**Step 3: Disable Add-ins**\n\nAdd-ins can sometimes cause issues with Microsoft Office applications. To disable add-ins, follow these steps:\n\n* Open the Microsoft Office application experiencing issues.\n* Go to **File** > **Options** > **Add-ins**.\n* Uncheck the boxes next to each add-in to disable them.\n* Click **OK** to save changes.\n\n**Step 4: Check for Corrupt Files**\n\nCorrupt files can cause issues with Microsoft Office applications. Try opening a new, blank document to see if the issue persists. If the is\n\nsoft Office. Then, reinstall Microsoft Office from the company's software portal or by contacting the IT department.\n\n**Additional Troubleshooting Tips**\n\n* Check for antivirus software conflicts, as some antivirus programs can interfere with Microsoft Office applications.\n* Ensure that your computer meets the system requirements for Microsoft Office.\n* If using a Microsoft Office template, try creating a new document from scratch to see if the issue persists.\n* If experiencing issues with a specific file, try opening the file on a different computer or in a different Microsoft Office application to isolate the problem.\n\nBy following these steps, you should be able to troubleshoot and resolve common issues with Microsoft Office applications. If the issue persists, contact the IT department for further assistance.\n\n**Resetting a Jammed Printer**\n\n**Step 1: Turn Off the Printer**\n\nImmediately turn off the printer to prevent any further damage or paper jams. Locate the power button, usually found on the top or front of the printer, and press it to shut down the device.\n\n**Step 2: Open the Printer**\n\nLocate the printer's access panel, which varies depending on the printer model. Common locations include the top, front, or back of the printer. Open the panel by pressing the release latch or sliding it open. This will give you access to the internal mechanisms.\n\n**Step 3: Identify and Remove Jammed Paper**\n\nCarefully inspect the printer's internal mechanisms to locate the jammed paper. Gently pull out any visible paper scraps or torn pieces. Be cautious not to touch any internal components or rollers, as oils from your skin can cause damage.\n\n**Step 4: Check for Obstructions**\n\nInspect the printer's paper path, including the paper tray, rollers, and print head, for any obstructions or debris. Remove any dust, dirt, or other blockages that may be contributing to the jam.\n\n**Step 5: Realign the Paper Tray**\n\nIf the paper tray was dislodged during the jam, realign it according to the manufacturer's i"", 'row_id_for_gt': 3, 'retrieval_chunk_ids': ['row::3__chunk::1', 'row::3__chunk::0', 'row::3__chunk::2', 'row::8__chunk::0'], 'retrieval_row_ids': [3, 3, 3, 8], 'retrieval_scores': [22.41808352, 19.6122071331, 18.0742497528, 16.9524251399], 'top_k': 4}",,,s-5b43cf842a4e,,v1,"Query: {query}

Context:
{context}

Answer:"
invocation [adk_rag_minimal],CHAIN,,2025-08-17 20:15:14.236448+00:00,2025-08-17 20:15:15.756271+00:00,OK,,[],46b1923bfa2abe7a,045b2b07ceaea83f2869b6f153af5447,u,application/json,CHAIN,application/json,,,,,,,"{""user_id"": ""u"", ""session_id"": ""s-5b43cf842a4e"", ""new_message"": {""parts"": [{""text"": ""Query: My Microsoft Word keeps freezing every time I try to open a document, I've tried closing and reopening it but the issue persists, what can I do to fix it?\n\nContext:\n Files**\n\nCorrupt files can cause issues with Microsoft Office applications. Try opening a new, blank document to see if the issue persists. If the issue does not occur with a new document, it's possible that the original file is corrupt.\n\n**Step 5: Check for Conflicting Programs**\n\nOther programs running on your computer can conflict with Microsoft Office applications. Try closing all other programs and background applications to see if the issue resolves.\n\n**Step 6: Check Office Configuration**\n\nOffice configuration issues can cause problems with Microsoft Office applications. Try resetting Office configuration by following these steps:\n\n* Open the **Command Prompt** as an administrator.\n* Type the following command and press **Enter**: `officec2rclient.exe /uninstall`\n* Wait for the command to complete, then restart your computer.\n\n**Step 7: Reinstall Microsoft Office**\n\nIf none of the above steps resolve the issue, try reinstalling Microsoft Office. Go to the **Control Panel**, select **Programs and Features**, and uninstall Microsoft Office. Then, reinstall Microsoft Office from the company's software portal or by contacting the IT department.\n\n**Additional Troubleshooting Tip\n\n**Troubleshooting Issues with Microsoft Office**\n\nThis article provides steps to troubleshoot common issues with Microsoft Office applications, including Word, Excel, PowerPoint, and Outlook.\n\n**Step 1: Restart Microsoft Office**\n\nBefore proceeding with troubleshooting, try restarting the Microsoft Office application that is experiencing issues. This simple step can often resolve problems caused by temporary glitches or corrupted files.\n\n**Step 2: Check for Updates**\n\nEnsure that Microsoft Office is up-to-date. Open any Microsoft Office application, go to **File** > **Account**, and click **Update Options**. If updates are available, install them and restart the application.\n\n**Step 3: Disable Add-ins**\n\nAdd-ins can sometimes cause issues with Microsoft Office applications. To disable add-ins, follow these steps:\n\n* Open the Microsoft Office application experiencing issues.\n* Go to **File** > **Options** > **Add-ins**.\n* Uncheck the boxes next to each add-in to disable them.\n* Click **OK** to save changes.\n\n**Step 4: Check for Corrupt Files**\n\nCorrupt files can cause issues with Microsoft Office applications. Try opening a new, blank document to see if the issue persists. If the is\n\nsoft Office. Then, reinstall Microsoft Office from the company's software portal or by contacting the IT department.\n\n**Additional Troubleshooting Tips**\n\n* Check for antivirus software conflicts, as some antivirus programs can interfere with Microsoft Office applications.\n* Ensure that your computer meets the system requirements for Microsoft Office.\n* If using a Microsoft Office template, try creating a new document from scratch to see if the issue persists.\n* If experiencing issues with a specific file, try opening the file on a different computer or in a different Microsoft Office application to isolate the problem.\n\nBy following these steps, you should be able to troubleshoot and resolve common issues with Microsoft Office applications. If the issue persists, contact the IT department for further assistance.\n\n**Resetting a Jammed Printer**\n\n**Step 1: Turn Off the Printer**\n\nImmediately turn off the printer to prevent any further damage or paper jams. Locate the power button, usually found on the top or front of the printer, and press it to shut down the device.\n\n**Step 2: Open the Printer**\n\nLocate the printer's access panel, which varies depending on the printer model. Common locations include the top, front, or back of the printer. Open the panel by pressing the release latch or sliding it open. This will give you access to the internal mechanisms.\n\n**Step 3: Identify and Remove Jammed Paper**\n\nCarefully inspect the printer's internal mechanisms to locate the jammed paper. Gently pull out any visible paper scraps or torn pieces. Be cautious not to touch any internal components or rollers, as oils from your skin can cause damage.\n\n**Step 4: Check for Obstructions**\n\nInspect the printer's paper path, including the paper tray, rollers, and print head, for any obstructions or debris. Remove any dust, dirt, or other blockages that may be contributing to the jam.\n\n**Step 5: Realign the Paper Tray**\n\nIf the paper tray was dislodged during the jam, realign it according to the manufacturer's i\n\nAnswer:""}], ""role"": ""user""}, ""run_config"": {""save_input_blobs_as_artifacts"": false, ""support_cfc"": false, ""streaming_mode"": ""StreamingMode.NONE"", ""max_llm_calls"": 500}}",,"{""content"":{""parts"":[{""text"":""Here are some things you can try:\n- Restart Microsoft Office.\n- Check for updates.\n- Disable add-ins.\n- Check for corrupt files by opening a new, blank document.\n- Check for conflicting programs.\n- Reset Office configuration.\n- Reinstall Microsoft Office.\n""}],""role"":""model""},""usage_metadata"":{""candidates_token_count"":62,""candidates_tokens_details"":[{""modality"":""TEXT"",""token_count"":62}],""prompt_token_count"":1041,""prompt_tokens_details"":[{""modality"":""TEXT"",""token_count"":1041}],""total_token_count"":1103,""traffic_type"":""ON_DEMAND""},""invocation_id"":""e-374e2468-eff6-44be-a5f8-d2ad8684b963"",""author"":""adk_rag_minimal_agent"",""actions"":{""state_delta"":{},""artifact_delta"":{},""requested_auth_configs"":{}},""id"":""sRdyN8JJ"",""timestamp"":1755461714.237017}","{'query': ""My Microsoft Word keeps freezing every time I try to open a document, I've tried closing and reopening it but the issue persists, what can I do to fix it?"", 'context': "" Files**\n\nCorrupt files can cause issues with Microsoft Office applications. Try opening a new, blank document to see if the issue persists. If the issue does not occur with a new document, it's possible that the original file is corrupt.\n\n**Step 5: Check for Conflicting Programs**\n\nOther programs running on your computer can conflict with Microsoft Office applications. Try closing all other programs and background applications to see if the issue resolves.\n\n**Step 6: Check Office Configuration**\n\nOffice configuration issues can cause problems with Microsoft Office applications. Try resetting Office configuration by following these steps:\n\n* Open the **Command Prompt** as an administrator.\n* Type the following command and press **Enter**: `officec2rclient.exe /uninstall`\n* Wait for the command to complete, then restart your computer.\n\n**Step 7: Reinstall Microsoft Office**\n\nIf none of the above steps resolve the issue, try reinstalling Microsoft Office. Go to the **Control Panel**, select **Programs and Features**, and uninstall Microsoft Office. Then, reinstall Microsoft Office from the company's software portal or by contacting the IT department.\n\n**Additional Troubleshooting Tip\n\n**Troubleshooting Issues with Microsoft Office**\n\nThis article provides steps to troubleshoot common issues with Microsoft Office applications, including Word, Excel, PowerPoint, and Outlook.\n\n**Step 1: Restart Microsoft Office**\n\nBefore proceeding with troubleshooting, try restarting the Microsoft Office application that is experiencing issues. This simple step can often resolve problems caused by temporary glitches or corrupted files.\n\n**Step 2: Check for Updates**\n\nEnsure that Microsoft Office is up-to-date. Open any Microsoft Office application, go to **File** > **Account**, and click **Update Options**. If updates are available, install them and restart the application.\n\n**Step 3: Disable Add-ins**\n\nAdd-ins can sometimes cause issues with Microsoft Office applications. To disable add-ins, follow these steps:\n\n* Open the Microsoft Office application experiencing issues.\n* Go to **File** > **Options** > **Add-ins**.\n* Uncheck the boxes next to each add-in to disable them.\n* Click **OK** to save changes.\n\n**Step 4: Check for Corrupt Files**\n\nCorrupt files can cause issues with Microsoft Office applications. Try opening a new, blank document to see if the issue persists. If the is\n\nsoft Office. Then, reinstall Microsoft Office from the company's software portal or by contacting the IT department.\n\n**Additional Troubleshooting Tips**\n\n* Check for antivirus software conflicts, as some antivirus programs can interfere with Microsoft Office applications.\n* Ensure that your computer meets the system requirements for Microsoft Office.\n* If using a Microsoft Office template, try creating a new document from scratch to see if the issue persists.\n* If experiencing issues with a specific file, try opening the file on a different computer or in a different Microsoft Office application to isolate the problem.\n\nBy following these steps, you should be able to troubleshoot and resolve common issues with Microsoft Office applications. If the issue persists, contact the IT department for further assistance.\n\n**Resetting a Jammed Printer**\n\n**Step 1: Turn Off the Printer**\n\nImmediately turn off the printer to prevent any further damage or paper jams. Locate the power button, usually found on the top or front of the printer, and press it to shut down the device.\n\n**Step 2: Open the Printer**\n\nLocate the printer's access panel, which varies depending on the printer model. Common locations include the top, front, or back of the printer. Open the panel by pressing the release latch or sliding it open. This will give you access to the internal mechanisms.\n\n**Step 3: Identify and Remove Jammed Paper**\n\nCarefully inspect the printer's internal mechanisms to locate the jammed paper. Gently pull out any visible paper scraps or torn pieces. Be cautious not to touch any internal components or rollers, as oils from your skin can cause damage.\n\n**Step 4: Check for Obstructions**\n\nInspect the printer's paper path, including the paper tray, rollers, and print head, for any obstructions or debris. Remove any dust, dirt, or other blockages that may be contributing to the jam.\n\n**Step 5: Realign the Paper Tray**\n\nIf the paper tray was dislodged during the jam, realign it according to the manufacturer's i"", 'row_id_for_gt': 3, 'retrieval_chunk_ids': ['row::3__chunk::1', 'row::3__chunk::0', 'row::3__chunk::2', 'row::8__chunk::0'], 'retrieval_row_ids': [3, 3, 3, 8], 'retrieval_scores': [22.41808352, 19.6122071331, 18.0742497528, 16.9524251399], 'top_k': 4}",,,s-5b43cf842a4e,,v1,"Query: {query}

Context:
{context}

Answer:"
call_llm,LLM,17e89353913d5802,2025-08-17 20:15:15.760940+00:00,2025-08-17 20:15:17.804323+00:00,OK,,[],7cb3d7b9e1b88d40,24c38007b3266c37b7ca5466a6d00819,u,application/json,LLM,application/json,"[{'message.role': 'system', 'message.content': 'You are a strict RAG agent. Use only the provided context. If the context does not contain the answer, reply that you don\'t know. Do not include any internal IDs or citations in your answer. Be concise.\n\nYou are an agent. Your internal name is ""adk_rag_minimal_agent"".\n\n The description about you is ""Minimal RAG over CSV corpus""'}, {'message.role': 'user', 'message.contents': [{'message_content.type': 'text', 'message_content.text': 'Query: How do I set up a conference call on Cisco Webex with both video and audio for a meeting with multiple participants?\n\nContext:\nTo set up a conference call on Cisco Webex, follow these steps:\n\n**Step 1: Log in to Cisco Webex**\n\nOpen a web browser and navigate to [company Webex URL]. Enter your company login credentials to access the Webex portal.\n\n**Step 2: Schedule a Meeting**\n\nClick on the ""Meetings"" tab and select ""Schedule a Meeting"" from the drop-down menu. Fill in the required information, including:\n\n* Meeting topic\n* Start and end time\n* Duration\n* Invitees (add email addresses or names from the company directory)\n\n**Step 3: Configure Audio Settings**\n\nIn the ""Audio"" section, select ""Cisco Webex Audio"" as the default audio type. You can also choose to allow participants to join via phone or VoIP.\n\n**Step 4: Set Up Video Settings (Optional)**\n\nIf you want to enable video conferencing, click on the ""Video"" tab and select ""Cisco Webex Video"" as the default video type. You can also choose to allow participants to join via video.\n\n**Step 5: Add Agenda and Notes (Optional)**\n\nYou can add an agenda and notes to the meeting invitation by clicking on the ""Agenda"" tab. This information will be visible to all invitees.\n\n**Step 6: Send Invitations**\n\nClick ""Schedule"" to send the meeting invitation to all invite\n\nssues during the meeting, try restarting your audio or video settings or contacting the IT helpdesk for assistance.\n\nBy following these steps, you can successfully set up and host a conference call on Cisco Webex. If you have any further questions or issues, please contact the IT helpdesk for assistance.\n\na"" tab. This information will be visible to all invitees.\n\n**Step 6: Send Invitations**\n\nClick ""Schedule"" to send the meeting invitation to all invitees. The invitation will include a link to join the meeting, as well as dial-in information for audio-only participants.\n\n**Step 7: Start the Meeting**\n\nAt the scheduled start time, click on the ""Start"" button to begin the conference call. As the host, you will be prompted to enter your audio and video settings before joining the meeting.\n\n**Tips and Best Practices**\n\n* Make sure to test your audio and video settings before the meeting to ensure a smooth experience.\n* Encourage invitees to join the meeting 5-10 minutes early to troubleshoot any technical issues.\n* Use the ""Mute"" feature to minimize background noise and ensure clear audio.\n* Use the ""Share"" feature to share your screen or presentations with participants.\n\n**Troubleshooting**\n\n* If you encounter issues joining the meeting, try restarting your browser or checking your internet connection.\n* If you experience audio or video issues during the meeting, try restarting your audio or video settings or contacting the IT helpdesk for assistance.\n\nBy following these steps, you can\n\n(SSID). Enable WPA2-PSK or WPA3-PSK encryption and set the password created in Step 3. Save your changes.\n\n**Step 5: Set Up a Guest Network (Optional)**\n\nIf you need to provide wireless access to guests or visitors, set up a separate guest network. This will isolate your main network from potential security risks. Configure the guest network with a different SSID and password.\n\n**Step 6: Configure Firewall Settings**\n\nEnable the firewall on your router and configure it to block incoming and outgoing traffic on unnecessary ports. Restrict access to your network by only allowing necessary incoming traffic.\n\n**Step 7: Set Up Quality of Service (QoS)**\n\nConfigure QoS settings on your router to prioritize critical network traffic, such as video conferencing or VoIP calls. This ensures that critical applications receive sufficient bandwidth.\n\n**Step 8: Implement Network Segmentation**\n\nSegment your network into different zones or subnets to restrict access to sensitive areas of your network. This limits the spread of malware or unauthorized access in case of a breach.\n\n**Step 9: Regularly Update Your Router\'s Firmware**\n\nRegularly check for and install firmware updates for your router to\n\nAnswer:'}]}]","{'vertex': {'agent': {'llm_response': '{""content"":{""parts"":[{""text"":""1.  Log in to Cisco Webex.\\n2.  Schedule a meeting, including the topic, start/end time, duration, and invitees.\\n3.  In the \\""Audio\\"" section, select \\""Cisco Webex Audio\\"" as the default audio type.\\n4.  To enable video, click on the \\""Video\\"" tab and select \\""Cisco Webex Video\\"" as the default video type.\\n5.  Add an agenda and notes to the meeting invitation by clicking on the \\""Agenda\\"" tab.\\n6.  Click \\""Schedule\\"" to send the meeting invitation to all invitees.\\n7.  At the scheduled start time, click on the \\""Start\\"" button to begin the conference call.""}],""role"":""model""},""usage_metadata"":{""candidates_token_count"":149,""candidates_tokens_details"":[{""modality"":""TEXT"",""token_count"":149}],""prompt_token_count"":966,""prompt_tokens_details"":[{""modality"":""TEXT"",""token_count"":966}],""total_token_count"":1115,""traffic_type"":""ON_DEMAND""}}', 'llm_request': '{""model"": ""gemini-2.0-flash"", ""config"": {""system_instruction"": ""You are a strict RAG agent. Use only the provided context. If the context does not contain the answer, reply that you don\'t know. Do not include any internal IDs or citations in your answer. Be concise.\\n\\nYou are an agent. Your internal name is \\""adk_rag_minimal_agent\\"".\\n\\n The description about you is \\""Minimal RAG over CSV corpus\\"""", ""temperature"": 0.0, ""labels"": {""adk_agent_name"": ""adk_rag_minimal_agent""}}, ""contents"": [{""parts"": [{""text"": ""Query: How do I set up a conference call on Cisco Webex with both video and audio for a meeting with multiple participants?\\n\\nContext:\\nTo set up a conference call on Cisco Webex, follow these steps:\\n\\n**Step 1: Log in to Cisco Webex**\\n\\nOpen a web browser and navigate to [company Webex URL]. Enter your company login credentials to access the Webex portal.\\n\\n**Step 2: Schedule a Meeting**\\n\\nClick on the \\""Meetings\\"" tab and select \\""Schedule a Meeting\\"" from the drop-down menu. Fill in the required information, including:\\n\\n* Meeting topic\\n* Start and end time\\n* Duration\\n* Invitees (add email addresses or names from the company directory)\\n\\n**Step 3: Configure Audio Settings**\\n\\nIn the \\""Audio\\"" section, select \\""Cisco Webex Audio\\"" as the default audio type. You can also choose to allow participants to join via phone or VoIP.\\n\\n**Step 4: Set Up Video Settings (Optional)**\\n\\nIf you want to enable video conferencing, click on the \\""Video\\"" tab and select \\""Cisco Webex Video\\"" as the default video type. You can also choose to allow participants to join via video.\\n\\n**Step 5: Add Agenda and Notes (Optional)**\\n\\nYou can add an agenda and notes to the meeting invitation by clicking on the \\""Agenda\\"" tab. This information will be visible to all invitees.\\n\\n**Step 6: Send Invitations**\\n\\nClick \\""Schedule\\"" to send the meeting invitation to all invite\\n\\nssues during the meeting, try restarting your audio or video settings or contacting the IT helpdesk for assistance.\\n\\nBy following these steps, you can successfully set up and host a conference call on Cisco Webex. If you have any further questions or issues, please contact the IT helpdesk for assistance.\\n\\na\\"" tab. This information will be visible to all invitees.\\n\\n**Step 6: Send Invitations**\\n\\nClick \\""Schedule\\"" to send the meeting invitation to all invitees. The invitation will include a link to join the meeting, as well as dial-in information for audio-only participants.\\n\\n**Step 7: Start the Meeting**\\n\\nAt the scheduled start time, click on the \\""Start\\"" button to begin the conference call. As the host, you will be prompted to enter your audio and video settings before joining the meeting.\\n\\n**Tips and Best Practices**\\n\\n* Make sure to test your audio and video settings before the meeting to ensure a smooth experience.\\n* Encourage invitees to join the meeting 5-10 minutes early to troubleshoot any technical issues.\\n* Use the \\""Mute\\"" feature to minimize background noise and ensure clear audio.\\n* Use the \\""Share\\"" feature to share your screen or presentations with participants.\\n\\n**Troubleshooting**\\n\\n* If you encounter issues joining the meeting, try restarting your browser or checking your internet connection.\\n* If you experience audio or video issues during the meeting, try restarting your audio or video settings or contacting the IT helpdesk for assistance.\\n\\nBy following these steps, you can\\n\\n(SSID). Enable WPA2-PSK or WPA3-PSK encryption and set the password created in Step 3. Save your changes.\\n\\n**Step 5: Set Up a Guest Network (Optional)**\\n\\nIf you need to provide wireless access to guests or visitors, set up a separate guest network. This will isolate your main network from potential security risks. Configure the guest network with a different SSID and password.\\n\\n**Step 6: Configure Firewall Settings**\\n\\nEnable the firewall on your router and configure it to block incoming and outgoing traffic on unnecessary ports. Restrict access to your network by only allowing necessary incoming traffic.\\n\\n**Step 7: Set Up Quality of Service (QoS)**\\n\\nConfigure QoS settings on your router to prioritize critical network traffic, such as video conferencing or VoIP calls. This ensures that critical applications receive sufficient bandwidth.\\n\\n**Step 8: Implement Network Segmentation**\\n\\nSegment your network into different zones or subnets to restrict access to sensitive areas of your network. This limits the spread of malware or unauthorized access in case of a breach.\\n\\n**Step 9: Regularly Update Your Router\'s Firmware**\\n\\nRegularly check for and install firmware updates for your router to\\n\\nAnswer:""}], ""role"": ""user""}]}', 'session_id': 's-d892cf09748a', 'invocation_id': 'e-1f981657-80c1-4a0d-8fd8-ad25657627f6', 'event_id': 'PFgmgr0E'}}}","{""system_instruction"":""You are a strict RAG agent. Use only the provided context. If the context does not contain the answer, reply that you don't know. Do not include any internal IDs or citations in your answer. Be concise.\n\nYou are an agent. Your internal name is \""adk_rag_minimal_agent\"".\n\n The description about you is \""Minimal RAG over CSV corpus\"""",""temperature"":0.0,""labels"":{""adk_agent_name"":""adk_rag_minimal_agent""}}",1115.0,149.0,"{'system': 'gcp.vertex.agent', 'request': {'model': 'gemini-2.0-flash'}}","{""model"": ""gemini-2.0-flash"", ""config"": {""system_instruction"": ""You are a strict RAG agent. Use only the provided context. If the context does not contain the answer, reply that you don't know. Do not include any internal IDs or citations in your answer. Be concise.\n\nYou are an agent. Your internal name is \""adk_rag_minimal_agent\"".\n\n The description about you is \""Minimal RAG over CSV corpus\"""", ""temperature"": 0.0, ""labels"": {""adk_agent_name"": ""adk_rag_minimal_agent""}}, ""contents"": [{""parts"": [{""text"": ""Query: How do I set up a conference call on Cisco Webex with both video and audio for a meeting with multiple participants?\n\nContext:\nTo set up a conference call on Cisco Webex, follow these steps:\n\n**Step 1: Log in to Cisco Webex**\n\nOpen a web browser and navigate to [company Webex URL]. Enter your company login credentials to access the Webex portal.\n\n**Step 2: Schedule a Meeting**\n\nClick on the \""Meetings\"" tab and select \""Schedule a Meeting\"" from the drop-down menu. Fill in the required information, including:\n\n* Meeting topic\n* Start and end time\n* Duration\n* Invitees (add email addresses or names from the company directory)\n\n**Step 3: Configure Audio Settings**\n\nIn the \""Audio\"" section, select \""Cisco Webex Audio\"" as the default audio type. You can also choose to allow participants to join via phone or VoIP.\n\n**Step 4: Set Up Video Settings (Optional)**\n\nIf you want to enable video conferencing, click on the \""Video\"" tab and select \""Cisco Webex Video\"" as the default video type. You can also choose to allow participants to join via video.\n\n**Step 5: Add Agenda and Notes (Optional)**\n\nYou can add an agenda and notes to the meeting invitation by clicking on the \""Agenda\"" tab. This information will be visible to all invitees.\n\n**Step 6: Send Invitations**\n\nClick \""Schedule\"" to send the meeting invitation to all invite\n\nssues during the meeting, try restarting your audio or video settings or contacting the IT helpdesk for assistance.\n\nBy following these steps, you can successfully set up and host a conference call on Cisco Webex. If you have any further questions or issues, please contact the IT helpdesk for assistance.\n\na\"" tab. This information will be visible to all invitees.\n\n**Step 6: Send Invitations**\n\nClick \""Schedule\"" to send the meeting invitation to all invitees. The invitation will include a link to join the meeting, as well as dial-in information for audio-only participants.\n\n**Step 7: Start the Meeting**\n\nAt the scheduled start time, click on the \""Start\"" button to begin the conference call. As the host, you will be prompted to enter your audio and video settings before joining the meeting.\n\n**Tips and Best Practices**\n\n* Make sure to test your audio and video settings before the meeting to ensure a smooth experience.\n* Encourage invitees to join the meeting 5-10 minutes early to troubleshoot any technical issues.\n* Use the \""Mute\"" feature to minimize background noise and ensure clear audio.\n* Use the \""Share\"" feature to share your screen or presentations with participants.\n\n**Troubleshooting**\n\n* If you encounter issues joining the meeting, try restarting your browser or checking your internet connection.\n* If you experience audio or video issues during the meeting, try restarting your audio or video settings or contacting the IT helpdesk for assistance.\n\nBy following these steps, you can\n\n(SSID). Enable WPA2-PSK or WPA3-PSK encryption and set the password created in Step 3. Save your changes.\n\n**Step 5: Set Up a Guest Network (Optional)**\n\nIf you need to provide wireless access to guests or visitors, set up a separate guest network. This will isolate your main network from potential security risks. Configure the guest network with a different SSID and password.\n\n**Step 6: Configure Firewall Settings**\n\nEnable the firewall on your router and configure it to block incoming and outgoing traffic on unnecessary ports. Restrict access to your network by only allowing necessary incoming traffic.\n\n**Step 7: Set Up Quality of Service (QoS)**\n\nConfigure QoS settings on your router to prioritize critical network traffic, such as video conferencing or VoIP calls. This ensures that critical applications receive sufficient bandwidth.\n\n**Step 8: Implement Network Segmentation**\n\nSegment your network into different zones or subnets to restrict access to sensitive areas of your network. This limits the spread of malware or unauthorized access in case of a breach.\n\n**Step 9: Regularly Update Your Router's Firmware**\n\nRegularly check for and install firmware updates for your router to\n\nAnswer:""}], ""role"": ""user""}]}",966.0,"{""content"":{""parts"":[{""text"":""1.  Log in to Cisco Webex.\n2.  Schedule a meeting, including the topic, start/end time, duration, and invitees.\n3.  In the \""Audio\"" section, select \""Cisco Webex Audio\"" as the default audio type.\n4.  To enable video, click on the \""Video\"" tab and select \""Cisco Webex Video\"" as the default video type.\n5.  Add an agenda and notes to the meeting invitation by clicking on the \""Agenda\"" tab.\n6.  Click \""Schedule\"" to send the meeting invitation to all invitees.\n7.  At the scheduled start time, click on the \""Start\"" button to begin the conference call.""}],""role"":""model""},""usage_metadata"":{""candidates_token_count"":149,""candidates_tokens_details"":[{""modality"":""TEXT"",""token_count"":149}],""prompt_token_count"":966,""prompt_tokens_details"":[{""modality"":""TEXT"",""token_count"":966}],""total_token_count"":1115,""traffic_type"":""ON_DEMAND""}}","{'query': 'How do I set up a conference call on Cisco Webex with both video and audio for a meeting with multiple participants?', 'context': 'To set up a conference call on Cisco Webex, follow these steps:\n\n**Step 1: Log in to Cisco Webex**\n\nOpen a web browser and navigate to [company Webex URL]. Enter your company login credentials to access the Webex portal.\n\n**Step 2: Schedule a Meeting**\n\nClick on the ""Meetings"" tab and select ""Schedule a Meeting"" from the drop-down menu. Fill in the required information, including:\n\n* Meeting topic\n* Start and end time\n* Duration\n* Invitees (add email addresses or names from the company directory)\n\n**Step 3: Configure Audio Settings**\n\nIn the ""Audio"" section, select ""Cisco Webex Audio"" as the default audio type. You can also choose to allow participants to join via phone or VoIP.\n\n**Step 4: Set Up Video Settings (Optional)**\n\nIf you want to enable video conferencing, click on the ""Video"" tab and select ""Cisco Webex Video"" as the default video type. You can also choose to allow participants to join via video.\n\n**Step 5: Add Agenda and Notes (Optional)**\n\nYou can add an agenda and notes to the meeting invitation by clicking on the ""Agenda"" tab. This information will be visible to all invitees.\n\n**Step 6: Send Invitations**\n\nClick ""Schedule"" to send the meeting invitation to all invite\n\nssues during the meeting, try restarting your audio or video settings or contacting the IT helpdesk for assistance.\n\nBy following these steps, you can successfully set up and host a conference call on Cisco Webex. If you have any further questions or issues, please contact the IT helpdesk for assistance.\n\na"" tab. This information will be visible to all invitees.\n\n**Step 6: Send Invitations**\n\nClick ""Schedule"" to send the meeting invitation to all invitees. The invitation will include a link to join the meeting, as well as dial-in information for audio-only participants.\n\n**Step 7: Start the Meeting**\n\nAt the scheduled start time, click on the ""Start"" button to begin the conference call. As the host, you will be prompted to enter your audio and video settings before joining the meeting.\n\n**Tips and Best Practices**\n\n* Make sure to test your audio and video settings before the meeting to ensure a smooth experience.\n* Encourage invitees to join the meeting 5-10 minutes early to troubleshoot any technical issues.\n* Use the ""Mute"" feature to minimize background noise and ensure clear audio.\n* Use the ""Share"" feature to share your screen or presentations with participants.\n\n**Troubleshooting**\n\n* If you encounter issues joining the meeting, try restarting your browser or checking your internet connection.\n* If you experience audio or video issues during the meeting, try restarting your audio or video settings or contacting the IT helpdesk for assistance.\n\nBy following these steps, you can\n\n(SSID). Enable WPA2-PSK or WPA3-PSK encryption and set the password created in Step 3. Save your changes.\n\n**Step 5: Set Up a Guest Network (Optional)**\n\nIf you need to provide wireless access to guests or visitors, set up a separate guest network. This will isolate your main network from potential security risks. Configure the guest network with a different SSID and password.\n\n**Step 6: Configure Firewall Settings**\n\nEnable the firewall on your router and configure it to block incoming and outgoing traffic on unnecessary ports. Restrict access to your network by only allowing necessary incoming traffic.\n\n**Step 7: Set Up Quality of Service (QoS)**\n\nConfigure QoS settings on your router to prioritize critical network traffic, such as video conferencing or VoIP calls. This ensures that critical applications receive sufficient bandwidth.\n\n**Step 8: Implement Network Segmentation**\n\nSegment your network into different zones or subnets to restrict access to sensitive areas of your network. This limits the spread of malware or unauthorized access in case of a breach.\n\n**Step 9: Regularly Update Your Router\'s Firmware**\n\nRegularly check for and install firmware updates for your router to', 'row_id_for_gt': 4, 'retrieval_chunk_ids': ['row::4__chunk::0', 'row::4__chunk::2', 'row::4__chunk::1', 'row::7__chunk::1'], 'retrieval_row_ids': [4, 4, 4, 7], 'retrieval_scores': [31.3037687004, 26.848242268, 23.0509343235, 9.1081086602], 'top_k': 4}",google,gemini-2.0-flash,s-d892cf09748a,"[{'message.role': 'model', 'message.contents': [{'message_content.type': 'text', 'message_content.text': '1.  Log in to Cisco Webex.\n2.  Schedule a meeting, including the topic, start/end time, duration, and invitees.\n3.  In the ""Audio"" section, select ""Cisco Webex Audio"" as the default audio type.\n4.  To enable video, click on the ""Video"" tab and select ""Cisco Webex Video"" as the default video type.\n5.  Add an agenda and notes to the meeting invitation by clicking on the ""Agenda"" tab.\n6.  Click ""Schedule"" to send the meeting invitation to all invitees.\n7.  At the scheduled start time, click on the ""Start"" button to begin the conference call.'}]}]",v1,"Query: {query}

Context:
{context}

Answer:"
agent_run [adk_rag_minimal_agent],AGENT,141b7e8367c39b69,2025-08-17 20:15:15.760360+00:00,2025-08-17 20:15:17.808982+00:00,OK,,[],17e89353913d5802,24c38007b3266c37b7ca5466a6d00819,u,,AGENT,application/json,,,,,,,,,"{""content"":{""parts"":[{""text"":""1.  Log in to Cisco Webex.\n2.  Schedule a meeting, including the topic, start/end time, duration, and invitees.\n3.  In the \""Audio\"" section, select \""Cisco Webex Audio\"" as the default audio type.\n4.  To enable video, click on the \""Video\"" tab and select \""Cisco Webex Video\"" as the default video type.\n5.  Add an agenda and notes to the meeting invitation by clicking on the \""Agenda\"" tab.\n6.  Click \""Schedule\"" to send the meeting invitation to all invitees.\n7.  At the scheduled start time, click on the \""Start\"" button to begin the conference call.""}],""role"":""model""},""usage_metadata"":{""candidates_token_count"":149,""candidates_tokens_details"":[{""modality"":""TEXT"",""token_count"":149}],""prompt_token_count"":966,""prompt_tokens_details"":[{""modality"":""TEXT"",""token_count"":966}],""total_token_count"":1115,""traffic_type"":""ON_DEMAND""},""invocation_id"":""e-1f981657-80c1-4a0d-8fd8-ad25657627f6"",""author"":""adk_rag_minimal_agent"",""actions"":{""state_delta"":{},""artifact_delta"":{},""requested_auth_configs"":{}},""id"":""PFgmgr0E"",""timestamp"":1755461715.760818}","{'query': 'How do I set up a conference call on Cisco Webex with both video and audio for a meeting with multiple participants?', 'context': 'To set up a conference call on Cisco Webex, follow these steps:\n\n**Step 1: Log in to Cisco Webex**\n\nOpen a web browser and navigate to [company Webex URL]. Enter your company login credentials to access the Webex portal.\n\n**Step 2: Schedule a Meeting**\n\nClick on the ""Meetings"" tab and select ""Schedule a Meeting"" from the drop-down menu. Fill in the required information, including:\n\n* Meeting topic\n* Start and end time\n* Duration\n* Invitees (add email addresses or names from the company directory)\n\n**Step 3: Configure Audio Settings**\n\nIn the ""Audio"" section, select ""Cisco Webex Audio"" as the default audio type. You can also choose to allow participants to join via phone or VoIP.\n\n**Step 4: Set Up Video Settings (Optional)**\n\nIf you want to enable video conferencing, click on the ""Video"" tab and select ""Cisco Webex Video"" as the default video type. You can also choose to allow participants to join via video.\n\n**Step 5: Add Agenda and Notes (Optional)**\n\nYou can add an agenda and notes to the meeting invitation by clicking on the ""Agenda"" tab. This information will be visible to all invitees.\n\n**Step 6: Send Invitations**\n\nClick ""Schedule"" to send the meeting invitation to all invite\n\nssues during the meeting, try restarting your audio or video settings or contacting the IT helpdesk for assistance.\n\nBy following these steps, you can successfully set up and host a conference call on Cisco Webex. If you have any further questions or issues, please contact the IT helpdesk for assistance.\n\na"" tab. This information will be visible to all invitees.\n\n**Step 6: Send Invitations**\n\nClick ""Schedule"" to send the meeting invitation to all invitees. The invitation will include a link to join the meeting, as well as dial-in information for audio-only participants.\n\n**Step 7: Start the Meeting**\n\nAt the scheduled start time, click on the ""Start"" button to begin the conference call. As the host, you will be prompted to enter your audio and video settings before joining the meeting.\n\n**Tips and Best Practices**\n\n* Make sure to test your audio and video settings before the meeting to ensure a smooth experience.\n* Encourage invitees to join the meeting 5-10 minutes early to troubleshoot any technical issues.\n* Use the ""Mute"" feature to minimize background noise and ensure clear audio.\n* Use the ""Share"" feature to share your screen or presentations with participants.\n\n**Troubleshooting**\n\n* If you encounter issues joining the meeting, try restarting your browser or checking your internet connection.\n* If you experience audio or video issues during the meeting, try restarting your audio or video settings or contacting the IT helpdesk for assistance.\n\nBy following these steps, you can\n\n(SSID). Enable WPA2-PSK or WPA3-PSK encryption and set the password created in Step 3. Save your changes.\n\n**Step 5: Set Up a Guest Network (Optional)**\n\nIf you need to provide wireless access to guests or visitors, set up a separate guest network. This will isolate your main network from potential security risks. Configure the guest network with a different SSID and password.\n\n**Step 6: Configure Firewall Settings**\n\nEnable the firewall on your router and configure it to block incoming and outgoing traffic on unnecessary ports. Restrict access to your network by only allowing necessary incoming traffic.\n\n**Step 7: Set Up Quality of Service (QoS)**\n\nConfigure QoS settings on your router to prioritize critical network traffic, such as video conferencing or VoIP calls. This ensures that critical applications receive sufficient bandwidth.\n\n**Step 8: Implement Network Segmentation**\n\nSegment your network into different zones or subnets to restrict access to sensitive areas of your network. This limits the spread of malware or unauthorized access in case of a breach.\n\n**Step 9: Regularly Update Your Router\'s Firmware**\n\nRegularly check for and install firmware updates for your router to', 'row_id_for_gt': 4, 'retrieval_chunk_ids': ['row::4__chunk::0', 'row::4__chunk::2', 'row::4__chunk::1', 'row::7__chunk::1'], 'retrieval_row_ids': [4, 4, 4, 7], 'retrieval_scores': [31.3037687004, 26.848242268, 23.0509343235, 9.1081086602], 'top_k': 4}",,,s-d892cf09748a,,v1,"Query: {query}

Context:
{context}

Answer:"
invocation [adk_rag_minimal],CHAIN,,2025-08-17 20:15:15.759852+00:00,2025-08-17 20:15:17.809975+00:00,OK,,[],141b7e8367c39b69,24c38007b3266c37b7ca5466a6d00819,u,application/json,CHAIN,application/json,,,,,,,"{""user_id"": ""u"", ""session_id"": ""s-d892cf09748a"", ""new_message"": {""parts"": [{""text"": ""Query: How do I set up a conference call on Cisco Webex with both video and audio for a meeting with multiple participants?\n\nContext:\nTo set up a conference call on Cisco Webex, follow these steps:\n\n**Step 1: Log in to Cisco Webex**\n\nOpen a web browser and navigate to [company Webex URL]. Enter your company login credentials to access the Webex portal.\n\n**Step 2: Schedule a Meeting**\n\nClick on the \""Meetings\"" tab and select \""Schedule a Meeting\"" from the drop-down menu. Fill in the required information, including:\n\n* Meeting topic\n* Start and end time\n* Duration\n* Invitees (add email addresses or names from the company directory)\n\n**Step 3: Configure Audio Settings**\n\nIn the \""Audio\"" section, select \""Cisco Webex Audio\"" as the default audio type. You can also choose to allow participants to join via phone or VoIP.\n\n**Step 4: Set Up Video Settings (Optional)**\n\nIf you want to enable video conferencing, click on the \""Video\"" tab and select \""Cisco Webex Video\"" as the default video type. You can also choose to allow participants to join via video.\n\n**Step 5: Add Agenda and Notes (Optional)**\n\nYou can add an agenda and notes to the meeting invitation by clicking on the \""Agenda\"" tab. This information will be visible to all invitees.\n\n**Step 6: Send Invitations**\n\nClick \""Schedule\"" to send the meeting invitation to all invite\n\nssues during the meeting, try restarting your audio or video settings or contacting the IT helpdesk for assistance.\n\nBy following these steps, you can successfully set up and host a conference call on Cisco Webex. If you have any further questions or issues, please contact the IT helpdesk for assistance.\n\na\"" tab. This information will be visible to all invitees.\n\n**Step 6: Send Invitations**\n\nClick \""Schedule\"" to send the meeting invitation to all invitees. The invitation will include a link to join the meeting, as well as dial-in information for audio-only participants.\n\n**Step 7: Start the Meeting**\n\nAt the scheduled start time, click on the \""Start\"" button to begin the conference call. As the host, you will be prompted to enter your audio and video settings before joining the meeting.\n\n**Tips and Best Practices**\n\n* Make sure to test your audio and video settings before the meeting to ensure a smooth experience.\n* Encourage invitees to join the meeting 5-10 minutes early to troubleshoot any technical issues.\n* Use the \""Mute\"" feature to minimize background noise and ensure clear audio.\n* Use the \""Share\"" feature to share your screen or presentations with participants.\n\n**Troubleshooting**\n\n* If you encounter issues joining the meeting, try restarting your browser or checking your internet connection.\n* If you experience audio or video issues during the meeting, try restarting your audio or video settings or contacting the IT helpdesk for assistance.\n\nBy following these steps, you can\n\n(SSID). Enable WPA2-PSK or WPA3-PSK encryption and set the password created in Step 3. Save your changes.\n\n**Step 5: Set Up a Guest Network (Optional)**\n\nIf you need to provide wireless access to guests or visitors, set up a separate guest network. This will isolate your main network from potential security risks. Configure the guest network with a different SSID and password.\n\n**Step 6: Configure Firewall Settings**\n\nEnable the firewall on your router and configure it to block incoming and outgoing traffic on unnecessary ports. Restrict access to your network by only allowing necessary incoming traffic.\n\n**Step 7: Set Up Quality of Service (QoS)**\n\nConfigure QoS settings on your router to prioritize critical network traffic, such as video conferencing or VoIP calls. This ensures that critical applications receive sufficient bandwidth.\n\n**Step 8: Implement Network Segmentation**\n\nSegment your network into different zones or subnets to restrict access to sensitive areas of your network. This limits the spread of malware or unauthorized access in case of a breach.\n\n**Step 9: Regularly Update Your Router's Firmware**\n\nRegularly check for and install firmware updates for your router to\n\nAnswer:""}], ""role"": ""user""}, ""run_config"": {""save_input_blobs_as_artifacts"": false, ""support_cfc"": false, ""streaming_mode"": ""StreamingMode.NONE"", ""max_llm_calls"": 500}}",,"{""content"":{""parts"":[{""text"":""1.  Log in to Cisco Webex.\n2.  Schedule a meeting, including the topic, start/end time, duration, and invitees.\n3.  In the \""Audio\"" section, select \""Cisco Webex Audio\"" as the default audio type.\n4.  To enable video, click on the \""Video\"" tab and select \""Cisco Webex Video\"" as the default video type.\n5.  Add an agenda and notes to the meeting invitation by clicking on the \""Agenda\"" tab.\n6.  Click \""Schedule\"" to send the meeting invitation to all invitees.\n7.  At the scheduled start time, click on the \""Start\"" button to begin the conference call.""}],""role"":""model""},""usage_metadata"":{""candidates_token_count"":149,""candidates_tokens_details"":[{""modality"":""TEXT"",""token_count"":149}],""prompt_token_count"":966,""prompt_tokens_details"":[{""modality"":""TEXT"",""token_count"":966}],""total_token_count"":1115,""traffic_type"":""ON_DEMAND""},""invocation_id"":""e-1f981657-80c1-4a0d-8fd8-ad25657627f6"",""author"":""adk_rag_minimal_agent"",""actions"":{""state_delta"":{},""artifact_delta"":{},""requested_auth_configs"":{}},""id"":""PFgmgr0E"",""timestamp"":1755461715.760818}","{'query': 'How do I set up a conference call on Cisco Webex with both video and audio for a meeting with multiple participants?', 'context': 'To set up a conference call on Cisco Webex, follow these steps:\n\n**Step 1: Log in to Cisco Webex**\n\nOpen a web browser and navigate to [company Webex URL]. Enter your company login credentials to access the Webex portal.\n\n**Step 2: Schedule a Meeting**\n\nClick on the ""Meetings"" tab and select ""Schedule a Meeting"" from the drop-down menu. Fill in the required information, including:\n\n* Meeting topic\n* Start and end time\n* Duration\n* Invitees (add email addresses or names from the company directory)\n\n**Step 3: Configure Audio Settings**\n\nIn the ""Audio"" section, select ""Cisco Webex Audio"" as the default audio type. You can also choose to allow participants to join via phone or VoIP.\n\n**Step 4: Set Up Video Settings (Optional)**\n\nIf you want to enable video conferencing, click on the ""Video"" tab and select ""Cisco Webex Video"" as the default video type. You can also choose to allow participants to join via video.\n\n**Step 5: Add Agenda and Notes (Optional)**\n\nYou can add an agenda and notes to the meeting invitation by clicking on the ""Agenda"" tab. This information will be visible to all invitees.\n\n**Step 6: Send Invitations**\n\nClick ""Schedule"" to send the meeting invitation to all invite\n\nssues during the meeting, try restarting your audio or video settings or contacting the IT helpdesk for assistance.\n\nBy following these steps, you can successfully set up and host a conference call on Cisco Webex. If you have any further questions or issues, please contact the IT helpdesk for assistance.\n\na"" tab. This information will be visible to all invitees.\n\n**Step 6: Send Invitations**\n\nClick ""Schedule"" to send the meeting invitation to all invitees. The invitation will include a link to join the meeting, as well as dial-in information for audio-only participants.\n\n**Step 7: Start the Meeting**\n\nAt the scheduled start time, click on the ""Start"" button to begin the conference call. As the host, you will be prompted to enter your audio and video settings before joining the meeting.\n\n**Tips and Best Practices**\n\n* Make sure to test your audio and video settings before the meeting to ensure a smooth experience.\n* Encourage invitees to join the meeting 5-10 minutes early to troubleshoot any technical issues.\n* Use the ""Mute"" feature to minimize background noise and ensure clear audio.\n* Use the ""Share"" feature to share your screen or presentations with participants.\n\n**Troubleshooting**\n\n* If you encounter issues joining the meeting, try restarting your browser or checking your internet connection.\n* If you experience audio or video issues during the meeting, try restarting your audio or video settings or contacting the IT helpdesk for assistance.\n\nBy following these steps, you can\n\n(SSID). Enable WPA2-PSK or WPA3-PSK encryption and set the password created in Step 3. Save your changes.\n\n**Step 5: Set Up a Guest Network (Optional)**\n\nIf you need to provide wireless access to guests or visitors, set up a separate guest network. This will isolate your main network from potential security risks. Configure the guest network with a different SSID and password.\n\n**Step 6: Configure Firewall Settings**\n\nEnable the firewall on your router and configure it to block incoming and outgoing traffic on unnecessary ports. Restrict access to your network by only allowing necessary incoming traffic.\n\n**Step 7: Set Up Quality of Service (QoS)**\n\nConfigure QoS settings on your router to prioritize critical network traffic, such as video conferencing or VoIP calls. This ensures that critical applications receive sufficient bandwidth.\n\n**Step 8: Implement Network Segmentation**\n\nSegment your network into different zones or subnets to restrict access to sensitive areas of your network. This limits the spread of malware or unauthorized access in case of a breach.\n\n**Step 9: Regularly Update Your Router\'s Firmware**\n\nRegularly check for and install firmware updates for your router to', 'row_id_for_gt': 4, 'retrieval_chunk_ids': ['row::4__chunk::0', 'row::4__chunk::2', 'row::4__chunk::1', 'row::7__chunk::1'], 'retrieval_row_ids': [4, 4, 4, 7], 'retrieval_scores': [31.3037687004, 26.848242268, 23.0509343235, 9.1081086602], 'top_k': 4}",,,s-d892cf09748a,,v1,"Query: {query}

Context:
{context}

Answer:"
call_llm,LLM,e722faee956ac397,2025-08-17 20:15:17.813128+00:00,2025-08-17 20:15:19.650789+00:00,OK,,[],5d8c9c0da7c06447,2c258e6934d8a3dfdf6f203a4bfa0b9e,u,application/json,LLM,application/json,"[{'message.role': 'system', 'message.content': 'You are a strict RAG agent. Use only the provided context. If the context does not contain the answer, reply that you don\'t know. Do not include any internal IDs or citations in your answer. Be concise.\n\nYou are an agent. Your internal name is ""adk_rag_minimal_agent"".\n\n The description about you is ""Minimal RAG over CSV corpus""'}, {'message.role': 'user', 'message.contents': [{'message_content.type': 'text', 'message_content.text': ""Query: How do I back up my important work files to prevent data loss?\n\nContext:\n**Creating a Backup of Important Files**\n\nBacking up important files is a crucial step in protecting your data from loss or corruption. This article will guide you through the process of creating a backup of your important files.\n\n**Step 1: Identify Important Files**\n\nThe first step in creating a backup is to identify the important files that need to be backed up. These may include documents, spreadsheets, presentations, and other files that are critical to your work. Make a list of the files and folders that you need to back up.\n\n**Step 2: Choose a Backup Method**\n\nThere are several ways to back up your files, including:\n\n* **External Hard Drive**: Connect an external hard drive to your computer and copy your important files to it.\n* **Cloud Backup**: Use a cloud backup service such as OneDrive, Google Drive, or Dropbox to store your files online.\n* **Network Share**: Save your files to a network share or a shared drive on your company's network.\n* **USB Drive**: Use a USB drive to store your important files.\n\nChoose a backup method that works best for you and your needs.\n\n**Step 3: Connect Your Backup Device**\n\nIf you are using an external hard drive or USB drive, connect it to y\n\nthat works best for you and your needs.\n\n**Step 3: Connect Your Backup Device**\n\nIf you are using an external hard drive or USB drive, connect it to your computer. If you are using a cloud backup service, log in to your account and ensure that you have sufficient storage space.\n\n**Step 4: Copy Your Files**\n\nCopy your important files to your chosen backup device. Make sure to copy all the files and folders that you identified in Step 1.\n\n**Step 5: Verify Your Backup**\n\nOnce you have copied your files, verify that they have been backed up successfully. Check the contents of your backup device to ensure that all files are present and can be opened.\n\n**Step 6: Schedule Regular Backups**\n\nTo ensure that your important files are always up to date, schedule regular backups. You can set up your backup software to run automatically at a specified time each day or week.\n\n**Additional Tips**\n\n* **Backup Frequency**: Aim to backup your important files at least once a week, or more frequently if you work with sensitive or critical data.\n* **Backup Location**: Store your backup device in a safe location, away from your computer and other electronic devices.\n* **Versioning**: Consider using a bac\n\n Location**: Store your backup device in a safe location, away from your computer and other electronic devices.\n* **Versioning**: Consider using a backup software that supports versioning, which allows you to keep multiple versions of your files in case you need to recover a previous version.\n\nBy following these steps, you can ensure that your important files are safely backed up and protected from loss or corruption.\n\n**Resetting a Jammed Printer**\n\n**Step 1: Turn Off the Printer**\n\nImmediately turn off the printer to prevent any further damage or paper jams. Locate the power button, usually found on the top or front of the printer, and press it to shut down the device.\n\n**Step 2: Open the Printer**\n\nLocate the printer's access panel, which varies depending on the printer model. Common locations include the top, front, or back of the printer. Open the panel by pressing the release latch or sliding it open. This will give you access to the internal mechanisms.\n\n**Step 3: Identify and Remove Jammed Paper**\n\nCarefully inspect the printer's internal mechanisms to locate the jammed paper. Gently pull out any visible paper scraps or torn pieces. Be cautious not to touch any internal components or rollers, as oils from your skin can cause damage.\n\n**Step 4: Check for Obstructions**\n\nInspect the printer's paper path, including the paper tray, rollers, and print head, for any obstructions or debris. Remove any dust, dirt, or other blockages that may be contributing to the jam.\n\n**Step 5: Realign the Paper Tray**\n\nIf the paper tray was dislodged during the jam, realign it according to the manufacturer's i\n\nAnswer:""}]}]","{'vertex': {'agent': {'llm_response': '{""content"":{""parts"":[{""text"":""To back up your important work files, you should:\\n\\n1.  Identify the important files.\\n2.  Choose a backup method like an external hard drive, cloud backup, network share, or USB drive.\\n3.  Connect your backup device.\\n4.  Copy your files to the backup device.\\n5.  Verify that the backup was successful.\\n6.  Schedule regular backups.\\n\\nIt is also recommended to back up your files at least once a week and store your backup device in a safe location. Consider using backup software that supports versioning.\\n""}],""role"":""model""},""usage_metadata"":{""candidates_token_count"":119,""candidates_tokens_details"":[{""modality"":""TEXT"",""token_count"":119}],""prompt_token_count"":982,""prompt_tokens_details"":[{""modality"":""TEXT"",""token_count"":982}],""total_token_count"":1101,""traffic_type"":""ON_DEMAND""}}', 'llm_request': '{""model"": ""gemini-2.0-flash"", ""config"": {""system_instruction"": ""You are a strict RAG agent. Use only the provided context. If the context does not contain the answer, reply that you don\'t know. Do not include any internal IDs or citations in your answer. Be concise.\\n\\nYou are an agent. Your internal name is \\""adk_rag_minimal_agent\\"".\\n\\n The description about you is \\""Minimal RAG over CSV corpus\\"""", ""temperature"": 0.0, ""labels"": {""adk_agent_name"": ""adk_rag_minimal_agent""}}, ""contents"": [{""parts"": [{""text"": ""Query: How do I back up my important work files to prevent data loss?\\n\\nContext:\\n**Creating a Backup of Important Files**\\n\\nBacking up important files is a crucial step in protecting your data from loss or corruption. This article will guide you through the process of creating a backup of your important files.\\n\\n**Step 1: Identify Important Files**\\n\\nThe first step in creating a backup is to identify the important files that need to be backed up. These may include documents, spreadsheets, presentations, and other files that are critical to your work. Make a list of the files and folders that you need to back up.\\n\\n**Step 2: Choose a Backup Method**\\n\\nThere are several ways to back up your files, including:\\n\\n* **External Hard Drive**: Connect an external hard drive to your computer and copy your important files to it.\\n* **Cloud Backup**: Use a cloud backup service such as OneDrive, Google Drive, or Dropbox to store your files online.\\n* **Network Share**: Save your files to a network share or a shared drive on your company\'s network.\\n* **USB Drive**: Use a USB drive to store your important files.\\n\\nChoose a backup method that works best for you and your needs.\\n\\n**Step 3: Connect Your Backup Device**\\n\\nIf you are using an external hard drive or USB drive, connect it to y\\n\\nthat works best for you and your needs.\\n\\n**Step 3: Connect Your Backup Device**\\n\\nIf you are using an external hard drive or USB drive, connect it to your computer. If you are using a cloud backup service, log in to your account and ensure that you have sufficient storage space.\\n\\n**Step 4: Copy Your Files**\\n\\nCopy your important files to your chosen backup device. Make sure to copy all the files and folders that you identified in Step 1.\\n\\n**Step 5: Verify Your Backup**\\n\\nOnce you have copied your files, verify that they have been backed up successfully. Check the contents of your backup device to ensure that all files are present and can be opened.\\n\\n**Step 6: Schedule Regular Backups**\\n\\nTo ensure that your important files are always up to date, schedule regular backups. You can set up your backup software to run automatically at a specified time each day or week.\\n\\n**Additional Tips**\\n\\n* **Backup Frequency**: Aim to backup your important files at least once a week, or more frequently if you work with sensitive or critical data.\\n* **Backup Location**: Store your backup device in a safe location, away from your computer and other electronic devices.\\n* **Versioning**: Consider using a bac\\n\\n Location**: Store your backup device in a safe location, away from your computer and other electronic devices.\\n* **Versioning**: Consider using a backup software that supports versioning, which allows you to keep multiple versions of your files in case you need to recover a previous version.\\n\\nBy following these steps, you can ensure that your important files are safely backed up and protected from loss or corruption.\\n\\n**Resetting a Jammed Printer**\\n\\n**Step 1: Turn Off the Printer**\\n\\nImmediately turn off the printer to prevent any further damage or paper jams. Locate the power button, usually found on the top or front of the printer, and press it to shut down the device.\\n\\n**Step 2: Open the Printer**\\n\\nLocate the printer\'s access panel, which varies depending on the printer model. Common locations include the top, front, or back of the printer. Open the panel by pressing the release latch or sliding it open. This will give you access to the internal mechanisms.\\n\\n**Step 3: Identify and Remove Jammed Paper**\\n\\nCarefully inspect the printer\'s internal mechanisms to locate the jammed paper. Gently pull out any visible paper scraps or torn pieces. Be cautious not to touch any internal components or rollers, as oils from your skin can cause damage.\\n\\n**Step 4: Check for Obstructions**\\n\\nInspect the printer\'s paper path, including the paper tray, rollers, and print head, for any obstructions or debris. Remove any dust, dirt, or other blockages that may be contributing to the jam.\\n\\n**Step 5: Realign the Paper Tray**\\n\\nIf the paper tray was dislodged during the jam, realign it according to the manufacturer\'s i\\n\\nAnswer:""}], ""role"": ""user""}]}', 'session_id': 's-15b4a092cfef', 'invocation_id': 'e-1f472f0b-72a2-413d-bcda-cdb6a4d40773', 'event_id': 'c6qxCMmU'}}}","{""system_instruction"":""You are a strict RAG agent. Use only the provided context. If the context does not contain the answer, reply that you don't know. Do not include any internal IDs or citations in your answer. Be concise.\n\nYou are an agent. Your internal name is \""adk_rag_minimal_agent\"".\n\n The description about you is \""Minimal RAG over CSV corpus\"""",""temperature"":0.0,""labels"":{""adk_agent_name"":""adk_rag_minimal_agent""}}",1101.0,119.0,"{'system': 'gcp.vertex.agent', 'request': {'model': 'gemini-2.0-flash'}}","{""model"": ""gemini-2.0-flash"", ""config"": {""system_instruction"": ""You are a strict RAG agent. Use only the provided context. If the context does not contain the answer, reply that you don't know. Do not include any internal IDs or citations in your answer. Be concise.\n\nYou are an agent. Your internal name is \""adk_rag_minimal_agent\"".\n\n The description about you is \""Minimal RAG over CSV corpus\"""", ""temperature"": 0.0, ""labels"": {""adk_agent_name"": ""adk_rag_minimal_agent""}}, ""contents"": [{""parts"": [{""text"": ""Query: How do I back up my important work files to prevent data loss?\n\nContext:\n**Creating a Backup of Important Files**\n\nBacking up important files is a crucial step in protecting your data from loss or corruption. This article will guide you through the process of creating a backup of your important files.\n\n**Step 1: Identify Important Files**\n\nThe first step in creating a backup is to identify the important files that need to be backed up. These may include documents, spreadsheets, presentations, and other files that are critical to your work. Make a list of the files and folders that you need to back up.\n\n**Step 2: Choose a Backup Method**\n\nThere are several ways to back up your files, including:\n\n* **External Hard Drive**: Connect an external hard drive to your computer and copy your important files to it.\n* **Cloud Backup**: Use a cloud backup service such as OneDrive, Google Drive, or Dropbox to store your files online.\n* **Network Share**: Save your files to a network share or a shared drive on your company's network.\n* **USB Drive**: Use a USB drive to store your important files.\n\nChoose a backup method that works best for you and your needs.\n\n**Step 3: Connect Your Backup Device**\n\nIf you are using an external hard drive or USB drive, connect it to y\n\nthat works best for you and your needs.\n\n**Step 3: Connect Your Backup Device**\n\nIf you are using an external hard drive or USB drive, connect it to your computer. If you are using a cloud backup service, log in to your account and ensure that you have sufficient storage space.\n\n**Step 4: Copy Your Files**\n\nCopy your important files to your chosen backup device. Make sure to copy all the files and folders that you identified in Step 1.\n\n**Step 5: Verify Your Backup**\n\nOnce you have copied your files, verify that they have been backed up successfully. Check the contents of your backup device to ensure that all files are present and can be opened.\n\n**Step 6: Schedule Regular Backups**\n\nTo ensure that your important files are always up to date, schedule regular backups. You can set up your backup software to run automatically at a specified time each day or week.\n\n**Additional Tips**\n\n* **Backup Frequency**: Aim to backup your important files at least once a week, or more frequently if you work with sensitive or critical data.\n* **Backup Location**: Store your backup device in a safe location, away from your computer and other electronic devices.\n* **Versioning**: Consider using a bac\n\n Location**: Store your backup device in a safe location, away from your computer and other electronic devices.\n* **Versioning**: Consider using a backup software that supports versioning, which allows you to keep multiple versions of your files in case you need to recover a previous version.\n\nBy following these steps, you can ensure that your important files are safely backed up and protected from loss or corruption.\n\n**Resetting a Jammed Printer**\n\n**Step 1: Turn Off the Printer**\n\nImmediately turn off the printer to prevent any further damage or paper jams. Locate the power button, usually found on the top or front of the printer, and press it to shut down the device.\n\n**Step 2: Open the Printer**\n\nLocate the printer's access panel, which varies depending on the printer model. Common locations include the top, front, or back of the printer. Open the panel by pressing the release latch or sliding it open. This will give you access to the internal mechanisms.\n\n**Step 3: Identify and Remove Jammed Paper**\n\nCarefully inspect the printer's internal mechanisms to locate the jammed paper. Gently pull out any visible paper scraps or torn pieces. Be cautious not to touch any internal components or rollers, as oils from your skin can cause damage.\n\n**Step 4: Check for Obstructions**\n\nInspect the printer's paper path, including the paper tray, rollers, and print head, for any obstructions or debris. Remove any dust, dirt, or other blockages that may be contributing to the jam.\n\n**Step 5: Realign the Paper Tray**\n\nIf the paper tray was dislodged during the jam, realign it according to the manufacturer's i\n\nAnswer:""}], ""role"": ""user""}]}",982.0,"{""content"":{""parts"":[{""text"":""To back up your important work files, you should:\n\n1.  Identify the important files.\n2.  Choose a backup method like an external hard drive, cloud backup, network share, or USB drive.\n3.  Connect your backup device.\n4.  Copy your files to the backup device.\n5.  Verify that the backup was successful.\n6.  Schedule regular backups.\n\nIt is also recommended to back up your files at least once a week and store your backup device in a safe location. Consider using backup software that supports versioning.\n""}],""role"":""model""},""usage_metadata"":{""candidates_token_count"":119,""candidates_tokens_details"":[{""modality"":""TEXT"",""token_count"":119}],""prompt_token_count"":982,""prompt_tokens_details"":[{""modality"":""TEXT"",""token_count"":982}],""total_token_count"":1101,""traffic_type"":""ON_DEMAND""}}","{'query': 'How do I back up my important work files to prevent data loss?', 'context': ""**Creating a Backup of Important Files**\n\nBacking up important files is a crucial step in protecting your data from loss or corruption. This article will guide you through the process of creating a backup of your important files.\n\n**Step 1: Identify Important Files**\n\nThe first step in creating a backup is to identify the important files that need to be backed up. These may include documents, spreadsheets, presentations, and other files that are critical to your work. Make a list of the files and folders that you need to back up.\n\n**Step 2: Choose a Backup Method**\n\nThere are several ways to back up your files, including:\n\n* **External Hard Drive**: Connect an external hard drive to your computer and copy your important files to it.\n* **Cloud Backup**: Use a cloud backup service such as OneDrive, Google Drive, or Dropbox to store your files online.\n* **Network Share**: Save your files to a network share or a shared drive on your company's network.\n* **USB Drive**: Use a USB drive to store your important files.\n\nChoose a backup method that works best for you and your needs.\n\n**Step 3: Connect Your Backup Device**\n\nIf you are using an external hard drive or USB drive, connect it to y\n\nthat works best for you and your needs.\n\n**Step 3: Connect Your Backup Device**\n\nIf you are using an external hard drive or USB drive, connect it to your computer. If you are using a cloud backup service, log in to your account and ensure that you have sufficient storage space.\n\n**Step 4: Copy Your Files**\n\nCopy your important files to your chosen backup device. Make sure to copy all the files and folders that you identified in Step 1.\n\n**Step 5: Verify Your Backup**\n\nOnce you have copied your files, verify that they have been backed up successfully. Check the contents of your backup device to ensure that all files are present and can be opened.\n\n**Step 6: Schedule Regular Backups**\n\nTo ensure that your important files are always up to date, schedule regular backups. You can set up your backup software to run automatically at a specified time each day or week.\n\n**Additional Tips**\n\n* **Backup Frequency**: Aim to backup your important files at least once a week, or more frequently if you work with sensitive or critical data.\n* **Backup Location**: Store your backup device in a safe location, away from your computer and other electronic devices.\n* **Versioning**: Consider using a bac\n\n Location**: Store your backup device in a safe location, away from your computer and other electronic devices.\n* **Versioning**: Consider using a backup software that supports versioning, which allows you to keep multiple versions of your files in case you need to recover a previous version.\n\nBy following these steps, you can ensure that your important files are safely backed up and protected from loss or corruption.\n\n**Resetting a Jammed Printer**\n\n**Step 1: Turn Off the Printer**\n\nImmediately turn off the printer to prevent any further damage or paper jams. Locate the power button, usually found on the top or front of the printer, and press it to shut down the device.\n\n**Step 2: Open the Printer**\n\nLocate the printer's access panel, which varies depending on the printer model. Common locations include the top, front, or back of the printer. Open the panel by pressing the release latch or sliding it open. This will give you access to the internal mechanisms.\n\n**Step 3: Identify and Remove Jammed Paper**\n\nCarefully inspect the printer's internal mechanisms to locate the jammed paper. Gently pull out any visible paper scraps or torn pieces. Be cautious not to touch any internal components or rollers, as oils from your skin can cause damage.\n\n**Step 4: Check for Obstructions**\n\nInspect the printer's paper path, including the paper tray, rollers, and print head, for any obstructions or debris. Remove any dust, dirt, or other blockages that may be contributing to the jam.\n\n**Step 5: Realign the Paper Tray**\n\nIf the paper tray was dislodged during the jam, realign it according to the manufacturer's i"", 'row_id_for_gt': 5, 'retrieval_chunk_ids': ['row::5__chunk::0', 'row::5__chunk::1', 'row::5__chunk::2', 'row::8__chunk::0'], 'retrieval_row_ids': [5, 5, 5, 8], 'retrieval_scores': [15.929862415, 10.6065732186, 9.6222549494, 7.3057022062], 'top_k': 4}",google,gemini-2.0-flash,s-15b4a092cfef,"[{'message.role': 'model', 'message.contents': [{'message_content.type': 'text', 'message_content.text': 'To back up your important work files, you should:\n\n1.  Identify the important files.\n2.  Choose a backup method like an external hard drive, cloud backup, network share, or USB drive.\n3.  Connect your backup device.\n4.  Copy your files to the backup device.\n5.  Verify that the backup was successful.\n6.  Schedule regular backups.\n\nIt is also recommended to back up your files at least once a week and store your backup device in a safe location. Consider using backup software that supports versioning.\n'}]}]",v1,"Query: {query}

Context:
{context}

Answer:"
